=========================================================
*                                                       *
*  Samples: 2.56e+02; epsilon: 3.1938e-02; varepson:3.1938e-02 *
*                                                       *
=========================================================
     Iter   search_dire    stepsize    KKT_inf    eKKT_inf    KKT-eKKT      merit     e_merit     mrt-emrt      rank          f           c           ec        c-ec         tau    
initial    0.0000e+00  0.0000e+00  5.3080e+00  5.3040e+00  +3.9788e-03  +4.4955e+00  +4.5307e+00  -3.5224e-02        1    +1.9759e+00  4.2979e+00  4.3331e+00  -3.5224e-02  1.0000e-01  
      1    5.3080e+00  3.9062e-03  4.2436e+00  4.2063e+00  +3.7296e-02  +4.3787e+00  +4.3414e+00  +3.7296e-02        1    +1.3511e+00  4.2436e+00  4.2063e+00  +3.7296e-02  1.0000e-01  
      2    3.6927e+00  3.9062e-03  4.2197e+00  4.2242e+00  -4.5464e-03  +4.2925e+00  +4.2971e+00  -4.5464e-03        1    +7.2871e-01  4.2197e+00  4.2242e+00  -4.5464e-03  1.0000e-01  
      3    2.7859e+00  3.9062e-03  4.1957e+00  4.1666e+00  +2.9042e-02  +4.2349e+00  +4.2058e+00  +2.9042e-02        1    +3.9230e-01  4.1957e+00  4.1666e+00  +2.9042e-02  1.0000e-01  
      4    1.6835e+00  3.9062e-03  4.1801e+00  4.1670e+00  +1.3108e-02  +4.2044e+00  +4.1913e+00  +1.3108e-02        1    +2.4302e-01  4.1801e+00  4.1670e+00  +1.3108e-02  1.0000e-01  
      5    1.0459e+00  7.8125e-03  4.1423e+00  4.1037e+00  +3.8557e-02  +4.1851e+00  +4.1465e+00  +3.8557e-02        1    +4.2799e-01  4.1423e+00  4.1037e+00  +3.8557e-02  1.0000e-01  
      6    1.9908e+00  3.9062e-03  4.1276e+00  4.1099e+00  +1.7655e-02  +4.1479e+00  +4.1303e+00  +1.7655e-02        1    +2.0380e-01  4.1276e+00  4.1099e+00  +1.7655e-02  1.0000e-01  
      7    1.1838e+00  7.8125e-03  4.0915e+00  4.0460e+00  +4.5512e-02  +4.1419e+00  +4.0964e+00  +4.5512e-02        1    +5.0423e-01  4.0915e+00  4.0460e+00  +4.5512e-02  1.0000e-01  
      8    2.2638e+00  3.9062e-03  4.0777e+00  4.0564e+00  +2.1272e-02  +4.0960e+00  +4.0747e+00  +2.1272e-02        1    +1.8310e-01  4.0777e+00  4.0564e+00  +2.1272e-02  1.0000e-01  
      9    1.2154e+00  7.8125e-03  4.0437e+00  3.9944e+00  +4.9302e-02  +4.0953e+00  +4.0460e+00  +4.9302e-02        1    +5.1557e-01  4.0437e+00  3.9944e+00  +4.9302e-02  1.0000e-01  
     10    2.2898e+00  3.9062e-03  4.0306e+00  4.0057e+00  +2.4864e-02  +4.0454e+00  +4.0206e+00  +2.4864e-02        1    +1.4815e-01  4.0306e+00  4.0057e+00  +2.4864e-02  1.0000e-01  
     11    1.0945e+00  7.8125e-03  3.9982e+00  3.9484e+00  +4.9800e-02  +4.0396e+00  +3.9898e+00  +4.9800e-02        1    +4.1390e-01  3.9982e+00  3.9484e+00  +4.9800e-02  1.0000e-01  
     12    2.0408e+00  3.9062e-03  3.9851e+00  3.9566e+00  +2.8450e-02  +3.9953e+00  +3.9669e+00  +2.8450e-02        1    +1.0217e-01  3.9851e+00  3.9566e+00  +2.8450e-02  1.0000e-01  
     13    8.7222e-01  7.8125e-03  3.9535e+00  3.9053e+00  +4.8229e-02  +3.9802e+00  +3.9320e+00  +4.8229e-02        1    +2.6693e-01  3.9535e+00  3.9053e+00  +4.8229e-02  1.0000e-01  
     14    1.6344e+00  3.9062e-03  3.9398e+00  3.9082e+00  +3.1574e-02  +3.9462e+00  +3.9146e+00  +3.1574e-02        1    +6.3550e-02  3.9398e+00  3.9082e+00  +3.1574e-02  1.0000e-01  
     15    6.4817e-01  7.8125e-03  3.9087e+00  3.8625e+00  +4.6158e-02  +3.9239e+00  +3.8777e+00  +4.6158e-02        1    +1.5204e-01  3.9087e+00  3.8625e+00  +4.6158e-02  1.0000e-01  
     16    1.2214e+00  3.9062e-03  3.8945e+00  3.8605e+00  +3.3965e-02  +3.8983e+00  +3.8644e+00  +3.3965e-02        1    +3.8641e-02  3.8945e+00  3.8605e+00  +3.3965e-02  1.0000e-01  
     17    4.7214e-01  1.5625e-02  3.8326e+00  3.7778e+00  +5.4724e-02  +3.8776e+00  +3.8229e+00  +5.4724e-02        1    +4.5084e-01  3.8326e+00  3.7778e+00  +5.4724e-02  1.0000e-01  
     18    2.1052e+00  3.9062e-03  3.8197e+00  3.7869e+00  +3.2856e-02  +3.8269e+00  +3.7941e+00  +3.2856e-02        1    +7.2101e-02  3.8197e+00  3.7869e+00  +3.2856e-02  1.0000e-01  
     19    7.8191e-01  7.8125e-03  3.7900e+00  3.7403e+00  +4.9683e-02  +3.8096e+00  +3.7599e+00  +4.9683e-02        1    +1.9613e-01  3.7900e+00  3.7403e+00  +4.9683e-02  1.0000e-01  
     20    1.3886e+00  3.9062e-03  3.7762e+00  3.7406e+00  +3.5676e-02  +3.7794e+00  +3.7437e+00  +3.5676e-02        1    +3.1662e-02  3.7762e+00  3.7406e+00  +3.5676e-02  1.0000e-01  
     21    4.7433e-01  1.5625e-02  3.7168e+00  3.6612e+00  +5.5655e-02  +3.7613e+00  +3.7057e+00  +5.5655e-02        1    +4.4465e-01  3.7168e+00  3.6612e+00  +5.5655e-02  1.0000e-01  
     22    2.0508e+00  3.9062e-03  3.7041e+00  3.6695e+00  +3.4631e-02  +3.7093e+00  +3.6746e+00  +3.4631e-02        1    +5.1955e-02  3.7041e+00  3.6695e+00  +3.4631e-02  1.0000e-01  
     23    6.6777e-01  7.8125e-03  3.6752e+00  3.6268e+00  +4.8357e-02  +3.6881e+00  +3.6398e+00  +4.8357e-02        1    +1.2948e-01  3.6752e+00  3.6268e+00  +4.8357e-02  1.0000e-01  
     24    1.1088e+00  7.8125e-03  3.6488e+00  3.6226e+00  +2.6244e-02  +3.6806e+00  +3.6544e+00  +2.6244e-02        1    +3.1809e-01  3.6488e+00  3.6226e+00  +2.6244e-02  1.0000e-01  
     25    1.7730e+00  3.9062e-03  3.6349e+00  3.5907e+00  +4.4134e-02  +3.6382e+00  +3.5941e+00  +4.4134e-02        1    +3.3567e-02  3.6349e+00  3.5907e+00  +4.4134e-02  1.0000e-01  
     26    5.3364e-01  1.5625e-02  3.5808e+00  3.5574e+00  +2.3380e-02  +3.6271e+00  +3.6038e+00  +2.3380e-02        1    +4.6360e-01  3.5808e+00  3.5574e+00  +2.3380e-02  1.0000e-01  
     27    2.1176e+00  3.9062e-03  3.5669e+00  3.5223e+00  +4.4623e-02  +3.5707e+00  +3.5261e+00  +4.4623e-02        1    +3.7713e-02  3.5669e+00  3.5223e+00  +4.4623e-02  1.0000e-01  
     28    5.6861e-01  1.5625e-02  3.5135e+00  3.4910e+00  +2.2469e-02  +3.5650e+00  +3.5425e+00  +2.2469e-02        1    +5.1493e-01  3.5135e+00  3.4910e+00  +2.2469e-02  1.0000e-01  
     29    2.1901e+00  3.9062e-03  3.4996e+00  3.4553e+00  +4.4261e-02  +3.5027e+00  +3.4584e+00  +4.4261e-02        1    +3.1008e-02  3.4996e+00  3.4553e+00  +4.4261e-02  1.0000e-01  
     30    5.0603e-01  1.5625e-02  3.4463e+00  3.4217e+00  +2.4606e-02  +3.4856e+00  +3.4610e+00  +2.4606e-02        1    +3.9246e-01  3.4463e+00  3.4217e+00  +2.4606e-02  1.0000e-01  
     31    1.8766e+00  2.5000e-01  1.3156e+01  1.2986e+01  +1.6911e-01  +3.3017e+00  +3.5065e+00  -2.0478e-01        1    +3.0486e+01  2.5304e-01  4.5782e-01  -2.0478e-01  1.0000e-01  
     32    1.3156e+01  1.5625e-02  5.8847e+00  5.8881e+00  -3.3946e-03  +2.2436e+00  +2.3332e+00  -8.9615e-02        1    +1.2351e+01  1.0085e+00  1.0981e+00  -8.9615e-02  1.0000e-01  
     33    5.8847e+00  1.5625e-02  3.4601e+00  3.4540e+00  +6.1114e-03  +4.8856e-01  +4.1295e-01  +7.5616e-02        1    +3.8059e+00  1.0798e-01  3.2359e-02  +7.5616e-02  1.0000e-01  
     34    3.4601e+00  1.5625e-02  1.3591e+00  1.3499e+00  +9.1728e-03  +4.5250e-01  +4.6005e-01  -7.5461e-03        1    +7.6294e-01  3.7621e-01  3.8375e-01  -7.5461e-03  1.0000e-01  
     35    1.3591e+00  3.1250e-02  1.4171e+00  1.4055e+00  +1.1571e-02  +4.0140e-01  +3.7118e-01  +3.0219e-02        1    +7.6204e-01  3.2520e-01  2.9498e-01  +3.0219e-02  1.0000e-01  
     36    1.4171e+00  3.1250e-02  1.3130e+00  1.3017e+00  +1.1327e-02  +3.9435e-01  +4.0194e-01  -7.5879e-03        1    +6.6093e-01  3.2826e-01  3.3585e-01  -7.5879e-03  1.0000e-01  
     37    1.3130e+00  3.1250e-02  1.1724e+00  1.1615e+00  +1.0931e-02  +3.4509e-01  +3.1988e-01  +2.5212e-02        1    +5.4912e-01  2.9018e-01  2.6497e-01  +2.5212e-02  1.0000e-01  
     38    1.1724e+00  3.1250e-02  9.8474e-01  9.7542e-01  +9.3216e-03  +3.2328e-01  +3.2732e-01  -4.0403e-03        1    +4.1831e-01  2.8145e-01  2.8549e-01  -4.0403e-03  1.0000e-01  
     39    9.8474e-01  3.1250e-02  8.0946e-01  8.0143e-01  +8.0286e-03  +2.9377e-01  +2.7448e-01  +1.9291e-02        1    +3.2479e-01  2.6129e-01  2.4200e-01  +1.9291e-02  1.0000e-01  
     40    8.0946e-01  3.1250e-02  6.4996e-01  6.4362e-01  +6.3463e-03  +2.7534e-01  +2.7583e-01  -4.8992e-04        1    +2.4833e-01  2.5051e-01  2.5100e-01  -4.8992e-04  1.0000e-01  
     41    6.4996e-01  3.1250e-02  5.2084e-01  5.1553e-01  +5.3113e-03  +2.5931e-01  +2.4473e-01  +1.4581e-02        1    +2.0135e-01  2.3917e-01  2.2459e-01  +1.4581e-02  1.0000e-01  
     42    5.2084e-01  3.1250e-02  4.1694e-01  4.1285e-01  +4.0942e-03  +2.4662e-01  +2.4479e-01  +1.8260e-03        1    +1.6631e-01  2.2998e-01  2.2816e-01  +1.8260e-03  1.0000e-01  
     43    4.1694e-01  3.1250e-02  3.3758e-01  3.3417e-01  +3.4115e-03  +2.3640e-01  +2.2498e-01  +1.1425e-02        1    +1.4518e-01  2.2188e-01  2.1046e-01  +1.1425e-02  1.0000e-01  
     44    3.3758e-01  3.1250e-02  2.7552e-01  2.7283e-01  +2.6851e-03  +2.2690e-01  +2.2383e-01  +3.0782e-03        1    +1.2840e-01  2.1406e-01  2.1099e-01  +3.0782e-03  1.0000e-01  
     45    2.7552e-01  6.2500e-02  7.3549e-01  7.2802e-01  +7.4680e-03  +2.2499e-01  +2.0910e-01  +1.5889e-02        1    +2.5280e-01  1.9971e-01  1.8382e-01  +1.5889e-02  1.0000e-01  
     46    7.3549e-01  3.1250e-02  6.2453e-01  6.1824e-01  +6.2903e-03  +2.1225e-01  +2.1410e-01  -1.8480e-03        1    +2.0316e-01  1.9193e-01  1.9378e-01  -1.8480e-03  1.0000e-01  
     47    6.2453e-01  3.1250e-02  5.2037e-01  5.1503e-01  +5.3390e-03  +2.0129e-01  +1.8823e-01  +1.3059e-02        1    +1.6805e-01  1.8448e-01  1.7142e-01  +1.3059e-02  1.0000e-01  
     48    5.2037e-01  3.1250e-02  4.3605e-01  4.3169e-01  +4.3592e-03  +1.9186e-01  +1.9134e-01  +5.1809e-04        1    +1.4000e-01  1.7786e-01  1.7734e-01  +5.1809e-04  1.0000e-01  
     49    4.3605e-01  3.1250e-02  3.6510e-01  3.6304e-01  +2.0639e-03  +1.8431e-01  +1.7348e-01  +1.0834e-02        1    +1.2135e-01  1.7217e-01  1.6134e-01  +1.0834e-02  1.0000e-01  
     50    3.6510e-01  3.1250e-02  3.1197e-01  3.0890e-01  +3.0731e-03  +1.7684e-01  +1.7483e-01  +2.0058e-03        1    +1.0610e-01  1.6623e-01  1.6422e-01  +2.0058e-03  1.0000e-01  
     51    3.1197e-01  3.1250e-02  2.6878e-01  2.6826e-01  +5.2144e-04  +1.7089e-01  +1.6147e-01  +9.4274e-03        1    +9.5773e-02  1.6132e-01  1.5189e-01  +9.4274e-03  1.0000e-01  
     52    2.6878e-01  3.1250e-02  2.3592e-01  2.3364e-01  +2.2788e-03  +1.6452e-01  +1.6154e-01  +2.9827e-03        1    +8.6498e-02  1.5587e-01  1.5289e-01  +2.9827e-03  1.0000e-01  
     53    2.3592e-01  3.1250e-02  2.1108e-01  2.1073e-01  +3.5217e-04  +1.5937e-01  +1.5070e-01  +8.6739e-03        1    +7.9861e-02  1.5138e-01  1.4271e-01  +8.6739e-03  1.0000e-01  
     54    2.1108e-01  6.2500e-02  5.9221e-01  5.8639e-01  +5.8221e-03  +1.5638e-01  +1.5754e-01  -1.1590e-03        1    +1.5426e-01  1.4095e-01  1.4211e-01  -1.1590e-03  1.0000e-01  
     55    5.9221e-01  3.1250e-02  5.3995e-01  5.3469e-01  +5.2683e-03  +1.5176e-01  +1.3823e-01  +1.3535e-02        1    +1.3946e-01  1.3782e-01  1.2428e-01  +1.3535e-02  1.0000e-01  
     56    5.3995e-01  3.1250e-02  5.0837e-01  5.0343e-01  +4.9354e-03  +1.4653e-01  +1.4613e-01  +4.0849e-04        1    +1.2369e-01  1.3416e-01  1.3376e-01  +4.0849e-04  1.0000e-01  
     57    5.0837e-01  3.1250e-02  4.6236e-01  4.5786e-01  +4.4976e-03  +1.4242e-01  +1.2956e-01  +1.2860e-02        1    +1.1170e-01  1.3125e-01  1.1839e-01  +1.2860e-02  1.0000e-01  
     58    4.6236e-01  3.1250e-02  4.3916e-01  4.3495e-01  +4.2083e-03  +1.3765e-01  +1.3599e-01  +1.6577e-03        1    +9.9930e-02  1.2766e-01  1.2600e-01  +1.6577e-03  1.0000e-01  
     59    4.3916e-01  3.1250e-02  4.0331e-01  3.9940e-01  +3.9062e-03  +1.3409e-01  +1.2168e-01  +1.2411e-02        1    +9.1553e-02  1.2493e-01  1.1252e-01  +1.2411e-02  1.0000e-01  
     60    4.0331e-01  3.1250e-02  3.9086e-01  3.8717e-01  +3.6968e-03  +1.2979e-01  +1.2714e-01  +2.6413e-03        1    +8.3222e-02  1.2146e-01  1.1882e-01  +2.6413e-03  1.0000e-01  
     61    3.9086e-01  3.1250e-02  3.6544e-01  3.6193e-01  +3.5181e-03  +1.2669e-01  +1.1441e-01  +1.2273e-02        1    +7.7808e-02  1.1891e-01  1.0663e-01  +1.2273e-02  1.0000e-01  
     62    3.6544e-01  3.1250e-02  3.6323e-01  3.5983e-01  +3.3944e-03  +1.2287e-01  +1.1948e-01  +3.3930e-03        1    +7.2129e-02  1.1566e-01  1.1226e-01  +3.3930e-03  1.0000e-01  
     63    3.6323e-01  3.1250e-02  3.4782e-01  3.4449e-01  +3.3225e-03  +1.2020e-01  +1.0776e-01  +1.2432e-02        1    +6.9094e-02  1.1329e-01  1.0085e-01  +1.2432e-02  1.0000e-01  
     64    3.4782e-01  3.1250e-02  3.5470e-01  3.5142e-01  +3.2820e-03  +1.1689e-01  +1.1296e-01  +3.9308e-03        1    +6.5555e-02  1.1034e-01  1.0641e-01  +3.9308e-03  1.0000e-01  
     65    3.5470e-01  3.1250e-02  3.4914e-01  3.4584e-01  +3.3042e-03  +1.1466e-01  +1.0181e-01  +1.2857e-02        1    +6.4664e-02  1.0820e-01  9.5340e-02  +1.2857e-02  1.0000e-01  
     66    3.4914e-01  3.1250e-02  3.6420e-01  3.6086e-01  +3.3450e-03  +1.1194e-01  +1.0768e-01  +4.2609e-03        1    +6.3077e-02  1.0563e-01  1.0137e-01  +4.2609e-03  1.0000e-01  
     67    3.6420e-01  3.1250e-02  3.6858e-01  3.6513e-01  +3.4523e-03  +1.1025e-01  +9.6721e-02  +1.3525e-02        1    +6.4423e-02  1.0380e-01  9.0278e-02  +1.3525e-02  1.0000e-01  
     68    3.6858e-01  3.1250e-02  3.9094e-01  3.8737e-01  +3.5733e-03  +1.0821e-01  +1.0382e-01  +4.3870e-03        1    +6.4824e-02  1.0173e-01  9.7339e-02  +4.3870e-03  1.0000e-01  
     69    3.9094e-01  3.1250e-02  4.0498e-01  4.0122e-01  +3.7534e-03  +1.0719e-01  +9.2772e-02  +1.4415e-02        1    +6.8676e-02  1.0032e-01  8.5905e-02  +1.4415e-02  1.0000e-01  
     70    4.0498e-01  3.1250e-02  4.3297e-01  4.2903e-01  +3.9478e-03  +1.0598e-01  +1.0165e-01  +4.3263e-03        1    +7.1102e-02  9.8868e-02  9.4542e-02  +4.3263e-03  1.0000e-01  
     71    4.3297e-01  3.1250e-02  4.5466e-01  4.5048e-01  +4.1729e-03  +1.0575e-01  +9.0277e-02  +1.5471e-02        1    +7.7485e-02  9.8000e-02  8.2529e-02  +1.5471e-02  1.0000e-01  
     72    4.5466e-01  3.1250e-02  4.8461e-01  4.8019e-01  +4.4162e-03  +1.0547e-01  +1.0133e-01  +4.1354e-03        1    +8.1489e-02  9.7321e-02  9.3186e-02  +4.1354e-03  1.0000e-01  
     73    4.8461e-01  1.5625e-02  9.6547e-02  8.6209e-02  +1.0338e-02  +9.8518e-02  +8.8180e-02  +1.0338e-02        1    +1.9708e-02  9.6547e-02  8.6209e-02  +1.0338e-02  1.0000e-01  
     74    5.2256e-02  1.0000e+00  1.4112e+00  1.4002e+00  +1.0933e-02  +5.0455e-02  +5.1189e-02  -7.3361e-04        1    +4.8290e-01  2.1653e-03  2.8990e-03  -7.3361e-04  1.0000e-01  
     75    1.4112e+00  1.5625e-02  1.0485e+00  1.0406e+00  +7.9393e-03  +3.7447e-02  +4.2647e-02  -5.2003e-03        1    +2.7911e-01  9.5362e-03  1.4736e-02  -5.2003e-03  1.0000e-01  
     76    1.0485e+00  1.5625e-02  8.5611e-01  8.4944e-01  +6.6741e-03  +3.6986e-02  +3.1715e-02  +5.2709e-03        1    +1.8189e-01  1.8797e-02  1.3526e-02  +5.2709e-03  1.0000e-01  
     77    8.5611e-01  1.5625e-02  5.4032e-01  5.3616e-01  +4.1546e-03  +3.0030e-02  +9.8120e-03  +2.0218e-02        1    +7.5364e-02  2.2494e-02  2.2757e-03  +2.0218e-02  1.0000e-01  
     78    5.4032e-01  1.5625e-02  3.5640e-01  3.5368e-01  +2.7162e-03  +2.8191e-02  +1.7373e-02  +1.0818e-02        1    +3.4696e-02  2.4721e-02  1.3903e-02  +1.0818e-02  1.0000e-01  
     79    3.5640e-01  1.5625e-02  2.1328e-01  2.1159e-01  +1.6994e-03  +2.6799e-02  +9.7050e-03  +1.7093e-02        1    +1.4303e-02  2.5368e-02  8.2747e-03  +1.7093e-02  1.0000e-01  
     80    2.1328e-01  1.5625e-02  1.2645e-01  1.2554e-01  +9.0908e-04  +2.6052e-02  +1.2544e-02  +1.3508e-02        1    +7.1032e-03  2.5342e-02  1.1834e-02  +1.3508e-02  1.0000e-01  
     81    1.2645e-01  1.5625e-02  7.6475e-02  7.6382e-02  +9.2771e-05  +2.5531e-02  +9.7380e-03  +1.5794e-02        1    +4.3064e-03  2.5101e-02  9.3073e-03  +1.5794e-02  1.0000e-01  
     82    7.6475e-02  3.1250e-02  1.6084e-01  1.5967e-01  +1.1713e-03  +2.5391e-02  +1.2048e-02  +1.3343e-02        1    +9.0438e-03  2.4486e-02  1.1143e-02  +1.3343e-02  1.0000e-01  
     83    1.6084e-01  1.5625e-02  9.3831e-02  9.3042e-02  +7.8933e-04  +2.4804e-02  +8.6224e-03  +1.6182e-02        1    +4.6025e-03  2.4344e-02  8.1622e-03  +1.6182e-02  1.0000e-01  
     84    9.3831e-02  1.5625e-02  5.2225e-02  5.1897e-02  +3.2798e-04  +2.4343e-02  +9.7012e-03  +1.4641e-02        1    +3.0731e-03  2.4035e-02  9.3939e-03  +1.4641e-02  1.0000e-01  
     85    5.2225e-02  3.1250e-02  1.1458e-01  1.1363e-01  +9.4639e-04  +2.3944e-02  +7.3702e-03  +1.6573e-02        1    +5.3807e-03  2.3405e-02  6.8321e-03  +1.6573e-02  1.0000e-01  
     86    1.1458e-01  1.5625e-02  6.4231e-02  6.3814e-02  +4.1712e-04  +2.3466e-02  +8.7998e-03  +1.4666e-02        1    +3.1314e-03  2.3153e-02  8.4866e-03  +1.4666e-02  1.0000e-01  
     87    6.4231e-02  3.1250e-02  1.3758e-01  1.3646e-01  +1.1191e-03  +2.3264e-02  +6.2847e-03  +1.6980e-02        1    +6.6135e-03  2.2603e-02  5.6234e-03  +1.6980e-02  1.0000e-01  
     88    1.3758e-01  1.5625e-02  7.7169e-02  7.6656e-02  +5.1324e-04  +2.2755e-02  +8.0856e-03  +1.4670e-02        1    +3.3666e-03  2.2419e-02  7.7489e-03  +1.4670e-02  1.0000e-01  
     89    7.7169e-02  1.5625e-02  4.5076e-02  4.5044e-02  +3.1947e-05  +2.2359e-02  +6.3221e-03  +1.6037e-02        1    +2.3060e-03  2.2128e-02  6.0915e-03  +1.6037e-02  1.0000e-01  
     90    4.5076e-02  6.2500e-02  2.2263e-01  2.2100e-01  +1.6266e-03  +2.2354e-02  +9.0658e-03  +1.3288e-02        1    +1.3779e-02  2.0976e-02  7.6879e-03  +1.3288e-02  1.0000e-01  
     91    2.2263e-01  1.5625e-02  1.1874e-01  1.1776e-01  +9.7495e-04  +2.1623e-02  +4.5209e-03  +1.7102e-02        1    +5.1551e-03  2.1108e-02  4.0054e-03  +1.7102e-02  1.0000e-01  
     92    1.1874e-01  1.5625e-02  6.5726e-02  6.5307e-02  +4.1878e-04  +2.1172e-02  +6.0641e-03  +1.5107e-02        1    +2.6465e-03  2.0907e-02  5.7994e-03  +1.5107e-02  1.0000e-01  
     93    6.5726e-02  3.1250e-02  1.3430e-01  1.3321e-01  +1.0900e-03  +2.1033e-02  +3.6312e-03  +1.7402e-02        1    +6.0630e-03  2.0427e-02  3.0249e-03  +1.7402e-02  1.0000e-01  
     94    1.3430e-01  1.5625e-02  7.4079e-02  7.3600e-02  +4.7979e-04  +2.0560e-02  +5.4225e-03  +1.5137e-02        1    +2.8440e-03  2.0275e-02  5.1381e-03  +1.5137e-02  1.0000e-01  
     95    7.4079e-02  1.5625e-02  4.0558e-02  4.0515e-02  +4.2190e-05  +2.0201e-02  +3.7792e-03  +1.6422e-02        1    +1.8850e-03  2.0012e-02  3.5907e-03  +1.6422e-02  1.0000e-01  
     96    4.0558e-02  6.2500e-02  2.0158e-01  2.0013e-01  +1.4475e-03  +2.0092e-02  +6.1780e-03  +1.3914e-02        1    +1.1300e-02  1.8962e-02  5.0480e-03  +1.3914e-02  1.0000e-01  
     97    2.0158e-01  1.5625e-02  1.0377e-01  1.0291e-01  +8.5969e-04  +1.9459e-02  +2.1171e-03  +1.7342e-02        1    +4.1285e-03  1.9046e-02  1.7043e-03  +1.7342e-02  1.0000e-01  
     98    1.0377e-01  1.5625e-02  5.6921e-02  5.6576e-02  +3.4431e-04  +1.9064e-02  +3.4698e-03  +1.5595e-02        1    +2.1496e-03  1.8849e-02  3.2548e-03  +1.5595e-02  1.0000e-01  
     99    5.6921e-02  3.1250e-02  1.1315e-01  1.1222e-01  +9.2815e-04  +1.8847e-02  +1.2904e-03  +1.7556e-02        1    +4.5923e-03  1.8387e-02  8.3116e-04  +1.7556e-02  1.0000e-01  
    100    1.1315e-01  1.5625e-02  6.1869e-02  6.1489e-02  +3.7967e-04  +1.8446e-02  +2.7988e-03  +1.5647e-02        1    +2.2410e-03  1.8221e-02  2.5747e-03  +1.5647e-02  1.0000e-01  
    101    6.1869e-02  3.1250e-02  1.2279e-01  1.2179e-01  +9.9812e-04  +1.8313e-02  +5.4378e-04  +1.7769e-02        1    +5.1201e-03  1.7801e-02  3.1762e-05  +1.7769e-02  1.0000e-01  
    102    1.2279e-01  1.5625e-02  6.6880e-02  6.6464e-02  +4.1544e-04  +1.7902e-02  +2.2082e-03  +1.5694e-02        1    +2.3510e-03  1.7667e-02  1.9731e-03  +1.5694e-02  1.0000e-01  
    103    6.6880e-02  3.1250e-02  1.3253e-01  1.3147e-01  +1.0685e-03  +1.7859e-02  +1.2622e-03  +1.6597e-02        1    +5.7042e-03  1.7288e-02  6.9178e-04  +1.6597e-02  1.0000e-01  
    104    1.3253e-01  1.5625e-02  7.1853e-02  7.1402e-02  +4.5086e-04  +1.7434e-02  +1.6968e-03  +1.5738e-02        1    +2.4757e-03  1.7187e-02  1.4492e-03  +1.5738e-02  1.0000e-01  
    105    7.1853e-02  1.5625e-02  3.7242e-02  3.7191e-02  +5.1303e-05  +1.7125e-02  +1.6105e-04  +1.6964e-02        1    +1.5738e-03  1.6968e-02  3.6697e-06  +1.6964e-02  1.0000e-01  
    106    3.7242e-02  6.2500e-02  1.8707e-01  1.8576e-01  +1.3152e-03  +1.7058e-02  +2.4461e-03  +1.4611e-02        1    +9.6760e-03  1.6090e-02  1.4785e-03  +1.4611e-02  1.0000e-01  
    107    1.8707e-01  1.5625e-02  9.3689e-02  9.2909e-02  +7.8014e-04  +1.6512e-02  +1.9478e-03  +1.4564e-02        1    +3.4212e-03  1.6170e-02  1.6057e-03  +1.4564e-02  1.0000e-01  
    108    9.3689e-02  1.5625e-02  5.0848e-02  5.0558e-02  +2.8955e-04  +1.6178e-02  +3.6931e-04  +1.5809e-02        1    +1.7681e-03  1.6001e-02  1.9250e-04  +1.5809e-02  1.0000e-01  
    109    5.0848e-02  3.1250e-02  9.8968e-02  9.8150e-02  +8.1781e-04  +1.5965e-02  +2.6907e-03  +1.3275e-02        1    +3.6410e-03  1.5601e-02  2.3266e-03  +1.3275e-02  1.0000e-01  
    110    9.8968e-02  1.5625e-02  5.3565e-02  5.3257e-02  +3.0832e-04  +1.5632e-02  +9.8315e-04  +1.4649e-02        1    +1.8015e-03  1.5452e-02  8.0300e-04  +1.4649e-02  1.0000e-01  
    111    5.3565e-02  3.1250e-02  1.0441e-01  1.0355e-01  +8.5653e-04  +1.5469e-02  +3.3872e-03  +1.2081e-02        1    +3.8850e-03  1.5080e-02  2.9987e-03  +1.2081e-02  1.0000e-01  
    112    1.0441e-01  1.5625e-02  5.6351e-02  5.6024e-02  +3.2756e-04  +1.5134e-02  +1.5466e-03  +1.3588e-02        1    +1.8420e-03  1.4950e-02  1.3624e-03  +1.3588e-02  1.0000e-01  
    113    5.6351e-02  3.1250e-02  1.0996e-01  1.0906e-01  +8.9589e-04  +1.5021e-02  +4.0380e-03  +1.0983e-02        1    +4.1513e-03  1.4606e-02  3.6229e-03  +1.0983e-02  1.0000e-01  
    114    1.0996e-01  1.5625e-02  5.9166e-02  5.8819e-02  +3.4696e-04  +1.4684e-02  +2.0610e-03  +1.2623e-02        1    +1.8887e-03  1.4495e-02  1.8721e-03  +1.2623e-02  1.0000e-01  
    115    5.9166e-02  3.1250e-02  1.1554e-01  1.1461e-01  +9.3532e-04  +1.4621e-02  +4.6427e-03  +9.9786e-03        1    +4.4361e-03  1.4178e-02  4.1991e-03  +9.9786e-03  1.0000e-01  
    116    1.1554e-01  1.5625e-02  6.1962e-02  6.1596e-02  +3.6619e-04  +1.4280e-02  +2.5276e-03  +1.1753e-02        1    +1.9404e-03  1.4086e-02  2.3336e-03  +1.1753e-02  1.0000e-01  
    117    6.1962e-02  3.1250e-02  1.2106e-01  1.2009e-01  +9.7411e-04  +1.4268e-02  +5.2006e-03  +9.0677e-03        1    +4.7336e-03  1.3795e-02  4.7273e-03  +9.0677e-03  1.0000e-01  
    118    1.2106e-01  1.5625e-02  6.4684e-02  6.4299e-02  +3.8484e-04  +1.3922e-02  +2.9482e-03  +1.0974e-02        1    +1.9949e-03  1.3722e-02  2.7487e-03  +1.0974e-02  1.0000e-01  
    119    6.4684e-02  1.5625e-02  3.2661e-02  3.2595e-02  +6.5914e-05  +1.3674e-02  +4.1466e-03  +9.5276e-03        1    +1.2595e-03  1.3548e-02  4.0207e-03  +9.5276e-03  1.0000e-01  
    120    3.2661e-02  6.2500e-02  1.6434e-01  1.6322e-01  +1.1209e-03  +1.3598e-02  +3.3923e-03  +1.0206e-02        1    +7.5050e-03  1.2847e-02  2.6418e-03  +1.0206e-02  1.0000e-01  
    121    1.6434e-01  1.5625e-02  8.1135e-02  8.0452e-02  +6.8288e-04  +1.3171e-02  +5.6217e-03  +7.5492e-03        1    +2.6424e-03  1.2907e-02  5.3575e-03  +7.5492e-03  1.0000e-01  
    122    8.1135e-02  1.5625e-02  4.3673e-02  4.3446e-02  +2.2695e-04  +1.2908e-02  +4.2618e-03  +8.6460e-03        1    +1.3853e-03  1.2769e-02  4.1232e-03  +8.6460e-03  1.0000e-01  
    123    4.3673e-02  3.1250e-02  8.4037e-02  8.3334e-02  +7.0309e-04  +1.2718e-02  +6.2051e-03  +6.5130e-03        1    +2.7347e-03  1.2445e-02  5.9316e-03  +6.5130e-03  1.0000e-01  
    124    8.4037e-02  1.5625e-02  4.5151e-02  4.4915e-02  +2.3668e-04  +1.2458e-02  +4.7738e-03  +7.6845e-03        1    +1.3908e-03  1.2319e-02  4.6347e-03  +7.6845e-03  1.0000e-01  
    125    4.5151e-02  3.1250e-02  8.7098e-02  8.6373e-02  +7.2440e-04  +1.2298e-02  +6.7572e-03  +5.5406e-03        1    +2.8395e-03  1.2014e-02  6.4733e-03  +5.5406e-03  1.0000e-01  
    126    8.7098e-02  1.5625e-02  4.6716e-02  4.6469e-02  +2.4700e-04  +1.2041e-02  +5.2516e-03  +6.7890e-03        1    +1.4001e-03  1.1901e-02  5.1116e-03  +6.7890e-03  1.0000e-01  
    127    4.6716e-02  3.1250e-02  9.0304e-02  8.9557e-02  +7.4669e-04  +1.1910e-02  +7.2796e-03  +4.6303e-03        1    +2.9566e-03  1.1614e-02  6.9839e-03  +4.6303e-03  1.0000e-01  
    128    9.0304e-02  1.5625e-02  4.8348e-02  4.8090e-02  +2.5780e-04  +1.1654e-02  +5.6964e-03  +5.9579e-03        1    +1.4132e-03  1.1513e-02  5.5551e-03  +5.9579e-03  1.0000e-01  
    129    4.8348e-02  3.1250e-02  9.3631e-02  9.2861e-02  +7.6978e-04  +1.1553e-02  +7.7725e-03  +3.7810e-03        1    +3.0855e-03  1.1245e-02  7.4640e-03  +3.7810e-03  1.0000e-01  
    130    9.3631e-02  1.5625e-02  5.0032e-02  4.9763e-02  +2.6896e-04  +1.1299e-02  +6.1090e-03  +5.1896e-03        1    +1.4299e-03  1.1156e-02  5.9660e-03  +5.1896e-03  1.0000e-01  
    131    5.0032e-02  3.1250e-02  9.7046e-02  9.6253e-02  +7.9343e-04  +1.1228e-02  +8.2362e-03  +2.9919e-03        1    +3.2252e-03  1.0906e-02  7.9137e-03  +2.9919e-03  1.0000e-01  
    132    9.7046e-02  1.5625e-02  5.1748e-02  5.1468e-02  +2.8033e-04  +1.0973e-02  +6.4903e-03  +4.4829e-03        1    +1.4497e-03  1.0828e-02  6.3453e-03  +4.4829e-03  1.0000e-01  
    133    5.1748e-02  3.1250e-02  1.0051e-01  9.9693e-02  +8.1735e-04  +1.0933e-02  +8.6707e-03  +2.2622e-03        1    +3.3739e-03  1.0595e-02  8.3333e-03  +2.2622e-03  1.0000e-01  
    134    1.0051e-01  1.5625e-02  5.3476e-02  5.3184e-02  +2.9175e-04  +1.0677e-02  +6.8410e-03  +3.8360e-03        1    +1.4721e-03  1.0530e-02  6.6938e-03  +3.8360e-03  1.0000e-01  
    135    5.3476e-02  3.1250e-02  1.0398e-01  1.0314e-01  +8.4121e-04  +1.0667e-02  +9.0760e-03  +1.5908e-03        1    +3.5296e-03  1.0314e-02  8.7230e-03  +1.5908e-03  1.0000e-01  
    136    1.0398e-01  1.5625e-02  5.5187e-02  5.4884e-02  +3.0304e-04  +1.0409e-02  +7.1624e-03  +3.2470e-03        1    +1.4964e-03  1.0260e-02  7.0128e-03  +3.2470e-03  1.0000e-01  
    137    5.5187e-02  1.5625e-02  2.7668e-02  2.7585e-02  +8.2219e-05  +1.0226e-02  +8.1755e-03  +2.0500e-03        1    +9.5990e-04  1.0130e-02  8.0795e-03  +2.0500e-03  1.0000e-01  
=========================================================
Total gradient evaluations: 3.533e+04 
