=========================================================
*                                                       *
*  Samples: 5.12e+02; epsilon: 1.0000e-03; varepson:1.0000e-03 *
*                                                       *
=========================================================
     Iter   search_dire    stepsize    KKT_inf    eKKT_inf    KKT-eKKT      merit     e_merit     mrt-emrt      rank          f           c           ec        c-ec         tau    
initial    0.0000e+00  0.0000e+00  2.7585e-02  2.7585e-02  +0.0000e+00  +8.1755e-03  +8.1755e-03  +0.0000e+00        1    +9.5990e-04  8.0795e-03  8.0795e-03  +0.0000e+00  1.0000e-01  
      1    2.7585e-02  6.2500e-02  1.3575e-01  1.3575e-01  +0.0000e+00  +7.9975e-03  +7.9975e-03  +0.0000e+00        1    +5.2703e-03  7.4705e-03  7.4705e-03  +0.0000e+00  1.0000e-01  
      2    1.3575e-01  1.5625e-02  6.1564e-02  6.1564e-02  +0.0000e+00  +7.3537e-03  +7.3537e-03  +0.0000e+00        1    +1.7401e-03  7.1797e-03  7.1797e-03  +0.0000e+00  1.0000e-01  
      3    6.1564e-02  3.1250e-02  1.2473e-01  1.2473e-01  +0.0000e+00  +7.2666e-03  +7.2666e-03  +0.0000e+00        1    +4.5436e-03  6.8123e-03  6.8123e-03  +0.0000e+00  1.0000e-01  
      4    1.2473e-01  1.5625e-02  5.6269e-02  5.6269e-02  +0.0000e+00  +6.7150e-03  +6.7150e-03  +0.0000e+00        1    +1.5614e-03  6.5588e-03  6.5588e-03  +0.0000e+00  1.0000e-01  
      5    5.6269e-02  3.1250e-02  1.1412e-01  1.1412e-01  +0.0000e+00  +6.6240e-03  +6.6240e-03  +0.0000e+00        1    +3.8996e-03  6.2340e-03  6.2340e-03  +0.0000e+00  1.0000e-01  
      6    1.1412e-01  1.5625e-02  5.1243e-02  5.1243e-02  +0.0000e+00  +6.1539e-03  +6.1539e-03  +0.0000e+00        1    +1.4041e-03  6.0135e-03  6.0135e-03  +0.0000e+00  1.0000e-01  
      7    5.1243e-02  3.1250e-02  1.0411e-01  1.0411e-01  +0.0000e+00  +6.0602e-03  +6.0602e-03  +0.0000e+00        1    +3.3434e-03  5.7259e-03  5.7259e-03  +0.0000e+00  1.0000e-01  
      8    1.0411e-01  1.5625e-02  4.6826e-02  4.6826e-02  +0.0000e+00  +5.6606e-03  +5.6606e-03  +0.0000e+00        1    +1.2682e-03  5.5338e-03  5.5338e-03  +0.0000e+00  1.0000e-01  
      9    4.6826e-02  3.1250e-02  9.4844e-02  9.4844e-02  +0.0000e+00  +5.5655e-03  +5.5655e-03  +0.0000e+00        1    +2.8718e-03  5.2783e-03  5.2783e-03  +0.0000e+00  1.0000e-01  
     10    9.4844e-02  1.5625e-02  4.2768e-02  4.2768e-02  +0.0000e+00  +5.2257e-03  +5.2257e-03  +0.0000e+00        1    +1.1520e-03  5.1105e-03  5.1105e-03  +0.0000e+00  1.0000e-01  
     11    4.2768e-02  3.1250e-02  8.6370e-02  8.6370e-02  +0.0000e+00  +5.1303e-03  +5.1303e-03  +0.0000e+00        1    +2.4769e-03  4.8826e-03  4.8826e-03  +0.0000e+00  1.0000e-01  
     12    8.6370e-02  1.5625e-02  3.9077e-02  3.9077e-02  +0.0000e+00  +4.8408e-03  +4.8408e-03  +0.0000e+00        1    +1.0533e-03  4.7354e-03  4.7354e-03  +0.0000e+00  1.0000e-01  
     13    3.9077e-02  3.1250e-02  7.8691e-02  7.8691e-02  +0.0000e+00  +4.7460e-03  +4.7460e-03  +0.0000e+00        1    +2.1488e-03  4.5311e-03  4.5311e-03  +0.0000e+00  1.0000e-01  
     14    7.8691e-02  1.5625e-02  3.5744e-02  3.5744e-02  +0.0000e+00  +4.4983e-03  +4.4983e-03  +0.0000e+00        1    +9.6971e-04  4.4013e-03  4.4013e-03  +0.0000e+00  1.0000e-01  
     15    3.5744e-02  3.1250e-02  7.1780e-02  7.1780e-02  +0.0000e+00  +4.4049e-03  +4.4049e-03  +0.0000e+00        1    +1.8774e-03  4.2172e-03  4.2172e-03  +0.0000e+00  1.0000e-01  
     16    7.1780e-02  1.5625e-02  3.2750e-02  3.2750e-02  +0.0000e+00  +4.1919e-03  +4.1919e-03  +0.0000e+00        1    +8.9875e-04  4.1021e-03  4.1021e-03  +0.0000e+00  1.0000e-01  
     17    3.2750e-02  3.1250e-02  6.5587e-02  6.5587e-02  +0.0000e+00  +4.1005e-03  +4.1005e-03  +0.0000e+00        1    +1.6532e-03  3.9352e-03  3.9352e-03  +0.0000e+00  1.0000e-01  
     18    6.5587e-02  3.1250e-02  1.2325e-01  1.2325e-01  +0.0000e+00  +4.0971e-03  +4.0971e-03  +0.0000e+00        1    +4.5041e-03  3.6467e-03  3.6467e-03  +0.0000e+00  1.0000e-01  
     19    1.2325e-01  1.5625e-02  6.0435e-02  6.0435e-02  +0.0000e+00  +3.5911e-03  +3.5911e-03  +0.0000e+00        1    +1.4800e-03  3.4431e-03  3.4431e-03  +0.0000e+00  1.0000e-01  
     20    6.0435e-02  3.1250e-02  1.1312e-01  1.1312e-01  +0.0000e+00  +3.5827e-03  +3.5827e-03  +0.0000e+00        1    +3.8812e-03  3.1946e-03  3.1946e-03  +0.0000e+00  1.0000e-01  
     21    1.1312e-01  1.5625e-02  5.5399e-02  5.5399e-02  +0.0000e+00  +3.1536e-03  +3.1536e-03  +0.0000e+00        1    +1.3239e-03  3.0212e-03  3.0212e-03  +0.0000e+00  1.0000e-01  
     22    5.5399e-02  3.1250e-02  1.0334e-01  1.0334e-01  +0.0000e+00  +3.1412e-03  +3.1412e-03  +0.0000e+00        1    +3.3286e-03  2.8084e-03  2.8084e-03  +0.0000e+00  1.0000e-01  
     23    1.0334e-01  1.5625e-02  5.0611e-02  5.0611e-02  +0.0000e+00  +2.7801e-03  +2.7801e-03  +0.0000e+00        1    +1.1868e-03  2.6614e-03  2.6614e-03  +0.0000e+00  1.0000e-01  
     24    5.0611e-02  3.1250e-02  9.4106e-02  9.4106e-02  +0.0000e+00  +2.7644e-03  +2.7644e-03  +0.0000e+00        1    +2.8503e-03  2.4793e-03  2.4793e-03  +0.0000e+00  1.0000e-01  
     25    9.4106e-02  1.5625e-02  4.6140e-02  4.6140e-02  +0.0000e+00  +2.4618e-03  +2.4618e-03  +0.0000e+00        1    +1.0683e-03  2.3550e-03  2.3550e-03  +0.0000e+00  1.0000e-01  
     26    4.6140e-02  3.1250e-02  8.5530e-02  8.5530e-02  +0.0000e+00  +2.4435e-03  +2.4435e-03  +0.0000e+00        1    +2.4436e-03  2.1992e-03  2.1992e-03  +0.0000e+00  1.0000e-01  
     27    8.5530e-02  1.5625e-02  4.2023e-02  4.2023e-02  +0.0000e+00  +2.1907e-03  +2.1907e-03  +0.0000e+00        1    +9.6713e-04  2.0940e-03  2.0940e-03  +0.0000e+00  1.0000e-01  
     28    4.2023e-02  3.1250e-02  7.7662e-02  7.7662e-02  +0.0000e+00  +2.1705e-03  +2.1705e-03  +0.0000e+00        1    +2.1021e-03  1.9603e-03  1.9603e-03  +0.0000e+00  1.0000e-01  
     29    7.7662e-02  1.5625e-02  3.8269e-02  3.8269e-02  +0.0000e+00  +1.9593e-03  +1.9593e-03  +0.0000e+00        1    +8.8134e-04  1.8712e-03  1.8712e-03  +0.0000e+00  1.0000e-01  
     30    3.8269e-02  3.1250e-02  7.0508e-02  7.0508e-02  +0.0000e+00  +1.9378e-03  +1.9378e-03  +0.0000e+00        1    +1.8179e-03  1.7560e-03  1.7560e-03  +0.0000e+00  1.0000e-01  
     31    7.0508e-02  1.5625e-02  3.4872e-02  3.4872e-02  +0.0000e+00  +1.7611e-03  +1.7611e-03  +0.0000e+00        1    +8.0877e-04  1.6803e-03  1.6803e-03  +0.0000e+00  1.0000e-01  
     32    3.4872e-02  3.1250e-02  6.4048e-02  6.4048e-02  +0.0000e+00  +1.7388e-03  +1.7388e-03  +0.0000e+00        1    +1.5825e-03  1.5806e-03  1.5806e-03  +0.0000e+00  1.0000e-01  
     33    6.4048e-02  1.5625e-02  3.1814e-02  3.1814e-02  +0.0000e+00  +1.5907e-03  +1.5907e-03  +0.0000e+00        1    +7.4737e-04  1.5160e-03  1.5160e-03  +0.0000e+00  1.0000e-01  
     34    3.1814e-02  3.1250e-02  5.8241e-02  5.8241e-02  +0.0000e+00  +1.5680e-03  +1.5680e-03  +0.0000e+00        1    +1.3879e-03  1.4292e-03  1.4292e-03  +0.0000e+00  1.0000e-01  
     35    5.8241e-02  1.5625e-02  2.9070e-02  2.9070e-02  +0.0000e+00  +1.4434e-03  +1.4434e-03  +0.0000e+00        1    +6.9527e-04  1.3738e-03  1.3738e-03  +0.0000e+00  1.0000e-01  
     36    2.9070e-02  3.1250e-02  5.3040e-02  5.3040e-02  +0.0000e+00  +1.4207e-03  +1.4207e-03  +0.0000e+00        1    +1.2271e-03  1.2980e-03  1.2980e-03  +0.0000e+00  1.0000e-01  
     37    5.3040e-02  1.5625e-02  2.6616e-02  2.6616e-02  +0.0000e+00  +1.3153e-03  +1.3153e-03  +0.0000e+00        1    +6.5086e-04  1.2502e-03  1.2502e-03  +0.0000e+00  1.0000e-01  
     38    2.6616e-02  3.1250e-02  4.8391e-02  4.8391e-02  +0.0000e+00  +1.2929e-03  +1.2929e-03  +0.0000e+00        1    +1.0940e-03  1.1835e-03  1.1835e-03  +0.0000e+00  1.0000e-01  
     39    4.8391e-02  1.5625e-02  2.4423e-02  2.4423e-02  +0.0000e+00  +1.2033e-03  +1.2033e-03  +0.0000e+00        1    +6.1275e-04  1.1420e-03  1.1420e-03  +0.0000e+00  1.0000e-01  
     40    2.4423e-02  3.1250e-02  4.4240e-02  4.4240e-02  +0.0000e+00  +1.1813e-03  +1.1813e-03  +0.0000e+00        1    +9.8348e-04  1.0830e-03  1.0830e-03  +0.0000e+00  1.0000e-01  
     41    4.4240e-02  1.5625e-02  2.2464e-02  2.2464e-02  +0.0000e+00  +1.1049e-03  +1.1049e-03  +0.0000e+00        1    +5.7983e-04  1.0469e-03  1.0469e-03  +0.0000e+00  1.0000e-01  
     42    2.2464e-02  3.1250e-02  4.0536e-02  4.0536e-02  +0.0000e+00  +1.0835e-03  +1.0835e-03  +0.0000e+00        1    +8.9132e-04  9.9435e-04  9.9435e-04  +0.0000e+00  1.0000e-01  
     43    4.0536e-02  1.5625e-02  2.0715e-02  2.0715e-02  +0.0000e+00  +1.0178e-03  +1.0178e-03  +0.0000e+00        1    +5.5115e-04  9.6264e-04  9.6264e-04  +0.0000e+00  1.0000e-01  
     44    2.0715e-02  3.1250e-02  3.7405e-02  3.7405e-02  +0.0000e+00  +9.9708e-04  +9.9708e-04  +0.0000e+00        1    +8.1407e-04  9.1567e-04  9.1567e-04  +0.0000e+00  1.0000e-01  
     45    3.7405e-02  1.5625e-02  1.9153e-02  1.9153e-02  +0.0000e+00  +9.4030e-04  +9.4030e-04  +0.0000e+00        1    +5.2595e-04  8.8770e-04  8.8770e-04  +0.0000e+00  1.0000e-01  
     46    1.9153e-02  3.1250e-02  3.4606e-02  3.4606e-02  +0.0000e+00  +9.2038e-04  +9.2038e-04  +0.0000e+00        1    +7.4895e-04  8.4548e-04  8.4548e-04  +0.0000e+00  1.0000e-01  
     47    3.4606e-02  1.5625e-02  1.7757e-02  1.7757e-02  +0.0000e+00  +8.7102e-04  +8.7102e-04  +0.0000e+00        1    +5.0363e-04  8.2066e-04  8.2066e-04  +0.0000e+00  1.0000e-01  
     48    1.7757e-02  3.1250e-02  3.2102e-02  3.2102e-02  +0.0000e+00  +8.5190e-04  +8.5190e-04  +0.0000e+00        1    +6.9369e-04  7.8253e-04  7.8253e-04  +0.0000e+00  1.0000e-01  
     49    3.2102e-02  1.5625e-02  1.6507e-02  1.6507e-02  +0.0000e+00  +8.0876e-04  +8.0876e-04  +0.0000e+00        1    +4.8369e-04  7.6039e-04  7.6039e-04  +0.0000e+00  1.0000e-01  
     50    1.6507e-02  3.1250e-02  2.9860e-02  2.9860e-02  +0.0000e+00  +7.9046e-04  +7.9046e-04  +0.0000e+00        1    +6.4648e-04  7.2581e-04  7.2581e-04  +0.0000e+00  1.0000e-01  
     51    2.9860e-02  1.5625e-02  1.5388e-02  1.5388e-02  +0.0000e+00  +7.5253e-04  +7.5253e-04  +0.0000e+00        1    +4.6573e-04  7.0596e-04  7.0596e-04  +0.0000e+00  1.0000e-01  
     52    1.5388e-02  3.1250e-02  2.7849e-02  2.7849e-02  +0.0000e+00  +7.3506e-04  +7.3506e-04  +0.0000e+00        1    +6.0587e-04  6.7447e-04  6.7447e-04  +0.0000e+00  1.0000e-01  
     53    2.7849e-02  1.5625e-02  1.4385e-02  1.4385e-02  +0.0000e+00  +7.0153e-04  +7.0153e-04  +0.0000e+00        1    +4.4942e-04  6.5659e-04  6.5659e-04  +0.0000e+00  1.0000e-01  
     54    1.4385e-02  3.1250e-02  2.6045e-02  2.6045e-02  +0.0000e+00  +6.8488e-04  +6.8488e-04  +0.0000e+00        1    +5.7069e-04  6.2781e-04  6.2781e-04  +0.0000e+00  1.0000e-01  
     55    2.6045e-02  1.5625e-02  1.3483e-02  1.3483e-02  +0.0000e+00  +6.5508e-04  +6.5508e-04  +0.0000e+00        1    +4.3451e-04  6.1163e-04  6.1163e-04  +0.0000e+00  1.0000e-01  
     56    1.3483e-02  3.1250e-02  2.4424e-02  2.4424e-02  +0.0000e+00  +6.3923e-04  +6.3923e-04  +0.0000e+00        1    +5.3998e-04  5.8523e-04  5.8523e-04  +0.0000e+00  1.0000e-01  
     57    2.4424e-02  1.5625e-02  1.2673e-02  1.2673e-02  +0.0000e+00  +6.1261e-04  +6.1261e-04  +0.0000e+00        1    +4.2079e-04  5.7053e-04  5.7053e-04  +0.0000e+00  1.0000e-01  
     58    1.2673e-02  3.1250e-02  2.2965e-02  2.2965e-02  +0.0000e+00  +5.9755e-04  +5.9755e-04  +0.0000e+00        1    +5.1298e-04  5.4625e-04  5.4625e-04  +0.0000e+00  1.0000e-01  
     59    2.2965e-02  1.5625e-02  1.1944e-02  1.1944e-02  +0.0000e+00  +5.7365e-04  +5.7365e-04  +0.0000e+00        1    +4.0808e-04  5.3284e-04  5.3284e-04  +0.0000e+00  1.0000e-01  
     60    1.1944e-02  3.1250e-02  2.1650e-02  2.1650e-02  +0.0000e+00  +5.5935e-04  +5.5935e-04  +0.0000e+00        1    +4.8909e-04  5.1045e-04  5.1045e-04  +0.0000e+00  1.0000e-01  
     61    2.1650e-02  3.1250e-02  4.3310e-02  4.3310e-02  +0.0000e+00  +5.5911e-04  +5.5911e-04  +0.0000e+00        1    +8.1787e-04  4.7732e-04  4.7732e-04  +0.0000e+00  1.0000e-01  
     62    4.3310e-02  1.5625e-02  2.0445e-02  2.0445e-02  +0.0000e+00  +4.9777e-04  +4.9777e-04  +0.0000e+00        1    +4.6767e-04  4.5100e-04  4.5100e-04  +0.0000e+00  1.0000e-01  
     63    2.0445e-02  3.1250e-02  4.0835e-02  4.0835e-02  +0.0000e+00  +4.9766e-04  +4.9766e-04  +0.0000e+00        1    +7.5901e-04  4.2175e-04  4.2175e-04  +0.0000e+00  1.0000e-01  
     64    4.0835e-02  1.5625e-02  1.9342e-02  1.9342e-02  +0.0000e+00  +4.4320e-04  +4.4320e-04  +0.0000e+00        1    +4.4835e-04  3.9836e-04  3.9836e-04  +0.0000e+00  1.0000e-01  
     65    1.9342e-02  1.5625e-02  1.0121e-02  1.0121e-02  +0.0000e+00  +4.2625e-04  +4.2625e-04  +0.0000e+00        1    +3.7483e-04  3.8877e-04  3.8877e-04  +0.0000e+00  1.0000e-01  
     66    1.0121e-02  3.1250e-02  1.8348e-02  1.8348e-02  +0.0000e+00  +4.1555e-04  +4.1555e-04  +0.0000e+00        1    +4.3089e-04  3.7246e-04  3.7246e-04  +0.0000e+00  1.0000e-01  
     67    1.8348e-02  3.1250e-02  3.6558e-02  3.6558e-02  +0.0000e+00  +4.1508e-04  +4.1508e-04  +0.0000e+00        1    +6.6297e-04  3.4878e-04  3.4878e-04  +0.0000e+00  1.0000e-01  
     68    3.6558e-02  1.5625e-02  1.7441e-02  1.7441e-02  +0.0000e+00  +3.7131e-04  +3.7131e-04  +0.0000e+00        1    +4.1503e-04  3.2981e-04  3.2981e-04  +0.0000e+00  1.0000e-01  
     69    1.7441e-02  3.1250e-02  3.4703e-02  3.4703e-02  +0.0000e+00  +3.7108e-04  +3.7108e-04  +0.0000e+00        1    +6.2348e-04  3.0873e-04  3.0873e-04  +0.0000e+00  1.0000e-01  
     70    3.4703e-02  1.5625e-02  1.6611e-02  1.6611e-02  +0.0000e+00  +3.3175e-04  +3.3175e-04  +0.0000e+00        1    +4.0051e-04  2.9170e-04  2.9170e-04  +0.0000e+00  1.0000e-01  
     71    1.6611e-02  3.1250e-02  3.3012e-02  3.3012e-02  +0.0000e+00  +3.3174e-04  +3.3174e-04  +0.0000e+00        1    +5.8852e-04  2.7289e-04  2.7289e-04  +0.0000e+00  1.0000e-01  
     72    3.3012e-02  1.5625e-02  1.5854e-02  1.5854e-02  +0.0000e+00  +2.9627e-04  +2.9627e-04  +0.0000e+00        1    +3.8715e-04  2.5755e-04  2.5755e-04  +0.0000e+00  1.0000e-01  
     73    1.5854e-02  1.5625e-02  8.3624e-03  8.3624e-03  +0.0000e+00  +2.8517e-04  +2.8517e-04  +0.0000e+00        1    +3.3840e-04  2.5133e-04  2.5133e-04  +0.0000e+00  1.0000e-01  
     74    8.3624e-03  3.1250e-02  1.5166e-02  1.5166e-02  +0.0000e+00  +2.7809e-04  +2.7809e-04  +0.0000e+00        1    +3.7480e-04  2.4061e-04  2.4061e-04  +0.0000e+00  1.0000e-01  
     75    1.5166e-02  1.5625e-02  8.0163e-03  8.0163e-03  +0.0000e+00  +2.6789e-04  +2.6789e-04  +0.0000e+00        1    +3.3031e-04  2.3485e-04  2.3485e-04  +0.0000e+00  1.0000e-01  
     76    8.0163e-03  3.1250e-02  1.4545e-02  1.4545e-02  +0.0000e+00  +2.6122e-04  +2.6122e-04  +0.0000e+00        1    +3.6339e-04  2.2488e-04  2.2488e-04  +0.0000e+00  1.0000e-01  
     77    1.4545e-02  3.1250e-02  2.8822e-02  2.8822e-02  +0.0000e+00  +2.6110e-04  +2.6110e-04  +0.0000e+00        1    +5.0544e-04  2.1056e-04  2.1056e-04  +0.0000e+00  1.0000e-01  
     78    2.8822e-02  1.5625e-02  1.3978e-02  1.3978e-02  +0.0000e+00  +2.3406e-04  +2.3406e-04  +0.0000e+00        1    +3.5281e-04  1.9878e-04  1.9878e-04  +0.0000e+00  1.0000e-01  
     79    1.3978e-02  1.5625e-02  7.4168e-03  7.4168e-03  +0.0000e+00  +2.2552e-04  +2.2552e-04  +0.0000e+00        1    +3.1522e-04  1.9400e-04  1.9400e-04  +0.0000e+00  1.0000e-01  
     80    7.4168e-03  3.1250e-02  1.3461e-02  1.3461e-02  +0.0000e+00  +2.1995e-04  +2.1995e-04  +0.0000e+00        1    +3.4290e-04  1.8566e-04  1.8566e-04  +0.0000e+00  1.0000e-01  
     81    1.3461e-02  1.5625e-02  7.1562e-03  7.1562e-03  +0.0000e+00  +2.1203e-04  +2.1203e-04  +0.0000e+00        1    +3.0811e-04  1.8122e-04  1.8122e-04  +0.0000e+00  1.0000e-01  
     82    7.1562e-03  3.1250e-02  1.2993e-02  1.2993e-02  +0.0000e+00  +2.0680e-04  +2.0680e-04  +0.0000e+00        1    +3.3363e-04  1.7344e-04  1.7344e-04  +0.0000e+00  1.0000e-01  
     83    1.2993e-02  1.5625e-02  6.9202e-03  6.9202e-03  +0.0000e+00  +1.9943e-04  +1.9943e-04  +0.0000e+00        1    +3.0129e-04  1.6930e-04  1.6930e-04  +0.0000e+00  1.0000e-01  
     84    6.9202e-03  3.1250e-02  1.2568e-02  1.2568e-02  +0.0000e+00  +1.9451e-04  +1.9451e-04  +0.0000e+00        1    +3.2492e-04  1.6202e-04  1.6202e-04  +0.0000e+00  1.0000e-01  
     85    1.2568e-02  1.5625e-02  6.7063e-03  6.7063e-03  +0.0000e+00  +1.8763e-04  +1.8763e-04  +0.0000e+00        1    +2.9472e-04  1.5816e-04  1.5816e-04  +0.0000e+00  1.0000e-01  
     86    6.7063e-03  3.1250e-02  1.2184e-02  1.2184e-02  +0.0000e+00  +1.8301e-04  +1.8301e-04  +0.0000e+00        1    +3.1673e-04  1.5134e-04  1.5134e-04  +0.0000e+00  1.0000e-01  
     87    1.2184e-02  1.5625e-02  6.5123e-03  6.5123e-03  +0.0000e+00  +1.7657e-04  +1.7657e-04  +0.0000e+00        1    +2.8840e-04  1.4773e-04  1.4773e-04  +0.0000e+00  1.0000e-01  
     88    6.5123e-03  3.1250e-02  1.1835e-02  1.1835e-02  +0.0000e+00  +1.7224e-04  +1.7224e-04  +0.0000e+00        1    +3.0899e-04  1.4134e-04  1.4134e-04  +0.0000e+00  1.0000e-01  
     89    1.1835e-02  1.5625e-02  6.3366e-03  6.3366e-03  +0.0000e+00  +1.6620e-04  +1.6620e-04  +0.0000e+00        1    +2.8231e-04  1.3797e-04  1.3797e-04  +0.0000e+00  1.0000e-01  
     90    6.3366e-03  3.1250e-02  1.1520e-02  1.1520e-02  +0.0000e+00  +1.6214e-04  +1.6214e-04  +0.0000e+00        1    +3.0167e-04  1.3197e-04  1.3197e-04  +0.0000e+00  1.0000e-01  
     91    1.1520e-02  1.5625e-02  6.1776e-03  6.1776e-03  +0.0000e+00  +1.5645e-04  +1.5645e-04  +0.0000e+00        1    +2.7643e-04  1.2881e-04  1.2881e-04  +0.0000e+00  1.0000e-01  
     92    6.1776e-03  3.1250e-02  1.1235e-02  1.1235e-02  +0.0000e+00  +1.5265e-04  +1.5265e-04  +0.0000e+00        1    +2.9473e-04  1.2318e-04  1.2318e-04  +0.0000e+00  1.0000e-01  
     93    1.1235e-02  1.5625e-02  6.0342e-03  6.0342e-03  +0.0000e+00  +1.4728e-04  +1.4728e-04  +0.0000e+00        1    +2.7076e-04  1.2021e-04  1.2021e-04  +0.0000e+00  1.0000e-01  
     94    6.0342e-03  3.1250e-02  1.0979e-02  1.0979e-02  +0.0000e+00  +1.4373e-04  +1.4373e-04  +0.0000e+00        1    +2.8813e-04  1.1492e-04  1.1492e-04  +0.0000e+00  1.0000e-01  
     95    1.0979e-02  1.5625e-02  5.9051e-03  5.9051e-03  +0.0000e+00  +1.3865e-04  +1.3865e-04  +0.0000e+00        1    +2.6527e-04  1.1213e-04  1.1213e-04  +0.0000e+00  1.0000e-01  
     96    5.9051e-03  3.1250e-02  1.0749e-02  1.0749e-02  +0.0000e+00  +1.3534e-04  +1.3534e-04  +0.0000e+00        1    +2.8186e-04  1.0715e-04  1.0715e-04  +0.0000e+00  1.0000e-01  
     97    1.0749e-02  1.5625e-02  5.7893e-03  5.7893e-03  +0.0000e+00  +1.3052e-04  +1.3052e-04  +0.0000e+00        1    +2.5997e-04  1.0452e-04  1.0452e-04  +0.0000e+00  1.0000e-01  
     98    5.7893e-03  3.1250e-02  1.0543e-02  1.0543e-02  +0.0000e+00  +1.2743e-04  +1.2743e-04  +0.0000e+00        1    +2.7588e-04  9.9841e-05  9.9841e-05  +0.0000e+00  1.0000e-01  
     99    1.0543e-02  1.5625e-02  5.6859e-03  5.6859e-03  +0.0000e+00  +1.2285e-04  +1.2285e-04  +0.0000e+00        1    +2.5485e-04  9.7362e-05  9.7362e-05  +0.0000e+00  1.0000e-01  
    100    5.6859e-03  3.1250e-02  1.0360e-02  1.0360e-02  +0.0000e+00  +1.1997e-04  +1.1997e-04  +0.0000e+00        1    +2.7017e-04  9.2951e-05  9.2951e-05  +0.0000e+00  1.0000e-01  
    101    1.0360e-02  1.5625e-02  5.5941e-03  5.5941e-03  +0.0000e+00  +1.1560e-04  +1.1560e-04  +0.0000e+00        1    +2.4988e-04  9.0612e-05  9.0612e-05  +0.0000e+00  1.0000e-01  
    102    5.5941e-03  3.1250e-02  1.0199e-02  1.0199e-02  +0.0000e+00  +1.1292e-04  +1.1292e-04  +0.0000e+00        1    +2.6472e-04  8.6452e-05  8.6452e-05  +0.0000e+00  1.0000e-01  
    103    1.0199e-02  1.5625e-02  5.5132e-03  5.5132e-03  +0.0000e+00  +1.0875e-04  +1.0875e-04  +0.0000e+00        1    +2.4508e-04  8.4242e-05  8.4242e-05  +0.0000e+00  1.0000e-01  
    104    5.5132e-03  3.1250e-02  1.0058e-02  1.0058e-02  +0.0000e+00  +1.0627e-04  +1.0627e-04  +0.0000e+00        1    +2.5951e-04  8.0317e-05  8.0317e-05  +0.0000e+00  1.0000e-01  
    105    1.0058e-02  1.5625e-02  5.4426e-03  5.4426e-03  +0.0000e+00  +1.0227e-04  +1.0227e-04  +0.0000e+00        1    +2.4043e-04  7.8226e-05  7.8226e-05  +0.0000e+00  1.0000e-01  
    106    5.4426e-03  3.1250e-02  9.9352e-03  9.9352e-03  +0.0000e+00  +9.9972e-05  +9.9972e-05  +0.0000e+00        1    +2.5453e-04  7.4519e-05  7.4519e-05  +0.0000e+00  1.0000e-01  
    107    9.9352e-03  1.5625e-02  5.3817e-03  5.3817e-03  +0.0000e+00  +9.6130e-05  +9.6130e-05  +0.0000e+00        1    +2.3593e-04  7.2537e-05  7.2537e-05  +0.0000e+00  1.0000e-01  
    108    5.3817e-03  3.1250e-02  9.8309e-03  9.8309e-03  +0.0000e+00  +9.4010e-05  +9.4010e-05  +0.0000e+00        1    +2.4976e-04  6.9034e-05  6.9034e-05  +0.0000e+00  1.0000e-01  
    109    9.8309e-03  1.5625e-02  5.3300e-03  5.3300e-03  +0.0000e+00  +9.0310e-05  +9.0310e-05  +0.0000e+00        1    +2.3156e-04  6.7153e-05  6.7153e-05  +0.0000e+00  1.0000e-01  
    110    5.3300e-03  3.1250e-02  9.7439e-03  9.7439e-03  +0.0000e+00  +8.8360e-05  +8.8360e-05  +0.0000e+00        1    +2.4520e-04  6.3840e-05  6.3840e-05  +0.0000e+00  1.0000e-01  
    111    9.7439e-03  1.5625e-02  5.2873e-03  5.2873e-03  +0.0000e+00  +8.4786e-05  +8.4786e-05  +0.0000e+00        1    +2.2734e-04  6.2052e-05  6.2052e-05  +0.0000e+00  1.0000e-01  
    112    5.2873e-03  3.1250e-02  9.6733e-03  9.6733e-03  +0.0000e+00  +8.2998e-05  +8.2998e-05  +0.0000e+00        1    +2.4083e-04  5.8915e-05  5.8915e-05  +0.0000e+00  1.0000e-01  
    113    9.6733e-03  1.5625e-02  5.2530e-03  5.2530e-03  +0.0000e+00  +7.9538e-05  +7.9538e-05  +0.0000e+00        1    +2.2324e-04  5.7214e-05  5.7214e-05  +0.0000e+00  1.0000e-01  
    114    5.2530e-03  3.1250e-02  9.6185e-03  9.6185e-03  +0.0000e+00  +7.7906e-05  +7.7906e-05  +0.0000e+00        1    +2.3665e-04  5.4241e-05  5.4241e-05  +0.0000e+00  1.0000e-01  
    115    9.6185e-03  1.5625e-02  5.2268e-03  5.2268e-03  +0.0000e+00  +7.4546e-05  +7.4546e-05  +0.0000e+00        1    +2.1927e-04  5.2619e-05  5.2619e-05  +0.0000e+00  1.0000e-01  
    116    5.2268e-03  3.1250e-02  9.5790e-03  9.5790e-03  +0.0000e+00  +7.3064e-05  +7.3064e-05  +0.0000e+00        1    +2.3265e-04  4.9799e-05  4.9799e-05  +0.0000e+00  1.0000e-01  
    117    9.5790e-03  1.5625e-02  5.2087e-03  5.2087e-03  +0.0000e+00  +6.9792e-05  +6.9792e-05  +0.0000e+00        1    +2.1542e-04  4.8250e-05  4.8250e-05  +0.0000e+00  1.0000e-01  
    118    5.2087e-03  3.1250e-02  9.5544e-03  9.5544e-03  +0.0000e+00  +6.8455e-05  +6.8455e-05  +0.0000e+00        1    +2.2882e-04  4.5573e-05  4.5573e-05  +0.0000e+00  1.0000e-01  
    119    9.5544e-03  1.5625e-02  5.1982e-03  5.1982e-03  +0.0000e+00  +6.5259e-05  +6.5259e-05  +0.0000e+00        1    +2.1169e-04  4.4090e-05  4.4090e-05  +0.0000e+00  1.0000e-01  
    120    5.1982e-03  3.1250e-02  9.5442e-03  9.5442e-03  +0.0000e+00  +6.4062e-05  +6.4062e-05  +0.0000e+00        1    +2.2516e-04  4.1546e-05  4.1546e-05  +0.0000e+00  1.0000e-01  
    121    9.5442e-03  1.5625e-02  5.1953e-03  5.1953e-03  +0.0000e+00  +6.0931e-05  +6.0931e-05  +0.0000e+00        1    +2.0807e-04  4.0124e-05  4.0124e-05  +0.0000e+00  1.0000e-01  
    122    5.1953e-03  3.1250e-02  9.5483e-03  9.5483e-03  +0.0000e+00  +5.9870e-05  +5.9870e-05  +0.0000e+00        1    +2.2167e-04  3.7703e-05  3.7703e-05  +0.0000e+00  1.0000e-01  
    123    9.5483e-03  1.5625e-02  5.1998e-03  5.1998e-03  +0.0000e+00  +5.6793e-05  +5.6793e-05  +0.0000e+00        1    +2.0457e-04  3.6336e-05  3.6336e-05  +0.0000e+00  1.0000e-01  
    124    5.1998e-03  3.1250e-02  9.5663e-03  9.5663e-03  +0.0000e+00  +5.5863e-05  +5.5863e-05  +0.0000e+00        1    +2.1833e-04  3.4030e-05  3.4030e-05  +0.0000e+00  1.0000e-01  
    125    9.5663e-03  1.5625e-02  5.2116e-03  5.2116e-03  +0.0000e+00  +5.2830e-05  +5.2830e-05  +0.0000e+00        1    +2.0117e-04  3.2712e-05  3.2712e-05  +0.0000e+00  1.0000e-01  
    126    5.2116e-03  3.1250e-02  9.5981e-03  9.5981e-03  +0.0000e+00  +5.2027e-05  +5.2027e-05  +0.0000e+00        1    +2.1515e-04  3.0512e-05  3.0512e-05  +0.0000e+00  1.0000e-01  
    127    9.5981e-03  1.5625e-02  5.2307e-03  5.2307e-03  +0.0000e+00  +4.9028e-05  +4.9028e-05  +0.0000e+00        1    +1.9788e-04  2.9240e-05  2.9240e-05  +0.0000e+00  1.0000e-01  
    128    5.2307e-03  3.1250e-02  9.6436e-03  9.6436e-03  +0.0000e+00  +4.8351e-05  +4.8351e-05  +0.0000e+00        1    +2.1213e-04  2.7138e-05  2.7138e-05  +0.0000e+00  1.0000e-01  
    129    9.6436e-03  1.5625e-02  5.2570e-03  5.2570e-03  +0.0000e+00  +4.5376e-05  +4.5376e-05  +0.0000e+00        1    +1.9470e-04  2.5906e-05  2.5906e-05  +0.0000e+00  1.0000e-01  
    130    5.2570e-03  3.1250e-02  9.7027e-03  9.7027e-03  +0.0000e+00  +4.4820e-05  +4.4820e-05  +0.0000e+00        1    +2.0926e-04  2.3894e-05  2.3894e-05  +0.0000e+00  1.0000e-01  
    131    9.7027e-03  1.5625e-02  5.2904e-03  5.2904e-03  +0.0000e+00  +4.1858e-05  +4.1858e-05  +0.0000e+00        1    +1.9161e-04  2.2697e-05  2.2697e-05  +0.0000e+00  1.0000e-01  
    132    5.2904e-03  3.1250e-02  9.7755e-03  9.7755e-03  +0.0000e+00  +4.1423e-05  +4.1423e-05  +0.0000e+00        1    +2.0654e-04  2.0769e-05  2.0769e-05  +0.0000e+00  1.0000e-01  
    133    9.7755e-03  1.5625e-02  5.3312e-03  5.3312e-03  +0.0000e+00  +3.8465e-05  +3.8465e-05  +0.0000e+00        1    +1.8863e-04  1.9602e-05  1.9602e-05  +0.0000e+00  1.0000e-01  
    134    5.3312e-03  3.1250e-02  9.8621e-03  9.8621e-03  +0.0000e+00  +3.8148e-05  +3.8148e-05  +0.0000e+00        1    +2.0397e-04  1.7750e-05  1.7750e-05  +0.0000e+00  1.0000e-01  
    135    9.8621e-03  1.5625e-02  5.3792e-03  5.3792e-03  +0.0000e+00  +3.5184e-05  +3.5184e-05  +0.0000e+00        1    +1.8574e-04  1.6610e-05  1.6610e-05  +0.0000e+00  1.0000e-01  
    136    5.3792e-03  3.1250e-02  9.9625e-03  9.9625e-03  +0.0000e+00  +3.4983e-05  +3.4983e-05  +0.0000e+00        1    +2.0156e-04  1.4827e-05  1.4827e-05  +0.0000e+00  1.0000e-01  
    137    9.9625e-03  1.5625e-02  5.4346e-03  5.4346e-03  +0.0000e+00  +3.2003e-05  +3.2003e-05  +0.0000e+00        1    +1.8295e-04  1.3708e-05  1.3708e-05  +0.0000e+00  1.0000e-01  
    138    5.4346e-03  3.1250e-02  1.0077e-02  1.0077e-02  +0.0000e+00  +3.1919e-05  +3.1919e-05  +0.0000e+00        1    +1.9930e-04  1.1988e-05  1.1988e-05  +0.0000e+00  1.0000e-01  
    139    1.0077e-02  1.5625e-02  5.4975e-03  5.4975e-03  +0.0000e+00  +2.8911e-05  +2.8911e-05  +0.0000e+00        1    +1.8025e-04  1.0886e-05  1.0886e-05  +0.0000e+00  1.0000e-01  
    140    5.4975e-03  1.5625e-02  3.1074e-03  3.1074e-03  +0.0000e+00  +2.7855e-05  +2.7855e-05  +0.0000e+00        1    +1.7470e-04  1.0385e-05  1.0385e-05  +0.0000e+00  1.0000e-01  
    141    3.1074e-03  3.1250e-02  5.5643e-03  5.5643e-03  +0.0000e+00  +2.7665e-05  +2.7665e-05  +0.0000e+00        1    +1.7764e-04  9.9008e-06  9.9008e-06  +0.0000e+00  1.0000e-01  
    142    5.5643e-03  1.5625e-02  3.1356e-03  3.1356e-03  +0.0000e+00  +2.6604e-05  +2.6604e-05  +0.0000e+00        1    +1.7197e-04  9.4071e-06  9.4071e-06  +0.0000e+00  1.0000e-01  
    143    3.1356e-03  3.1250e-02  5.6392e-03  5.6392e-03  +0.0000e+00  +2.6457e-05  +2.6457e-05  +0.0000e+00        1    +1.7512e-04  8.9453e-06  8.9453e-06  +0.0000e+00  1.0000e-01  
    144    5.6392e-03  1.5625e-02  3.1677e-03  3.1677e-03  +0.0000e+00  +2.5389e-05  +2.5389e-05  +0.0000e+00        1    +1.6932e-04  8.4570e-06  8.4570e-06  +0.0000e+00  1.0000e-01  
    145    3.1677e-03  3.1250e-02  5.7222e-03  5.7222e-03  +0.0000e+00  +2.5285e-05  +2.5285e-05  +0.0000e+00        1    +1.7269e-04  8.0165e-06  8.0165e-06  +0.0000e+00  1.0000e-01  
    146    5.7222e-03  1.5625e-02  3.2040e-03  3.2040e-03  +0.0000e+00  +2.4206e-05  +2.4206e-05  +0.0000e+00        1    +1.6674e-04  7.5320e-06  7.5320e-06  +0.0000e+00  1.0000e-01  
    147    3.2040e-03  3.1250e-02  5.8136e-03  5.8136e-03  +0.0000e+00  +2.4146e-05  +2.4146e-05  +0.0000e+00        1    +1.7035e-04  7.1111e-06  7.1111e-06  +0.0000e+00  1.0000e-01  
    148    5.8136e-03  1.5625e-02  3.2443e-03  3.2443e-03  +0.0000e+00  +2.3053e-05  +2.3053e-05  +0.0000e+00        1    +1.6424e-04  6.6288e-06  6.6288e-06  +0.0000e+00  1.0000e-01  
    149    3.2443e-03  3.1250e-02  5.9135e-03  5.9135e-03  +0.0000e+00  +2.3036e-05  +2.3036e-05  +0.0000e+00        1    +1.6810e-04  6.2259e-06  6.2259e-06  +0.0000e+00  1.0000e-01  
    150    5.9135e-03  1.5625e-02  3.2889e-03  3.2889e-03  +0.0000e+00  +2.1925e-05  +2.1925e-05  +0.0000e+00        1    +1.6180e-04  5.7441e-06  5.7441e-06  +0.0000e+00  1.0000e-01  
    151    3.2889e-03  1.5625e-02  1.8942e-03  1.8942e-03  +0.0000e+00  +2.1560e-05  +2.1560e-05  +0.0000e+00        1    +1.5958e-04  5.6026e-06  5.6026e-06  +0.0000e+00  1.0000e-01  
    152    1.8942e-03  6.2500e-02  7.3236e-03  7.3236e-03  +0.0000e+00  +2.1408e-05  +2.1408e-05  +0.0000e+00        1    +1.6816e-04  4.5923e-06  4.5923e-06  +0.0000e+00  1.0000e-01  
    153    7.3236e-03  1.5625e-02  4.0375e-03  4.0375e-03  +0.0000e+00  +1.9895e-05  +1.9895e-05  +0.0000e+00        1    +1.5823e-04  4.0715e-06  4.0715e-06  +0.0000e+00  1.0000e-01  
    154    4.0375e-03  3.1250e-02  7.4746e-03  7.4746e-03  +0.0000e+00  +1.9856e-05  +1.9856e-05  +0.0000e+00        1    +1.6640e-04  3.2163e-06  3.2163e-06  +0.0000e+00  1.0000e-01  
    155    7.4746e-03  1.5625e-02  4.1190e-03  4.1190e-03  +0.0000e+00  +1.8299e-05  +1.8299e-05  +0.0000e+00        1    +1.5606e-04  2.6923e-06  2.6923e-06  +0.0000e+00  1.0000e-01  
    156    4.1190e-03  1.5625e-02  2.4117e-03  2.4117e-03  +0.0000e+00  +1.7744e-05  +1.7744e-05  +0.0000e+00        1    +1.5283e-04  2.4607e-06  2.4607e-06  +0.0000e+00  1.0000e-01  
    157    2.4117e-03  3.1250e-02  4.2046e-03  4.2046e-03  +0.0000e+00  +1.7704e-05  +1.7704e-05  +0.0000e+00        1    +1.5396e-04  2.3086e-06  2.3086e-06  +0.0000e+00  1.0000e-01  
    158    4.2046e-03  1.5625e-02  2.4492e-03  2.4492e-03  +0.0000e+00  +1.7137e-05  +1.7137e-05  +0.0000e+00        1    +1.5062e-04  2.0750e-06  2.0750e-06  +0.0000e+00  1.0000e-01  
    159    2.4492e-03  3.1250e-02  4.2969e-03  4.2969e-03  +0.0000e+00  +1.7121e-05  +1.7121e-05  +0.0000e+00        1    +1.5192e-04  1.9288e-06  1.9288e-06  +0.0000e+00  1.0000e-01  
    160    4.2969e-03  1.5625e-02  2.4900e-03  2.4900e-03  +0.0000e+00  +1.6538e-05  +1.6538e-05  +0.0000e+00        1    +1.4846e-04  1.6922e-06  1.6922e-06  +0.0000e+00  1.0000e-01  
    161    2.4900e-03  1.5625e-02  1.4726e-03  1.4726e-03  +0.0000e+00  +1.6347e-05  +1.6347e-05  +0.0000e+00        1    +1.4703e-04  1.6437e-06  1.6437e-06  +0.0000e+00  1.0000e-01  
    162    1.4726e-03  6.2500e-02  5.3828e-03  5.3828e-03  +0.0000e+00  +1.6158e-05  +1.6158e-05  +0.0000e+00        1    +1.5022e-04  1.1353e-06  1.1353e-06  +0.0000e+00  1.0000e-01  
    163    5.3828e-03  1.5625e-02  2.9995e-03  2.9995e-03  +0.0000e+00  +1.5388e-05  +1.5388e-05  +0.0000e+00        1    +1.4488e-04  8.9992e-07  8.9992e-07  +0.0000e+00  1.0000e-01  
    164    2.9995e-03  3.1250e-02  5.5167e-03  5.5167e-03  +0.0000e+00  +1.5315e-05  +1.5315e-05  +0.0000e+00        1    +1.4854e-04  4.6150e-07  4.6150e-07  +0.0000e+00  1.0000e-01  
    165    5.5167e-03  1.5625e-02  3.0714e-03  3.0714e-03  +0.0000e+00  +1.4515e-05  +1.4515e-05  +0.0000e+00        1    +1.4293e-04  2.2138e-07  2.2138e-07  +0.0000e+00  1.0000e-01  
    166    3.0714e-03  1.5625e-02  1.8836e-03  1.8836e-03  +0.0000e+00  +1.4208e-05  +1.4208e-05  +0.0000e+00        1    +1.4098e-04  1.1036e-07  1.1036e-07  +0.0000e+00  1.0000e-01  
    167    1.8836e-03  3.1250e-02  3.1470e-03  3.1470e-03  +0.0000e+00  +1.4181e-05  +1.4181e-05  +0.0000e+00        1    +1.4104e-04  7.6793e-08  7.6793e-08  +0.0000e+00  1.0000e-01  
    168    3.1470e-03  1.5625e-02  1.9163e-03  1.9163e-03  +0.0000e+00  +1.3939e-05  +1.3939e-05  +0.0000e+00        1    +1.3902e-04  3.7314e-08  3.7314e-08  +0.0000e+00  1.0000e-01  
    169    1.9163e-03  1.5625e-02  1.1680e-03  1.1680e-03  +0.0000e+00  +1.3847e-05  +1.3847e-05  +0.0000e+00        1    +1.3802e-04  4.5115e-08  4.5115e-08  +0.0000e+00  1.0000e-01  
    170    1.1680e-03  3.1250e-02  1.9514e-03  1.9514e-03  +0.0000e+00  +1.3820e-05  +1.3820e-05  +0.0000e+00        1    +1.3711e-04  1.0855e-07  1.0855e-07  +0.0000e+00  1.0000e-01  
    171    1.9514e-03  1.5625e-02  1.1853e-03  1.1853e-03  +0.0000e+00  +1.3726e-05  +1.3726e-05  +0.0000e+00        1    +1.3610e-04  1.1618e-07  1.1618e-07  +0.0000e+00  1.0000e-01  
    172    1.1853e-03  3.1250e-02  1.9893e-03  1.9893e-03  +0.0000e+00  +1.3705e-05  +1.3705e-05  +0.0000e+00        1    +1.3525e-04  1.7938e-07  1.7938e-07  +0.0000e+00  1.0000e-01  
    173    1.9893e-03  1.5625e-02  1.2041e-03  1.2041e-03  +0.0000e+00  +1.3610e-05  +1.3610e-05  +0.0000e+00        1    +1.3423e-04  1.8695e-07  1.8695e-07  +0.0000e+00  1.0000e-01  
    174    1.2041e-03  3.1250e-02  2.0302e-03  2.0302e-03  +0.0000e+00  +1.3594e-05  +1.3594e-05  +0.0000e+00        1    +1.3344e-04  2.5011e-07  2.5011e-07  +0.0000e+00  1.0000e-01  
    175    2.0302e-03  1.5625e-02  1.2244e-03  1.2244e-03  +0.0000e+00  +1.3498e-05  +1.3498e-05  +0.0000e+00        1    +1.3240e-04  2.5776e-07  2.5776e-07  +0.0000e+00  1.0000e-01  
    176    1.2244e-03  3.1250e-02  2.0741e-03  2.0741e-03  +0.0000e+00  +1.3488e-05  +1.3488e-05  +0.0000e+00        1    +1.3167e-04  3.2110e-07  3.2110e-07  +0.0000e+00  1.0000e-01  
    177    2.0741e-03  1.5625e-02  1.2463e-03  1.2463e-03  +0.0000e+00  +1.3391e-05  +1.3391e-05  +0.0000e+00        1    +1.3062e-04  3.2896e-07  3.2896e-07  +0.0000e+00  1.0000e-01  
    178    1.2463e-03  3.1250e-02  2.1213e-03  2.1213e-03  +0.0000e+00  +1.3388e-05  +1.3388e-05  +0.0000e+00        1    +1.2995e-04  3.9272e-07  3.9272e-07  +0.0000e+00  1.0000e-01  
    179    2.1213e-03  1.5625e-02  1.2699e-03  1.2699e-03  +0.0000e+00  +1.3289e-05  +1.3289e-05  +0.0000e+00        1    +1.2888e-04  4.0092e-07  4.0092e-07  +0.0000e+00  1.0000e-01  
    180    1.2699e-03  1.5625e-02  9.6747e-04  9.6747e-04  +0.0000e+00  +1.3231e-05  +1.3231e-05  +0.0000e+00        1    +1.2817e-04  4.1389e-07  4.1389e-07  +0.0000e+00  1.0000e-01  
=========================================================
Total gradient evaluations: 9.267e+04 
