=========================================================
*                                                       *
*  Samples: 1.28e+02; epsilon: 7.8231e-02; varepson:7.8231e-02 *
*                                                       *
=========================================================
     Iter   search_dire    stepsize    KKT_inf    eKKT_inf    KKT-eKKT      merit     e_merit     mrt-emrt      rank          f           c           ec        c-ec         tau    
initial    0.0000e+00  0.0000e+00  5.3066e+00  5.3040e+00  +2.6158e-03  +4.5082e+00  +4.5307e+00  -2.2455e-02        1    +1.9759e+00  4.3106e+00  4.3331e+00  -2.2455e-02  1.0000e-01  
      1    5.3066e+00  3.9062e-03  4.2578e+00  4.2279e+00  +2.9883e-02  +4.3918e+00  +4.3619e+00  +2.9883e-02        1    +1.3406e+00  4.2578e+00  4.2279e+00  +2.9883e-02  1.0000e-01  
      2    3.6676e+00  3.9062e-03  4.2338e+00  4.2345e+00  -7.5374e-04  +4.3059e+00  +4.3067e+00  -7.5374e-04        1    +7.2174e-01  4.2338e+00  4.2345e+00  -7.5374e-04  1.0000e-01  
      3    2.7660e+00  3.9062e-03  4.2101e+00  4.1868e+00  +2.3231e-02  +4.2490e+00  +4.2257e+00  +2.3231e-02        1    +3.8900e-01  4.2101e+00  4.1868e+00  +2.3231e-02  1.0000e-01  
      4    1.6696e+00  3.9062e-03  4.1945e+00  4.1828e+00  +1.1727e-02  +4.2187e+00  +4.2070e+00  +1.1727e-02        1    +2.4192e-01  4.1945e+00  4.1828e+00  +1.1727e-02  1.0000e-01  
      5    1.0355e+00  7.8125e-03  4.1568e+00  4.1269e+00  +2.9887e-02  +4.1989e+00  +4.1690e+00  +2.9887e-02        1    +4.2076e-01  4.1568e+00  4.1269e+00  +2.9887e-02  1.0000e-01  
      6    1.9698e+00  3.9062e-03  4.1421e+00  4.1273e+00  +1.4817e-02  +4.1623e+00  +4.1474e+00  +1.4817e-02        1    +2.0171e-01  4.1421e+00  4.1273e+00  +1.4817e-02  1.0000e-01  
      7    1.1712e+00  7.8125e-03  4.1061e+00  4.0715e+00  +3.4646e-02  +4.1555e+00  +4.1209e+00  +3.4646e-02        1    +4.9415e-01  4.1061e+00  4.0715e+00  +3.4646e-02  1.0000e-01  
      8    2.2376e+00  3.9062e-03  4.0924e+00  4.0751e+00  +1.7219e-02  +4.1105e+00  +4.0933e+00  +1.7219e-02        1    +1.8110e-01  4.0924e+00  4.0751e+00  +1.7219e-02  1.0000e-01  
      9    1.2060e+00  7.8125e-03  4.0585e+00  4.0213e+00  +3.7210e-02  +4.1093e+00  +4.0721e+00  +3.7210e-02        1    +5.0803e-01  4.0585e+00  4.0213e+00  +3.7210e-02  1.0000e-01  
     10    2.2739e+00  3.9062e-03  4.0454e+00  4.0258e+00  +1.9660e-02  +4.0602e+00  +4.0405e+00  +1.9660e-02        1    +1.4755e-01  4.0454e+00  4.0258e+00  +1.9660e-02  1.0000e-01  
     11    1.0930e+00  7.8125e-03  4.0131e+00  3.9755e+00  +3.7525e-02  +4.0544e+00  +4.0168e+00  +3.7525e-02        1    +4.1292e-01  4.0131e+00  3.9755e+00  +3.7525e-02  1.0000e-01  
     12    2.0400e+00  3.9062e-03  4.0000e+00  3.9778e+00  +2.2168e-02  +4.0103e+00  +3.9881e+00  +2.2168e-02        1    +1.0279e-01  4.0000e+00  3.9778e+00  +2.2168e-02  1.0000e-01  
     13    8.7769e-01  7.8125e-03  3.9684e+00  3.9320e+00  +3.6412e-02  +3.9954e+00  +3.9590e+00  +3.6412e-02        1    +2.7001e-01  3.9684e+00  3.9320e+00  +3.6412e-02  1.0000e-01  
     14    1.6453e+00  3.9062e-03  3.9548e+00  3.9304e+00  +2.4394e-02  +3.9612e+00  +3.9368e+00  +2.4394e-02        1    +6.4430e-02  3.9548e+00  3.9304e+00  +2.4394e-02  1.0000e-01  
     15    6.5583e-01  7.8125e-03  3.9236e+00  3.8886e+00  +3.4940e-02  +3.9391e+00  +3.9042e+00  +3.4940e-02        1    +1.5543e-01  3.9236e+00  3.8886e+00  +3.4940e-02  1.0000e-01  
     16    1.2369e+00  3.9062e-03  3.9094e+00  3.8833e+00  +2.6118e-02  +3.9133e+00  +3.8872e+00  +2.6118e-02        1    +3.9308e-02  3.9094e+00  3.8833e+00  +2.6118e-02  1.0000e-01  
     17    4.7977e-01  1.5625e-02  3.8473e+00  3.8062e+00  +4.1148e-02  +3.8939e+00  +3.8527e+00  +4.1148e-02        1    +4.6570e-01  3.8473e+00  3.8062e+00  +4.1148e-02  1.0000e-01  
     18    2.1390e+00  3.9062e-03  3.8347e+00  3.8093e+00  +2.5361e-02  +3.8421e+00  +3.8167e+00  +2.5361e-02        1    +7.4221e-02  3.8347e+00  3.8093e+00  +2.5361e-02  1.0000e-01  
     19    7.9624e-01  7.8125e-03  3.8049e+00  3.7674e+00  +3.7525e-02  +3.8251e+00  +3.7876e+00  +3.7525e-02        1    +2.0231e-01  3.8049e+00  3.7674e+00  +3.7525e-02  1.0000e-01  
     20    1.4106e+00  3.9062e-03  3.7912e+00  3.7638e+00  +2.7454e-02  +3.7944e+00  +3.7670e+00  +2.7454e-02        1    +3.2267e-02  3.7912e+00  3.7638e+00  +2.7454e-02  1.0000e-01  
     21    4.7998e-01  1.5625e-02  3.7317e+00  3.6899e+00  +4.1791e-02  +3.7772e+00  +3.7354e+00  +4.1791e-02        1    +4.5502e-01  3.7317e+00  3.6899e+00  +4.1791e-02  1.0000e-01  
     22    2.0732e+00  3.9062e-03  3.7191e+00  3.6923e+00  +2.6816e-02  +3.7243e+00  +3.6975e+00  +2.6816e-02        1    +5.2475e-02  3.7191e+00  3.6923e+00  +2.6816e-02  1.0000e-01  
     23    6.7137e-01  7.8125e-03  3.6901e+00  3.6535e+00  +3.6575e-02  +3.7031e+00  +3.6666e+00  +3.6575e-02        1    +1.3020e-01  3.6901e+00  3.6535e+00  +3.6575e-02  1.0000e-01  
     24    1.1116e+00  7.8125e-03  3.6639e+00  3.6429e+00  +2.0957e-02  +3.6957e+00  +3.6747e+00  +2.0957e-02        1    +3.1788e-01  3.6639e+00  3.6429e+00  +2.0957e-02  1.0000e-01  
     25    1.7717e+00  3.9062e-03  3.6499e+00  3.6163e+00  +3.3610e-02  +3.6532e+00  +3.6196e+00  +3.3610e-02        1    +3.3093e-02  3.6499e+00  3.6163e+00  +3.3610e-02  1.0000e-01  
     26    5.2903e-01  1.5625e-02  3.5957e+00  3.5766e+00  +1.9123e-02  +3.6411e+00  +3.6219e+00  +1.9123e-02        1    +4.5325e-01  3.5957e+00  3.5766e+00  +1.9123e-02  1.0000e-01  
     27    2.0930e+00  3.9062e-03  3.5819e+00  3.5479e+00  +3.3978e-02  +3.5855e+00  +3.5515e+00  +3.3978e-02        1    +3.6457e-02  3.5819e+00  3.5479e+00  +3.3978e-02  1.0000e-01  
     28    5.5795e-01  1.5625e-02  3.5283e+00  3.5096e+00  +1.8668e-02  +3.5777e+00  +3.5590e+00  +1.8668e-02        1    +4.9385e-01  3.5283e+00  3.5096e+00  +1.8668e-02  1.0000e-01  
     29    2.1453e+00  2.5000e-01  1.0940e+01  1.0862e+01  +7.7851e-02  +3.4891e+00  +3.6142e+00  -1.2501e-01        1    +2.8519e+01  6.3720e-01  7.6221e-01  -1.2501e-01  1.0000e-01  
     30    1.0940e+01  1.5625e-02  5.9988e+00  6.0164e+00  -1.7610e-02  +1.5471e+00  +1.6146e+00  -6.7524e-02        1    +1.3248e+01  2.2234e-01  2.8987e-01  -6.7524e-02  1.0000e-01  
     31    5.9988e+00  1.5625e-02  3.8198e+00  3.8273e+00  -7.5046e-03  +1.1426e+00  +1.1936e+00  -5.0952e-02        1    +4.7273e+00  6.6991e-01  7.2086e-01  -5.0952e-02  1.0000e-01  
     32    3.8198e+00  1.5625e-02  1.5971e+00  1.5970e+00  +6.3224e-05  +2.3027e-01  +2.0462e-01  +2.5650e-02        1    +9.1347e-01  1.3892e-01  1.1327e-01  +2.5650e-02  1.0000e-01  
     33    1.5971e+00  3.1250e-02  1.4204e+00  1.4232e+00  -2.7977e-03  +2.2467e-01  +2.3710e-01  -1.2435e-02        1    +7.8132e-01  1.4653e-01  1.5897e-01  -1.2435e-02  1.0000e-01  
     34    1.4204e+00  3.1250e-02  1.2930e+00  1.2932e+00  -1.6648e-04  +1.8608e-01  +1.6341e-01  +2.2668e-02        1    +6.3286e-01  1.2279e-01  1.0012e-01  +2.2668e-02  1.0000e-01  
     35    1.2930e+00  3.1250e-02  1.0382e+00  1.0388e+00  -6.0362e-04  +1.7855e-01  +1.8512e-01  -6.5758e-03        1    +4.7303e-01  1.3125e-01  1.3782e-01  -6.5758e-03  1.0000e-01  
     36    1.0382e+00  3.1250e-02  8.7312e-01  8.7354e-01  -4.1478e-04  +1.6133e-01  +1.4352e-01  +1.7813e-02        1    +3.5312e-01  1.2602e-01  1.0821e-01  +1.7813e-02  1.0000e-01  
     37    8.7312e-01  3.1250e-02  6.6592e-01  6.6403e-01  +1.8927e-03  +1.5418e-01  +1.5558e-01  -1.3949e-03        1    +2.6510e-01  1.2767e-01  1.2907e-01  -1.3949e-03  1.0000e-01  
     38    6.6592e-01  3.1250e-02  5.5763e-01  5.5801e-01  -3.7725e-04  +1.4671e-01  +1.3278e-01  +1.3936e-02        1    +2.0782e-01  1.2593e-01  1.1199e-01  +1.3936e-02  1.0000e-01  
     39    5.5763e-01  3.1250e-02  4.2014e-01  4.1795e-01  +2.1873e-03  +1.4091e-01  +1.3901e-01  +1.8920e-03        1    +1.6834e-01  1.2407e-01  1.2218e-01  +1.8920e-03  1.0000e-01  
     40    4.2014e-01  3.1250e-02  3.6446e-01  3.6429e-01  +1.7145e-04  +1.3610e-01  +1.2459e-01  +1.1514e-02        1    +1.4288e-01  1.2182e-01  1.1030e-01  +1.1514e-02  1.0000e-01  
     41    3.6446e-01  3.1250e-02  2.7744e-01  2.7691e-01  +5.2914e-04  +1.3120e-01  +1.2742e-01  +3.7743e-03        1    +1.2393e-01  1.1880e-01  1.1503e-01  +3.7743e-03  1.0000e-01  
     42    2.7744e-01  3.1250e-02  2.5360e-01  2.5057e-01  +3.0346e-03  +1.2706e-01  +1.1694e-01  +1.0128e-02        1    +1.1091e-01  1.1597e-01  1.0584e-01  +1.0128e-02  1.0000e-01  
     43    2.5360e-01  3.1250e-02  1.9741e-01  1.9776e-01  -3.5341e-04  +1.2268e-01  +1.1783e-01  +4.8436e-03        1    +1.0005e-01  1.1267e-01  1.0783e-01  +4.8436e-03  1.0000e-01  
     44    1.9741e-01  3.1250e-02  1.8950e-01  1.8719e-01  +2.3091e-03  +1.1885e-01  +1.0955e-01  +9.3059e-03        1    +9.1908e-02  1.0966e-01  1.0036e-01  +9.3059e-03  1.0000e-01  
     45    1.8950e-01  6.2500e-02  4.9184e-01  4.9258e-01  -7.4105e-04  +1.1790e-01  +1.1643e-01  +1.4698e-03        1    +1.4472e-01  1.0343e-01  1.0196e-01  +1.4698e-03  1.0000e-01  
     46    4.9184e-01  3.1250e-02  4.6586e-01  4.6019e-01  +5.6770e-03  +1.1533e-01  +1.0336e-01  +1.1972e-02        1    +1.2925e-01  1.0241e-01  9.0437e-02  +1.1972e-02  1.0000e-01  
     47    4.6586e-01  3.1250e-02  4.1345e-01  4.1408e-01  -6.3083e-04  +1.1222e-01  +1.1012e-01  +2.1069e-03        1    +1.1529e-01  1.0070e-01  9.8589e-02  +2.1069e-03  1.0000e-01  
     48    4.1345e-01  3.1250e-02  3.9813e-01  3.9324e-01  +4.8898e-03  +1.0965e-01  +9.8862e-02  +1.0786e-02        1    +1.0489e-01  9.9160e-02  8.8374e-02  +1.0786e-02  1.0000e-01  
     49    3.9813e-01  3.1250e-02  3.6046e-01  3.6101e-01  -5.4879e-04  +1.0649e-01  +1.0407e-01  +2.4230e-03        1    +9.5286e-02  9.6960e-02  9.4537e-02  +2.4230e-03  1.0000e-01  
     50    3.6046e-01  3.1250e-02  3.5465e-01  3.5027e-01  +4.3762e-03  +1.0406e-01  +9.4244e-02  +9.8188e-03        1    +8.8247e-02  9.5238e-02  8.5419e-02  +9.8188e-03  1.0000e-01  
     51    3.5465e-01  3.1250e-02  3.2791e-01  3.2842e-01  -5.0359e-04  +1.0095e-01  +9.8559e-02  +2.3883e-03        1    +8.1530e-02  9.2794e-02  9.0406e-02  +2.3883e-03  1.0000e-01  
     52    3.2791e-01  3.1250e-02  3.3009e-01  3.2602e-01  +4.0748e-03  +9.8708e-02  +8.9741e-02  +8.9663e-03        1    +7.6705e-02  9.1037e-02  8.2071e-02  +8.9663e-03  1.0000e-01  
     53    3.3009e-01  3.1250e-02  3.1106e-01  3.1155e-01  -4.9123e-04  +9.5689e-02  +9.3644e-02  +2.0457e-03        1    +7.1962e-02  8.8493e-02  8.6447e-02  +2.0457e-03  1.0000e-01  
     54    3.1106e-01  3.1250e-02  3.2035e-01  3.1641e-01  +3.9381e-03  +9.3645e-02  +8.5461e-02  +8.1841e-03        1    +6.8731e-02  8.6772e-02  7.8588e-02  +8.1841e-03  1.0000e-01  
     55    3.2035e-01  3.1250e-02  3.0677e-01  3.0728e-01  -5.0805e-04  +9.0761e-02  +8.9308e-02  +1.4534e-03        1    +6.5517e-02  8.4210e-02  8.2756e-02  +1.4534e-03  1.0000e-01  
     56    3.0677e-01  3.1250e-02  3.2313e-01  3.1919e-01  +3.9402e-03  +8.8919e-02  +8.1451e-02  +7.4686e-03        1    +6.3637e-02  8.2556e-02  7.5087e-02  +7.4686e-03  1.0000e-01  
     57    3.2313e-01  3.1250e-02  3.1359e-01  3.1414e-01  -5.5342e-04  +8.6207e-02  +8.5545e-02  +6.6211e-04        1    +6.1842e-02  8.0023e-02  7.9361e-02  +6.6211e-04  1.0000e-01  
     58    3.1359e-01  3.1250e-02  3.3765e-01  3.3358e-01  +4.0720e-03  +8.4579e-02  +7.7740e-02  +6.8388e-03        1    +6.1337e-02  7.8445e-02  7.1606e-02  +6.8388e-03  1.0000e-01  
     59    3.3765e-01  3.1250e-02  3.3147e-01  3.3189e-01  -4.1670e-04  +8.2080e-02  +8.2370e-02  -2.9073e-04        1    +6.1099e-02  7.5970e-02  7.6261e-02  -2.9073e-04  1.0000e-01  
     60    3.3147e-01  3.1250e-02  3.6409e-01  3.5976e-01  +4.3355e-03  +8.0676e-02  +7.4352e-02  +6.3245e-03        1    +6.2188e-02  7.4458e-02  6.8133e-02  +6.3245e-03  1.0000e-01  
     61    3.6409e-01  3.1250e-02  3.6556e-01  3.6139e-01  +4.1752e-03  +7.8439e-02  +7.9817e-02  -1.3782e-03        1    +6.3838e-02  7.2055e-02  7.3433e-02  -1.3782e-03  1.0000e-01  
     62    3.6556e-01  3.1250e-02  4.0288e-01  3.9815e-01  +4.7347e-03  +7.7265e-02  +7.1309e-02  +5.9558e-03        1    +6.6856e-02  7.0579e-02  6.4623e-02  +5.9558e-03  1.0000e-01  
     63    4.0288e-01  3.1250e-02  4.1253e-01  4.0787e-01  +4.6662e-03  +7.5340e-02  +7.7916e-02  -2.5758e-03        1    +7.0820e-02  6.8258e-02  7.0834e-02  -2.5758e-03  1.0000e-01  
     64    4.1253e-01  3.1250e-02  4.5353e-01  4.4826e-01  +5.2644e-03  +7.4370e-02  +6.8618e-02  +5.7523e-03        1    +7.6053e-02  6.6765e-02  6.1013e-02  +5.7523e-03  1.0000e-01  
     65    4.5353e-01  3.1250e-02  4.7074e-01  4.6547e-01  +5.2710e-03  +7.2797e-02  +7.6642e-02  -3.8444e-03        1    +8.2589e-02  6.4538e-02  6.8383e-02  -3.8444e-03  1.0000e-01  
     66    4.7074e-01  3.1250e-02  5.1291e-01  5.0701e-01  +5.8914e-03  +7.1937e-02  +6.6228e-02  +5.7084e-03        1    +8.9900e-02  6.2946e-02  5.7238e-02  +5.7084e-03  1.0000e-01  
     67    5.1291e-01  3.1250e-02  5.3483e-01  5.2889e-01  +5.9341e-03  +7.0702e-02  +7.5811e-02  -5.1085e-03        1    +9.8547e-02  6.0848e-02  6.5956e-02  -5.1085e-03  1.0000e-01  
     68    5.3483e-01  3.1250e-02  5.7348e-01  5.6694e-01  +6.5364e-03  +6.9745e-02  +6.3969e-02  +5.7752e-03        1    +1.0681e-01  5.9064e-02  5.3289e-02  +5.7752e-03  1.0000e-01  
     69    5.7348e-01  3.1250e-02  5.9439e-01  5.8784e-01  +6.5527e-03  +6.8735e-02  +7.4976e-02  -6.2405e-03        1    +1.1573e-01  5.7163e-02  6.3403e-02  -6.2405e-03  1.0000e-01  
     70    5.9439e-01  3.1250e-02  6.2324e-01  6.1616e-01  +7.0724e-03  +6.7379e-02  +6.1526e-02  +5.8527e-03        1    +1.2253e-01  5.5126e-02  4.9273e-02  +5.8527e-03  1.0000e-01  
     71    6.2324e-01  3.1250e-02  6.3578e-01  6.2879e-01  +6.9928e-03  +6.6363e-02  +7.3448e-02  -7.0848e-03        1    +1.2864e-01  5.3499e-02  6.0584e-02  -7.0848e-03  1.0000e-01  
     72    6.3578e-01  3.1250e-02  6.4937e-01  6.4200e-01  +7.3609e-03  +6.4369e-02  +5.8559e-02  +5.8093e-03        1    +1.3120e-01  5.1249e-02  4.5439e-02  +5.8093e-03  1.0000e-01  
     73    6.4937e-01  3.1250e-02  6.4784e-01  6.4070e-01  +7.1396e-03  +6.3084e-02  +7.0613e-02  -7.5286e-03        1    +1.3185e-01  4.9899e-02  5.7428e-02  -7.5286e-03  1.0000e-01  
     74    6.4784e-01  3.1250e-02  6.4464e-01  6.3732e-01  +7.3164e-03  +6.0480e-02  +5.4943e-02  +5.5369e-03        1    +1.2885e-01  4.7595e-02  4.2058e-02  +5.5369e-03  1.0000e-01  
     75    6.4464e-01  3.1250e-02  6.2806e-01  6.2111e-01  +6.9533e-03  +5.8794e-02  +6.6367e-02  -7.5726e-03        1    +1.2379e-01  4.6416e-02  5.3988e-02  -7.5726e-03  1.0000e-01  
     76    6.2806e-01  3.1250e-02  6.1141e-01  6.0446e-01  +6.9519e-03  +5.5893e-02  +5.0886e-02  +5.0062e-03        1    +1.1637e-01  4.4256e-02  3.9250e-02  +5.0062e-03  1.0000e-01  
     77    6.1141e-01  3.1250e-02  5.8348e-01  5.7699e-01  +6.4895e-03  +5.3877e-02  +6.1209e-02  -7.3313e-03        1    +1.0771e-01  4.3106e-02  5.0437e-02  -7.3313e-03  1.0000e-01  
     78    5.8348e-01  3.1250e-02  5.5955e-01  5.5318e-01  +6.3664e-03  +5.1051e-02  +4.6779e-02  +4.2722e-03        1    +9.8429e-02  4.1208e-02  3.6936e-02  +4.2722e-03  1.0000e-01  
     79    5.5955e-01  3.1250e-02  5.2599e-01  5.2013e-01  +5.8653e-03  +4.8894e-02  +5.5859e-02  -6.9648e-03        1    +8.8894e-02  4.0004e-02  4.6969e-02  -6.9648e-03  1.0000e-01  
     80    5.2599e-01  3.1250e-02  5.0069e-01  4.9501e-01  +5.6876e-03  +4.6376e-02  +4.2945e-02  +3.4303e-03        1    +7.9974e-02  3.8378e-02  3.4948e-02  +3.4303e-03  1.0000e-01  
     81    5.0069e-01  3.1250e-02  4.6655e-01  4.6135e-01  +5.2008e-03  +4.4253e-02  +5.0860e-02  -6.6071e-03        1    +7.1380e-02  3.7115e-02  4.3722e-02  -6.6071e-03  1.0000e-01  
     82    4.6655e-01  3.1250e-02  4.4377e-01  4.3875e-01  +5.0200e-03  +4.2106e-02  +3.9538e-02  +2.5679e-03        1    +6.3960e-02  3.5710e-02  3.3142e-02  +2.5679e-03  1.0000e-01  
     83    4.4377e-01  3.1250e-02  4.1227e-01  4.0768e-01  +4.5814e-03  +4.0123e-02  +4.6459e-02  -6.3357e-03        1    +5.7017e-02  3.4422e-02  4.0757e-02  -6.3357e-03  1.0000e-01  
     84    4.1227e-01  3.1250e-02  3.9378e-01  3.8935e-01  +4.4255e-03  +3.8311e-02  +3.6568e-02  +1.7433e-03        1    +5.1332e-02  3.3178e-02  3.1435e-02  +1.7433e-03  1.0000e-01  
     85    3.9378e-01  3.1250e-02  3.6642e-01  3.6237e-01  +4.0499e-03  +3.6510e-02  +4.2688e-02  -6.1785e-03        1    +4.6046e-02  3.1905e-02  3.8084e-02  -6.1785e-03  1.0000e-01  
     86    3.6642e-01  3.1250e-02  3.5257e-01  3.4864e-01  +3.9293e-03  +3.4967e-02  +3.3981e-02  +9.8629e-04        1    +4.1889e-02  3.0778e-02  2.9792e-02  +9.8629e-04  1.0000e-01  
     87    3.5257e-01  3.1250e-02  3.2977e-01  3.2615e-01  +3.6190e-03  +3.3347e-02  +3.9481e-02  -6.1338e-03        1    +3.7989e-02  2.9549e-02  3.5682e-02  -6.1338e-03  1.0000e-01  
     88    3.2977e-01  3.1250e-02  3.2020e-01  3.1667e-01  +3.5337e-03  +3.2012e-02  +3.1704e-02  +3.0799e-04        1    +3.5035e-02  2.8508e-02  2.8200e-02  +3.0799e-04  1.0000e-01  
     89    3.2020e-01  3.1250e-02  3.0177e-01  2.9849e-01  +3.2844e-03  +3.0557e-02  +3.6744e-02  -6.1864e-03        1    +3.2207e-02  2.7337e-02  3.3523e-02  -6.1864e-03  1.0000e-01  
     90    3.0177e-01  3.1250e-02  2.9590e-01  2.9267e-01  +3.2306e-03  +2.9381e-02  +2.9672e-02  -2.9078e-04        1    +3.0161e-02  2.6365e-02  2.6655e-02  -2.9078e-04  1.0000e-01  
     91    2.9590e-01  3.1250e-02  2.8143e-01  2.7839e-01  +3.0354e-03  +2.8069e-02  +3.4387e-02  -6.3180e-03        1    +2.8140e-02  2.5255e-02  3.1573e-02  -6.3180e-03  1.0000e-01  
     92    2.8143e-01  3.1250e-02  2.7865e-01  2.7564e-01  +3.0083e-03  +2.7016e-02  +2.7830e-02  -8.1367e-04        1    +2.6777e-02  2.4338e-02  2.5152e-02  -8.1367e-04  1.0000e-01  
     93    2.7865e-01  3.1250e-02  2.6767e-01  2.6481e-01  +2.8595e-03  +2.5826e-02  +3.2338e-02  -6.5115e-03        1    +2.5366e-02  2.3290e-02  2.9801e-02  -6.5115e-03  1.0000e-01  
     94    2.6767e-01  3.1250e-02  2.6749e-01  2.6463e-01  +2.8552e-03  +2.4870e-02  +2.6136e-02  -1.2656e-03        1    +2.4526e-02  2.2418e-02  2.3683e-02  -1.2656e-03  1.0000e-01  
     95    2.6749e-01  3.1250e-02  2.5956e-01  2.5681e-01  +2.7458e-03  +2.3783e-02  +3.0535e-02  -6.7528e-03        1    +2.3588e-02  2.1424e-02  2.8177e-02  -6.7528e-03  1.0000e-01  
     96    2.5956e-01  3.1250e-02  2.6159e-01  2.5883e-01  +2.7611e-03  +2.2905e-02  +2.4556e-02  -1.6515e-03        1    +2.3166e-02  2.0588e-02  2.2240e-02  -1.6515e-03  1.0000e-01  
     97    2.6159e-01  3.1250e-02  2.5632e-01  2.5363e-01  +2.6847e-03  +2.1903e-02  +2.8933e-02  -7.0302e-03        1    +2.2607e-02  1.9642e-02  2.6672e-02  -7.0302e-03  1.0000e-01  
     98    2.5632e-01  3.1250e-02  2.6025e-01  2.5753e-01  +2.7176e-03  +2.1088e-02  +2.3063e-02  -1.9755e-03        1    +2.2536e-02  1.8834e-02  2.0810e-02  -1.9755e-03  1.0000e-01  
     99    2.6025e-01  3.1250e-02  2.5730e-01  2.5463e-01  +2.6684e-03  +2.0157e-02  +2.7492e-02  -7.3346e-03        1    +2.2295e-02  1.7928e-02  2.5262e-02  -7.3346e-03  1.0000e-01  
    100    2.5730e-01  3.1250e-02  2.6288e-01  2.6017e-01  +2.7175e-03  +1.9392e-02  +2.1633e-02  -2.2416e-03        1    +2.2531e-02  1.7139e-02  1.9380e-02  -2.2416e-03  1.0000e-01  
    101    2.6288e-01  3.1250e-02  2.6192e-01  2.5923e-01  +2.6900e-03  +1.8519e-02  +2.6177e-02  -7.6580e-03        1    +2.2564e-02  1.6263e-02  2.3921e-02  -7.6580e-03  1.0000e-01  
    102    2.6192e-01  3.1250e-02  2.6893e-01  2.6618e-01  +2.7544e-03  +1.7791e-02  +2.0245e-02  -2.4538e-03        1    +2.3078e-02  1.5484e-02  1.7937e-02  -2.4538e-03  1.0000e-01  
    103    2.6893e-01  3.1250e-02  2.6961e-01  2.6687e-01  +2.7431e-03  +1.6965e-02  +2.4958e-02  -7.9929e-03        1    +2.3348e-02  1.4630e-02  2.2623e-02  -7.9929e-03  1.0000e-01  
    104    2.6961e-01  3.1250e-02  2.7779e-01  2.7497e-01  +2.8216e-03  +1.6263e-02  +1.8879e-02  -2.6166e-03        1    +2.4113e-02  1.3851e-02  1.6468e-02  -2.6166e-03  1.0000e-01  
    105    2.7779e-01  3.1250e-02  2.7973e-01  2.7691e-01  +2.8210e-03  +1.5472e-02  +2.3803e-02  -8.3315e-03        1    +2.4581e-02  1.3013e-02  2.1345e-02  -8.3315e-03  1.0000e-01  
    106    2.7973e-01  3.1250e-02  2.8876e-01  2.8585e-01  +2.9118e-03  +1.4782e-02  +1.7518e-02  -2.7361e-03        1    +2.5562e-02  1.2226e-02  1.4962e-02  -2.7361e-03  1.0000e-01  
    107    2.8876e-01  3.1250e-02  2.9150e-01  2.8858e-01  +2.9159e-03  +1.4015e-02  +2.2680e-02  -8.6652e-03        1    +2.6174e-02  1.1397e-02  2.0062e-02  -8.6652e-03  1.0000e-01  
    108    2.9150e-01  3.1250e-02  3.0098e-01  2.9797e-01  +3.0162e-03  +1.3326e-02  +1.6146e-02  -2.8203e-03        1    +2.7315e-02  1.0594e-02  1.3414e-02  -2.8203e-03  1.0000e-01  
    109    3.0098e-01  3.1250e-02  3.0398e-01  3.0096e-01  +3.0188e-03  +1.2571e-02  +2.1555e-02  -8.9841e-03        1    +2.7998e-02  9.7710e-03  1.8755e-02  -8.9841e-03  1.0000e-01  
    110    3.0398e-01  3.1250e-02  3.1341e-01  3.1029e-01  +3.1245e-03  +1.1870e-02  +1.4750e-02  -2.8799e-03        1    +2.9217e-02  8.9487e-03  1.1829e-02  -2.8799e-03  1.0000e-01  
    111    3.1341e-01  3.1250e-02  3.1606e-01  3.1294e-01  +3.1195e-03  +1.1119e-02  +2.0396e-02  -9.2776e-03        1    +2.9874e-02  8.1314e-03  1.7409e-02  -9.2776e-03  1.0000e-01  
    112    3.1606e-01  3.1250e-02  3.2489e-01  3.2166e-01  +3.2251e-03  +1.0397e-02  +1.3325e-02  -2.9275e-03        1    +3.1062e-02  7.2910e-03  1.0218e-02  -2.9275e-03  1.0000e-01  
    113    3.2489e-01  3.1250e-02  3.2656e-01  3.2336e-01  +3.2070e-03  +9.6417e-03  +1.9177e-02  -9.5351e-03        1    +3.1581e-02  6.4836e-03  1.6019e-02  -9.5351e-03  1.0000e-01  
    114    3.2656e-01  3.1250e-02  3.3423e-01  3.3092e-01  +3.3061e-03  +8.8940e-03  +1.1871e-02  -2.9772e-03        1    +3.2614e-02  5.6326e-03  8.6098e-03  -2.9772e-03  1.0000e-01  
    115    3.3423e-01  3.1250e-02  3.3439e-01  3.3112e-01  +3.2713e-03  +8.1318e-03  +1.7880e-02  -9.7480e-03        1    +3.2886e-02  4.8432e-03  1.4591e-02  -9.7480e-03  1.0000e-01  
    116    3.3439e-01  3.1250e-02  3.4042e-01  3.3707e-01  +3.3572e-03  +7.3599e-03  +1.0403e-02  -3.0427e-03        1    +3.3648e-02  3.9951e-03  7.0378e-03  -3.0427e-03  1.0000e-01  
    117    3.4042e-01  3.1250e-02  3.3870e-01  3.3539e-01  +3.3041e-03  +6.5938e-03  +1.6505e-02  -9.9114e-03        1    +3.3592e-02  3.2346e-03  1.3146e-02  -9.9114e-03  1.0000e-01  
    118    3.3870e-01  3.1250e-02  3.4280e-01  3.3943e-01  +3.3714e-03  +5.8076e-03  +8.9426e-03  -3.1350e-03        1    +3.4003e-02  2.4074e-03  5.5423e-03  -3.1350e-03  1.0000e-01  
    119    3.4280e-01  3.1250e-02  3.3903e-01  3.3573e-01  +3.3009e-03  +5.0461e-03  +1.5071e-02  -1.0025e-02        1    +3.3586e-02  1.6875e-03  1.1712e-02  -1.0025e-02  1.0000e-01  
    120    3.3903e-01  3.1250e-02  3.4115e-01  3.3780e-01  +3.3461e-03  +4.2625e-03  +7.5233e-03  -3.2608e-03        1    +3.3618e-02  9.0070e-04  4.1615e-03  -3.2608e-03  1.0000e-01  
    121    3.4115e-01  3.1250e-02  3.3544e-01  3.3218e-01  +3.2616e-03  +3.5184e-03  +1.3612e-02  -1.0094e-02        1    +3.2865e-02  2.3184e-04  1.0325e-02  -1.0094e-02  1.0000e-01  
    122    3.3544e-01  1.5625e-02  1.1938e-02  1.2046e-02  -1.0811e-04  +2.8620e-04  +7.0517e-03  -6.7655e-03        1    +2.2923e-03  5.6972e-05  6.8225e-03  -6.7655e-03  1.0000e-01  
=========================================================
Total gradient evaluations: 1.574e+04 
