=========================================================
*                                                       *
*  Samples: 5.12e+02; epsilon: 1.0000e-03; varepson:1.0000e-03 *
*                                                       *
=========================================================
     Iter   search_dire    stepsize    KKT_inf    eKKT_inf    KKT-eKKT      merit     e_merit     mrt-emrt      rank          f           c           ec        c-ec         tau    
initial    0.0000e+00  0.0000e+00  1.2046e-02  1.2046e-02  +0.0000e+00  +7.0517e-03  +7.0517e-03  +0.0000e+00        1    +2.2923e-03  6.8225e-03  6.8225e-03  +0.0000e+00  1.0000e-01  
      1    1.2046e-02  1.0000e+00  5.4433e-02  5.4433e-02  +0.0000e+00  +1.2418e-03  +1.2418e-03  +0.0000e+00        1    +3.8515e-03  8.5668e-04  8.5668e-04  +0.0000e+00  1.0000e-01  
      2    5.4433e-02  1.5625e-02  3.7752e-02  3.7752e-02  +0.0000e+00  +1.1706e-03  +1.1706e-03  +0.0000e+00        1    +2.7708e-03  8.9348e-04  8.9348e-04  +0.0000e+00  1.0000e-01  
      3    3.7752e-02  6.2500e-02  1.8550e-02  1.8550e-02  +0.0000e+00  +1.1349e-03  +1.1349e-03  +0.0000e+00        1    +1.8723e-03  9.4766e-04  9.4766e-04  +0.0000e+00  1.0000e-01  
      4    1.8550e-02  6.2500e-02  5.9428e-02  5.9428e-02  +0.0000e+00  +1.0501e-03  +1.0501e-03  +0.0000e+00        1    +2.2409e-03  8.2598e-04  8.2598e-04  +0.0000e+00  1.0000e-01  
      5    5.9428e-02  1.5625e-02  1.6754e-02  1.6754e-02  +0.0000e+00  +9.3886e-04  +9.3886e-04  +0.0000e+00        1    +1.1984e-03  8.1903e-04  8.1903e-04  +0.0000e+00  1.0000e-01  
      6    1.6754e-02  6.2500e-02  2.4882e-02  2.4882e-02  +0.0000e+00  +9.0359e-04  +9.0359e-04  +0.0000e+00        1    +1.0916e-03  7.9443e-04  7.9443e-04  +0.0000e+00  1.0000e-01  
      7    2.4882e-02  3.1250e-02  2.8875e-02  2.8875e-02  +0.0000e+00  +8.9052e-04  +8.9052e-04  +0.0000e+00        1    +1.0777e-03  7.8275e-04  7.8275e-04  +0.0000e+00  1.0000e-01  
      8    2.8875e-02  3.1250e-02  3.4833e-02  3.4833e-02  +0.0000e+00  +8.7813e-04  +8.7813e-04  +0.0000e+00        1    +1.1080e-03  7.6734e-04  7.6734e-04  +0.0000e+00  1.0000e-01  
      9    3.4833e-02  1.5625e-02  8.7925e-03  8.7925e-03  +0.0000e+00  +8.3580e-04  +8.3580e-04  +0.0000e+00        1    +7.6171e-04  7.5963e-04  7.5963e-04  +0.0000e+00  1.0000e-01  
     10    8.7925e-03  2.5000e-01  5.3950e-02  5.3950e-02  +0.0000e+00  +7.3872e-04  +7.3872e-04  +0.0000e+00        1    +1.2996e-03  6.0876e-04  6.0876e-04  +0.0000e+00  1.0000e-01  
     11    5.3950e-02  1.5625e-02  4.8356e-03  4.8356e-03  +0.0000e+00  +6.5723e-04  +6.5723e-04  +0.0000e+00        1    +5.0380e-04  6.0685e-04  6.0685e-04  +0.0000e+00  1.0000e-01  
     12    4.8356e-03  2.5000e-01  6.7157e-02  6.7157e-02  +0.0000e+00  +6.4938e-04  +6.4938e-04  +0.0000e+00        1    +1.6609e-03  4.8329e-04  4.8329e-04  +0.0000e+00  1.0000e-01  
     13    6.7157e-02  1.5625e-02  5.5059e-03  5.5059e-03  +0.0000e+00  +5.3570e-04  +5.3570e-04  +0.0000e+00        1    +4.5375e-04  4.9032e-04  4.9032e-04  +0.0000e+00  1.0000e-01  
     14    5.5059e-03  1.2500e-01  3.7917e-02  3.7917e-02  +0.0000e+00  +5.1270e-04  +5.1270e-04  +0.0000e+00        1    +8.3240e-04  4.2946e-04  4.2946e-04  +0.0000e+00  1.0000e-01  
     15    3.7917e-02  1.5625e-02  3.8345e-03  3.8345e-03  +0.0000e+00  +4.6793e-04  +4.6793e-04  +0.0000e+00        1    +4.2646e-04  4.2528e-04  4.2528e-04  +0.0000e+00  1.0000e-01  
     16    3.8345e-03  2.5000e-01  4.8885e-02  4.8885e-02  +0.0000e+00  +4.5732e-04  +4.5732e-04  +0.0000e+00        1    +1.0254e-03  3.5478e-04  3.5478e-04  +0.0000e+00  1.0000e-01  
     17    4.8885e-02  1.5625e-02  3.8022e-03  3.8022e-03  +0.0000e+00  +4.0110e-04  +4.0110e-04  +0.0000e+00        1    +3.9713e-04  3.6139e-04  3.6139e-04  +0.0000e+00  1.0000e-01  
     18    3.8022e-03  2.5000e-01  6.3286e-02  6.3286e-02  +0.0000e+00  +3.8254e-04  +3.8254e-04  +0.0000e+00        1    +1.6041e-03  2.2213e-04  2.2213e-04  +0.0000e+00  1.0000e-01  
     19    6.3286e-02  3.1250e-02  7.3915e-02  7.3915e-02  +0.0000e+00  +3.4688e-04  +3.4688e-04  +0.0000e+00        1    +1.7550e-03  1.7138e-04  1.7138e-04  +0.0000e+00  1.0000e-01  
     20    7.3915e-02  1.5625e-02  6.4567e-03  6.4567e-03  +0.0000e+00  +2.2634e-04  +2.2634e-04  +0.0000e+00        1    +3.6001e-04  1.9034e-04  1.9034e-04  +0.0000e+00  1.0000e-01  
     21    6.4567e-03  6.2500e-02  1.8558e-02  1.8558e-02  +0.0000e+00  +2.1782e-04  +2.1782e-04  +0.0000e+00        1    +4.2922e-04  1.7489e-04  1.7489e-04  +0.0000e+00  1.0000e-01  
     22    1.8558e-02  3.1250e-02  2.0916e-02  2.0916e-02  +0.0000e+00  +2.1725e-04  +2.1725e-04  +0.0000e+00        1    +4.5545e-04  1.7170e-04  1.7170e-04  +0.0000e+00  1.0000e-01  
     23    2.0916e-02  1.5625e-02  2.1689e-03  2.1689e-03  +0.0000e+00  +2.0374e-04  +2.0374e-04  +0.0000e+00        1    +3.3360e-04  1.7038e-04  1.7038e-04  +0.0000e+00  1.0000e-01  
     24    2.1689e-03  2.5000e-01  2.7879e-02  2.7879e-02  +0.0000e+00  +1.8515e-04  +1.8515e-04  +0.0000e+00        1    +5.2018e-04  1.3313e-04  1.3313e-04  +0.0000e+00  1.0000e-01  
     25    2.7879e-02  1.5625e-02  3.0139e-03  3.0139e-03  +0.0000e+00  +1.6319e-04  +1.6319e-04  +0.0000e+00        1    +3.0583e-04  1.3261e-04  1.3261e-04  +0.0000e+00  1.0000e-01  
     26    3.0139e-03  1.2500e-01  1.8315e-02  1.8315e-02  +0.0000e+00  +1.5963e-04  +1.5963e-04  +0.0000e+00        1    +3.8326e-04  1.2130e-04  1.2130e-04  +0.0000e+00  1.0000e-01  
     27    1.8315e-02  1.5625e-02  1.8553e-03  1.8553e-03  +0.0000e+00  +1.4999e-04  +1.4999e-04  +0.0000e+00        1    +2.9145e-04  1.2085e-04  1.2085e-04  +0.0000e+00  1.0000e-01  
     28    1.8553e-03  2.5000e-01  2.6092e-02  2.6092e-02  +0.0000e+00  +1.3494e-04  +1.3494e-04  +0.0000e+00        1    +4.5829e-04  8.9116e-05  8.9116e-05  +0.0000e+00  1.0000e-01  
     29    2.6092e-02  1.5625e-02  3.3041e-03  3.3041e-03  +0.0000e+00  +1.1468e-04  +1.1468e-04  +0.0000e+00        1    +2.7286e-04  8.7393e-05  8.7393e-05  +0.0000e+00  1.0000e-01  
     30    3.3041e-03  6.2500e-02  7.6667e-03  7.6667e-03  +0.0000e+00  +1.1298e-04  +1.1298e-04  +0.0000e+00        1    +2.7788e-04  8.5196e-05  8.5196e-05  +0.0000e+00  1.0000e-01  
     31    7.6667e-03  3.1250e-02  9.3488e-03  9.3488e-03  +0.0000e+00  +1.1193e-04  +1.1193e-04  +0.0000e+00        1    +2.8033e-04  8.3902e-05  8.3902e-05  +0.0000e+00  1.0000e-01  
     32    9.3488e-03  3.1250e-02  1.0695e-02  1.0695e-02  +0.0000e+00  +1.1083e-04  +1.1083e-04  +0.0000e+00        1    +2.8609e-04  8.2224e-05  8.2224e-05  +0.0000e+00  1.0000e-01  
     33    1.0695e-02  3.1250e-02  1.2894e-02  1.2894e-02  +0.0000e+00  +1.1043e-04  +1.1043e-04  +0.0000e+00        1    +2.9523e-04  8.0909e-05  8.0909e-05  +0.0000e+00  1.0000e-01  
     34    1.2894e-02  1.5625e-02  1.5951e-03  1.5951e-03  +0.0000e+00  +1.0546e-04  +1.0546e-04  +0.0000e+00        1    +2.5284e-04  8.0181e-05  8.0181e-05  +0.0000e+00  1.0000e-01  
     35    1.5951e-03  2.5000e-01  1.8532e-02  1.8532e-02  +0.0000e+00  +9.3933e-05  +9.3933e-05  +0.0000e+00        1    +3.2113e-04  6.1820e-05  6.1820e-05  +0.0000e+00  1.0000e-01  
     36    1.8532e-02  1.5625e-02  2.0924e-03  2.0924e-03  +0.0000e+00  +8.5320e-05  +8.5320e-05  +0.0000e+00        1    +2.3345e-04  6.1976e-05  6.1976e-05  +0.0000e+00  1.0000e-01  
     37    2.0924e-03  1.2500e-01  1.3024e-02  1.3024e-02  +0.0000e+00  +8.1344e-05  +8.1344e-05  +0.0000e+00        1    +2.6695e-04  5.4649e-05  5.4649e-05  +0.0000e+00  1.0000e-01  
     38    1.3024e-02  1.5625e-02  1.6071e-03  1.6071e-03  +0.0000e+00  +7.6700e-05  +7.6700e-05  +0.0000e+00        1    +2.2364e-04  5.4336e-05  5.4336e-05  +0.0000e+00  1.0000e-01  
     39    1.6071e-03  2.5000e-01  1.9599e-02  1.9599e-02  +0.0000e+00  +7.2962e-05  +7.2962e-05  +0.0000e+00        1    +3.0536e-04  4.2426e-05  4.2426e-05  +0.0000e+00  1.0000e-01  
     40    1.9599e-02  1.5625e-02  2.2253e-03  2.2253e-03  +0.0000e+00  +6.3855e-05  +6.3855e-05  +0.0000e+00        1    +2.0757e-04  4.3097e-05  4.3097e-05  +0.0000e+00  1.0000e-01  
     41    2.2253e-03  1.2500e-01  1.4225e-02  1.4225e-02  +0.0000e+00  +6.3069e-05  +6.3069e-05  +0.0000e+00        1    +2.5130e-04  3.7938e-05  3.7938e-05  +0.0000e+00  1.0000e-01  
     42    1.4225e-02  1.5625e-02  1.7015e-03  1.7015e-03  +0.0000e+00  +5.7864e-05  +5.7864e-05  +0.0000e+00        1    +1.9926e-04  3.7938e-05  3.7938e-05  +0.0000e+00  1.0000e-01  
     43    1.7015e-03  1.2500e-01  1.0704e-02  1.0704e-02  +0.0000e+00  +5.5854e-05  +5.5854e-05  +0.0000e+00        1    +2.2031e-04  3.3824e-05  3.3824e-05  +0.0000e+00  1.0000e-01  
     44    1.0704e-02  1.5625e-02  1.4365e-03  1.4365e-03  +0.0000e+00  +5.2919e-05  +5.2919e-05  +0.0000e+00        1    +1.9158e-04  3.3761e-05  3.3761e-05  +0.0000e+00  1.0000e-01  
     45    1.4365e-03  2.5000e-01  1.6480e-02  1.6480e-02  +0.0000e+00  +5.0711e-05  +5.0711e-05  +0.0000e+00        1    +2.5116e-04  2.5596e-05  2.5596e-05  +0.0000e+00  1.0000e-01  
     46    1.6480e-02  1.5625e-02  1.8483e-03  1.8483e-03  +0.0000e+00  +4.3660e-05  +4.3660e-05  +0.0000e+00        1    +1.7918e-04  2.5741e-05  2.5741e-05  +0.0000e+00  1.0000e-01  
     47    1.8483e-03  6.2500e-02  5.8310e-03  5.8310e-03  +0.0000e+00  +4.2927e-05  +4.2927e-05  +0.0000e+00        1    +1.8329e-04  2.4598e-05  2.4598e-05  +0.0000e+00  1.0000e-01  
     48    5.8310e-03  1.5625e-02  9.6920e-04  9.6920e-04  +0.0000e+00  +4.1851e-05  +4.1851e-05  +0.0000e+00        1    +1.7472e-04  2.4379e-05  2.4379e-05  +0.0000e+00  1.0000e-01  
=========================================================
Total gradient evaluations: 2.509e+04 
