=========================================================
*                                                       *
*  Samples: 1.28e+02; epsilon: 7.8231e-02; varepson:7.8231e-02 *
*                                                       *
=========================================================
     Iter   search_dire    stepsize    KKT_inf    eKKT_inf    KKT-eKKT      merit     e_merit     mrt-emrt      rank          f           c           ec        c-ec         tau    
initial    0.0000e+00  0.0000e+00  1.5591e-01  1.5604e-01  -1.2896e-04  +1.3463e-01  +1.1850e-01  +1.6121e-02        1    +9.4418e-03  1.3368e-01  1.1756e-01  +1.6121e-02  1.0000e-01  
      1    1.5591e-01  3.1250e-02  2.8169e-01  2.8226e-01  -5.6919e-04  +1.3284e-01  +1.2204e-01  +1.0796e-02        1    +3.0984e-02  1.2974e-01  1.1894e-01  +1.0796e-02  1.0000e-01  
      2    2.8169e-01  1.5625e-02  1.2786e-01  1.1780e-01  +1.0063e-02  +1.2841e-01  +1.1278e-01  +1.5628e-02        1    +5.4291e-03  1.2786e-01  1.1224e-01  +1.5628e-02  1.0000e-01  
      3    1.1772e-01  3.1250e-02  2.1200e-01  2.1250e-01  -4.9689e-04  +1.2576e-01  +1.1413e-01  +1.1627e-02        1    +1.7627e-02  1.2399e-01  1.1237e-01  +1.1627e-02  1.0000e-01  
      4    2.1200e-01  1.5625e-02  1.2215e-01  1.0688e-01  +1.5270e-02  +1.2246e-01  +1.0719e-01  +1.5270e-02        1    +3.1480e-03  1.2215e-01  1.0688e-01  +1.5270e-02  1.0000e-01  
      5    8.9026e-02  6.2500e-02  4.0833e-01  4.0892e-01  -5.9666e-04  +1.2129e-01  +1.1207e-01  +9.2290e-03        1    +6.4704e-02  1.1482e-01  1.0559e-01  +9.2290e-03  1.0000e-01  
      6    4.0833e-01  1.5625e-02  1.6921e-01  1.6936e-01  -1.4732e-04  +1.1443e-01  +9.8228e-02  +1.6199e-02        1    +1.1089e-02  1.1332e-01  9.7119e-02  +1.6199e-02  1.0000e-01  
      7    1.6921e-01  3.1250e-02  3.0649e-01  3.0702e-01  -5.3393e-04  +1.1373e-01  +1.0331e-01  +1.0422e-02        1    +3.6535e-02  1.1008e-01  9.9655e-02  +1.0422e-02  1.0000e-01  
      8    3.0649e-01  1.5625e-02  1.2720e-01  1.2729e-01  -9.4916e-05  +1.0917e-01  +9.3514e-02  +1.5659e-02        1    +6.3038e-03  1.0854e-01  9.2883e-02  +1.5659e-02  1.0000e-01  
      9    1.2720e-01  3.1250e-02  2.2957e-01  2.3003e-01  -4.6507e-04  +1.0737e-01  +9.6035e-02  +1.1334e-02        1    +2.0570e-02  1.0531e-01  9.3978e-02  +1.1334e-02  1.0000e-01  
     10    2.2957e-01  1.5625e-02  1.0378e-01  9.5677e-02  +8.1026e-03  +1.0414e-01  +8.8878e-02  +1.5262e-02        1    +3.6009e-03  1.0378e-01  8.8517e-02  +1.5262e-02  1.0000e-01  
     11    9.5621e-02  3.1250e-02  1.7198e-01  1.7237e-01  -3.9848e-04  +1.0179e-01  +8.9766e-02  +1.2020e-02        1    +1.1607e-02  1.0063e-01  8.8605e-02  +1.2020e-02  1.0000e-01  
     12    1.7198e-01  3.1250e-02  3.1614e-01  3.1659e-01  -4.4557e-04  +1.0158e-01  +8.3673e-02  +1.7905e-02        1    +3.8515e-02  9.7726e-02  7.9821e-02  +1.7905e-02  1.0000e-01  
     13    3.1614e-01  1.5625e-02  1.2989e-01  1.3024e-01  -3.5241e-04  +9.7144e-02  +8.4652e-02  +1.2493e-02        1    +6.6817e-03  9.6476e-02  8.3983e-02  +1.2493e-02  1.0000e-01  
     14    1.2989e-01  3.1250e-02  2.3912e-01  2.3939e-01  -2.6416e-04  +9.5820e-02  +7.8873e-02  +1.6947e-02        1    +2.2053e-02  9.3615e-02  7.6668e-02  +1.6947e-02  1.0000e-01  
     15    2.3912e-01  1.5625e-02  9.7710e-02  9.8015e-02  -3.0509e-04  +9.2690e-02  +7.9825e-02  +1.2865e-02        1    +3.8357e-03  9.2306e-02  7.9442e-02  +1.2865e-02  1.0000e-01  
     16    9.7710e-02  3.1250e-02  1.8036e-01  1.8052e-01  -1.6239e-04  +9.0771e-02  +7.4549e-02  +1.6222e-02        1    +1.2572e-02  8.9514e-02  7.3292e-02  +1.6222e-02  1.0000e-01  
     17    1.8036e-01  1.5625e-02  8.8201e-02  7.5052e-02  +1.3149e-02  +8.8422e-02  +7.5273e-02  +1.3149e-02        1    +2.2116e-03  8.8201e-02  7.5052e-02  +1.3149e-02  1.0000e-01  
     18    7.3382e-02  6.2500e-02  3.4538e-01  3.4594e-01  -5.6009e-04  +8.7488e-02  +6.9294e-02  +1.8194e-02        1    +4.5949e-02  8.2893e-02  6.4699e-02  +1.8194e-02  1.0000e-01  
     19    3.4538e-01  1.5625e-02  1.4208e-01  1.4241e-01  -3.2967e-04  +8.2740e-02  +7.0459e-02  +1.2281e-02        1    +7.9362e-03  8.1947e-02  6.9665e-02  +1.2281e-02  1.0000e-01  
     20    1.4208e-01  3.1250e-02  2.6068e-01  2.6102e-01  -3.3817e-04  +8.2190e-02  +6.5055e-02  +1.7135e-02        1    +2.6190e-02  7.9571e-02  6.2436e-02  +1.7135e-02  1.0000e-01  
     21    2.6068e-01  1.5625e-02  1.0660e-01  1.0688e-01  -2.8583e-04  +7.8971e-02  +6.6285e-02  +1.2687e-02        1    +4.5178e-03  7.8520e-02  6.5833e-02  +1.2687e-02  1.0000e-01  
     22    1.0660e-01  3.1250e-02  1.9595e-01  1.9615e-01  -2.0292e-04  +7.7659e-02  +6.1324e-02  +1.6336e-02        1    +1.4820e-02  7.6177e-02  5.9842e-02  +1.6336e-02  1.0000e-01  
     23    1.9595e-01  1.5625e-02  7.9761e-02  8.0006e-02  -2.4436e-04  +7.5351e-02  +6.2351e-02  +1.2999e-02        1    +2.5753e-03  7.5093e-02  6.2094e-02  +1.2999e-02  1.0000e-01  
     24    7.9761e-02  3.1250e-02  1.4704e-01  1.4716e-01  -1.2197e-04  +7.3649e-02  +5.7914e-02  +1.5735e-02        1    +8.3716e-03  7.2812e-02  5.7077e-02  +1.5735e-02  1.0000e-01  
     25    1.4704e-01  3.1250e-02  2.6612e-01  2.6652e-01  -4.0586e-04  +7.3533e-02  +6.2803e-02  +1.0729e-02        1    +2.7458e-02  7.0787e-02  6.0058e-02  +1.0729e-02  1.0000e-01  
     26    2.6612e-01  1.5625e-02  1.0940e-01  1.0948e-01  -7.5496e-05  +7.0309e-02  +5.5057e-02  +1.5252e-02        1    +4.6658e-03  6.9842e-02  5.4590e-02  +1.5252e-02  1.0000e-01  
     27    1.0940e-01  3.1250e-02  1.9742e-01  1.9777e-01  -3.4698e-04  +6.9309e-02  +5.7768e-02  +1.1541e-02        1    +1.5164e-02  6.7792e-02  5.6251e-02  +1.1541e-02  1.0000e-01  
     28    1.9742e-01  1.5625e-02  8.1404e-02  8.1446e-02  -4.1609e-05  +6.7089e-02  +5.2188e-02  +1.4901e-02        1    +2.6151e-03  6.6828e-02  5.1927e-02  +1.4901e-02  1.0000e-01  
     29    8.1404e-02  3.1250e-02  1.4648e-01  1.4677e-01  -2.9132e-04  +6.5650e-02  +5.3503e-02  +1.2147e-02        1    +8.3936e-03  6.4811e-02  5.2664e-02  +1.2147e-02  1.0000e-01  
     30    1.4648e-01  1.5625e-02  6.3852e-02  6.0653e-02  +3.1989e-03  +6.4001e-02  +4.9358e-02  +1.4643e-02        1    +1.4831e-03  6.3852e-02  4.9209e-02  +1.4643e-02  1.0000e-01  
=========================================================
Total gradient evaluations: 3.968e+03 
