=========================================================
*                                                       *
*  Samples: 2.56e+02; epsilon: 3.1938e-02; varepson:3.1938e-02 *
*                                                       *
=========================================================
     Iter   search_dire    stepsize    KKT_inf    eKKT_inf    KKT-eKKT      merit     e_merit     mrt-emrt      rank          f           c           ec        c-ec         tau    
initial    0.0000e+00  0.0000e+00  6.3590e-02  6.0653e-02  +2.9364e-03  +6.3738e-02  +4.9358e-02  +1.4380e-02        1    +1.4831e-03  6.3590e-02  4.9209e-02  +1.4380e-02  1.0000e-01  
      1    6.0569e-02  6.2500e-02  2.7879e-01  2.7935e-01  -5.5840e-04  +6.2766e-02  +5.4154e-02  +8.6117e-03        1    +3.0117e-02  5.9754e-02  5.1142e-02  +8.6117e-03  1.0000e-01  
      2    2.7879e-01  1.5625e-02  1.1529e-01  1.1545e-01  -1.5800e-04  +5.9485e-02  +4.4226e-02  +1.5259e-02        1    +5.1741e-03  5.8968e-02  4.3709e-02  +1.5259e-02  1.0000e-01  
      3    1.1529e-01  3.1250e-02  2.0919e-01  2.0962e-01  -4.2942e-04  +5.8958e-02  +4.9191e-02  +9.7666e-03        1    +1.6996e-02  5.7258e-02  4.7491e-02  +9.7666e-03  1.0000e-01  
      4    2.0919e-01  1.5625e-02  8.6645e-02  8.6765e-02  -1.2044e-04  +5.6748e-02  +4.1996e-02  +1.4752e-02        1    +2.9520e-03  5.6453e-02  4.1701e-02  +1.4752e-02  1.0000e-01  
      5    8.6645e-02  3.1250e-02  1.5687e-01  1.5721e-01  -3.3323e-04  +5.5721e-02  +4.5091e-02  +1.0630e-02        1    +9.5974e-03  5.4761e-02  4.4131e-02  +1.0630e-02  1.0000e-01  
      6    1.5687e-01  1.5625e-02  6.5155e-02  6.5239e-02  -8.4738e-05  +5.4129e-02  +3.9760e-02  +1.4369e-02        1    +1.6986e-03  5.3959e-02  3.9590e-02  +1.4369e-02  1.0000e-01  
      7    6.5155e-02  3.1250e-02  1.1769e-01  1.1795e-01  -2.6148e-04  +5.2857e-02  +4.1586e-02  +1.1271e-02        1    +5.4386e-03  5.2313e-02  4.1042e-02  +1.1271e-02  1.0000e-01  
      8    1.1769e-01  3.1250e-02  2.1597e-01  2.1631e-01  -3.3735e-04  +5.2594e-02  +3.5722e-02  +1.6872e-02        1    +1.7984e-02  5.0796e-02  3.3924e-02  +1.6872e-02  1.0000e-01  
      9    2.1597e-01  1.5625e-02  8.8824e-02  8.9033e-02  -2.0870e-04  +5.0437e-02  +3.8702e-02  +1.1735e-02        1    +3.1333e-03  5.0124e-02  3.8389e-02  +1.1735e-02  1.0000e-01  
     10    8.8824e-02  3.1250e-02  1.6318e-01  1.6343e-01  -2.4397e-04  +4.9658e-02  +3.3693e-02  +1.5965e-02        1    +1.0291e-02  4.8629e-02  3.2664e-02  +1.5965e-02  1.0000e-01  
     11    1.6318e-01  1.5625e-02  6.6892e-02  6.7061e-02  -1.6864e-04  +4.8118e-02  +3.6033e-02  +1.2085e-02        1    +1.8109e-03  4.7937e-02  3.5852e-02  +1.2085e-02  1.0000e-01  
     12    6.6892e-02  3.1250e-02  1.2313e-01  1.2330e-01  -1.7311e-04  +4.7070e-02  +3.1798e-02  +1.5272e-02        1    +5.8842e-03  4.6481e-02  3.1209e-02  +1.5272e-02  1.0000e-01  
     13    1.2313e-01  1.5625e-02  5.0322e-02  5.0460e-02  -1.3835e-04  +4.5899e-02  +3.3554e-02  +1.2345e-02        1    +1.0570e-03  4.5793e-02  3.3448e-02  +1.2345e-02  1.0000e-01  
     14    5.0322e-02  6.2500e-02  2.3620e-01  2.3658e-01  -3.7420e-04  +4.5175e-02  +2.8039e-02  +1.7136e-02        1    +2.1494e-02  4.3026e-02  2.5890e-02  +1.7136e-02  1.0000e-01  
     15    2.3620e-01  1.5625e-02  9.7278e-02  9.7501e-02  -2.2318e-04  +4.2877e-02  +3.1360e-02  +1.1518e-02        1    +3.7320e-03  4.2504e-02  3.0987e-02  +1.1518e-02  1.0000e-01  
     16    9.7278e-02  3.1250e-02  1.7840e-01  1.7867e-01  -2.7173e-04  +4.2490e-02  +2.6344e-02  +1.6146e-02        1    +1.2284e-02  4.1261e-02  2.5116e-02  +1.6146e-02  1.0000e-01  
     17    1.7840e-01  1.5625e-02  7.3219e-02  7.3399e-02  -1.7930e-04  +4.0915e-02  +2.9009e-02  +1.1906e-02        1    +2.1463e-03  4.0700e-02  2.8795e-02  +1.1906e-02  1.0000e-01  
     18    7.3219e-02  3.1250e-02  1.3447e-01  1.3466e-01  -1.9391e-04  +4.0179e-02  +2.4789e-02  +1.5391e-02        1    +7.0028e-03  3.9479e-02  2.4088e-02  +1.5391e-02  1.0000e-01  
     19    1.3447e-01  1.5625e-02  5.5029e-02  5.5175e-02  -1.4612e-04  +3.9033e-02  +2.6838e-02  +1.2196e-02        1    +1.2430e-03  3.8909e-02  2.6713e-02  +1.2196e-02  1.0000e-01  
     20    5.5029e-02  3.1250e-02  1.0127e-01  1.0140e-01  -1.3508e-04  +3.8122e-02  +2.3306e-02  +1.4816e-02        1    +3.9963e-03  3.7723e-02  2.2907e-02  +1.4816e-02  1.0000e-01  
     21    1.0127e-01  3.1250e-02  1.8379e-01  1.8418e-01  -3.8558e-04  +3.7963e-02  +2.7966e-02  +9.9971e-03        1    +1.3105e-02  3.6652e-02  2.6655e-02  +9.9971e-03  1.0000e-01  
     22    1.8379e-01  1.5625e-02  7.5848e-02  7.5938e-02  -8.9609e-05  +3.6381e-02  +2.2011e-02  +1.4370e-02        1    +2.2677e-03  3.6154e-02  2.1784e-02  +1.4370e-02  1.0000e-01  
     23    7.5848e-02  3.1250e-02  1.3742e-01  1.3771e-01  -2.9527e-04  +3.5819e-02  +2.5054e-02  +1.0765e-02        1    +7.3582e-03  3.5083e-02  2.4318e-02  +1.0765e-02  1.0000e-01  
     24    1.3742e-01  1.5625e-02  5.6836e-02  5.6892e-02  -5.5782e-05  +3.4709e-02  +2.0674e-02  +1.4035e-02        1    +1.2991e-03  3.4579e-02  2.0544e-02  +1.4035e-02  1.0000e-01  
     25    5.6836e-02  3.1250e-02  1.0277e-01  1.0301e-01  -2.3206e-04  +3.3945e-02  +2.2610e-02  +1.1335e-02        1    +4.1464e-03  3.3531e-02  2.2195e-02  +1.1335e-02  1.0000e-01  
     26    1.0277e-01  3.1250e-02  1.8816e-01  1.8845e-01  -2.8983e-04  +3.3944e-02  +1.7725e-02  +1.6219e-02        1    +1.3655e-02  3.2579e-02  1.6360e-02  +1.6219e-02  1.0000e-01  
     27    1.8816e-01  1.5625e-02  7.7265e-02  7.7451e-02  -1.8562e-04  +3.2403e-02  +2.0654e-02  +1.1749e-02        1    +2.3732e-03  3.2166e-02  2.0417e-02  +1.1749e-02  1.0000e-01  
     28    7.7265e-02  3.1250e-02  1.4159e-01  1.4180e-01  -2.0725e-04  +3.1993e-02  +1.6570e-02  +1.5423e-02        1    +7.7548e-03  3.1218e-02  1.5795e-02  +1.5423e-02  1.0000e-01  
     29    1.4159e-01  1.5625e-02  5.7980e-02  5.8131e-02  -1.5052e-04  +3.0920e-02  +1.8859e-02  +1.2061e-02        1    +1.3652e-03  3.0783e-02  1.8722e-02  +1.2061e-02  1.0000e-01  
     30    5.7980e-02  3.1250e-02  1.0642e-01  1.0657e-01  -1.4488e-04  +3.0295e-02  +1.5476e-02  +1.4819e-02        1    +4.4040e-03  2.9854e-02  1.5036e-02  +1.4819e-02  1.0000e-01  
     31    1.0642e-01  1.5625e-02  4.3466e-02  4.3594e-02  -1.2841e-04  +2.9497e-02  +1.7205e-02  +1.2292e-02        1    +7.9509e-04  2.9417e-02  1.7126e-02  +1.2292e-02  1.0000e-01  
     32    4.3466e-02  6.2500e-02  2.0348e-01  2.0380e-01  -3.1756e-04  +2.9248e-02  +1.2825e-02  +1.6424e-02        1    +1.5956e-02  2.7653e-02  1.1229e-02  +1.6424e-02  1.0000e-01  
     33    2.0348e-01  1.5625e-02  8.3630e-02  8.3833e-02  -2.0270e-04  +2.7612e-02  +1.6022e-02  +1.1590e-02        1    +2.7636e-03  2.7336e-02  1.5745e-02  +1.1590e-02  1.0000e-01  
     34    8.3630e-02  3.1250e-02  1.5306e-01  1.5329e-01  -2.2805e-04  +2.7453e-02  +1.1890e-02  +1.5564e-02        1    +9.0500e-03  2.6548e-02  1.0985e-02  +1.5564e-02  1.0000e-01  
     35    1.5306e-01  1.5625e-02  6.2726e-02  6.2891e-02  -1.6597e-04  +2.6355e-02  +1.4425e-02  +1.1930e-02        1    +1.5825e-03  2.6197e-02  1.4267e-02  +1.1930e-02  1.0000e-01  
     36    6.2726e-02  3.1250e-02  1.1494e-01  1.1510e-01  -1.6041e-04  +2.5930e-02  +1.1018e-02  +1.4912e-02        1    +5.1261e-03  2.5417e-02  1.0505e-02  +1.4912e-02  1.0000e-01  
     37    1.1494e-01  1.5625e-02  4.6988e-02  4.7129e-02  -1.4145e-04  +2.5147e-02  +1.2963e-02  +1.2184e-02        1    +9.1498e-04  2.5055e-02  1.2871e-02  +1.2184e-02  1.0000e-01  
     38    4.6988e-02  3.1250e-02  8.6255e-02  8.6365e-02  -1.0948e-04  +2.4586e-02  +1.0168e-02  +1.4418e-02        1    +2.9097e-03  2.4295e-02  9.8766e-03  +1.4418e-02  1.0000e-01  
     39    8.6255e-02  3.1250e-02  1.5651e-01  1.5687e-01  -3.5308e-04  +2.4567e-02  +1.4248e-02  +1.0319e-02        1    +9.5053e-03  2.3616e-02  1.3297e-02  +1.0319e-02  1.0000e-01  
     40    1.5651e-01  1.5625e-02  6.4423e-02  6.4494e-02  -7.0439e-05  +2.3470e-02  +9.4315e-03  +1.4038e-02        1    +1.6471e-03  2.3305e-02  9.2668e-03  +1.4038e-02  1.0000e-01  
     41    6.4423e-02  3.1250e-02  1.1673e-01  1.1700e-01  -2.7482e-04  +2.3152e-02  +1.2172e-02  +1.0980e-02        1    +5.3150e-03  2.2621e-02  1.1641e-02  +1.0980e-02  1.0000e-01  
     42    1.1673e-01  1.5625e-02  4.8142e-02  4.8184e-02  -4.1443e-05  +2.2395e-02  +8.6411e-03  +1.3753e-02        1    +9.4362e-04  2.2300e-02  8.5467e-03  +1.3753e-02  1.0000e-01  
     43    4.8142e-02  3.1250e-02  8.7083e-02  8.7304e-02  -2.2111e-04  +2.1926e-02  +1.0456e-02  +1.1469e-02        1    +2.9853e-03  2.1627e-02  1.0158e-02  +1.1469e-02  1.0000e-01  
     44    8.7083e-02  1.5625e-02  3.6005e-02  3.6025e-02  -1.9881e-05  +2.1363e-02  +7.8248e-03  +1.3539e-02        1    +5.5165e-04  2.1308e-02  7.7697e-03  +1.3539e-02  1.0000e-01  
     45    3.6005e-02  6.2500e-02  1.6595e-01  1.6633e-01  -3.8131e-04  +2.1098e-02  +1.0978e-02  +1.0120e-02        1    +1.0671e-02  2.0031e-02  9.9113e-03  +1.0120e-02  1.0000e-01  
     46    1.6595e-01  1.5625e-02  6.8233e-02  6.8311e-02  -7.7738e-05  +1.9967e-02  +5.9053e-03  +1.4061e-02        1    +1.8394e-03  1.9783e-02  5.7213e-03  +1.4061e-02  1.0000e-01  
     47    6.8233e-02  3.1250e-02  1.2373e-01  1.2403e-01  -2.9563e-04  +1.9811e-02  +8.9892e-03  +1.0821e-02        1    +5.9596e-03  1.9215e-02  8.3932e-03  +1.0821e-02  1.0000e-01  
     48    1.2373e-01  1.5625e-02  5.0958e-02  5.1005e-02  -4.6890e-05  +1.9057e-02  +5.2963e-03  +1.3760e-02        1    +1.0491e-03  1.8952e-02  5.1914e-03  +1.3760e-02  1.0000e-01  
     49    5.0958e-02  3.1250e-02  9.2268e-02  9.2505e-02  -2.3696e-04  +1.8721e-02  +7.3786e-03  +1.1342e-02        1    +3.3404e-03  1.8387e-02  7.0445e-03  +1.1342e-02  1.0000e-01  
     50    9.2268e-02  1.5625e-02  3.8081e-02  3.8105e-02  -2.3964e-05  +1.8182e-02  +4.6478e-03  +1.3534e-02        1    +6.0912e-04  1.8121e-02  4.5869e-03  +1.3534e-02  1.0000e-01  
     51    3.8081e-02  3.1250e-02  6.8832e-02  6.9029e-02  -1.9629e-04  +1.7758e-02  +6.0304e-03  +1.1728e-02        1    +1.8846e-03  1.7570e-02  5.8420e-03  +1.1728e-02  1.0000e-01  
     52    6.8832e-02  3.1250e-02  1.2586e-01  1.2604e-01  -1.8086e-04  +1.7681e-02  +2.6858e-03  +1.4995e-02        1    +6.1319e-03  1.7067e-02  2.0726e-03  +1.4995e-02  1.0000e-01  
     53    1.2586e-01  1.5625e-02  5.1540e-02  5.1705e-02  -1.6561e-04  +1.6952e-02  +4.9440e-03  +1.2008e-02        1    +1.0816e-03  1.6844e-02  4.8358e-03  +1.2008e-02  1.0000e-01  
     54    5.1540e-02  3.1250e-02  9.4341e-02  9.4466e-02  -1.2479e-04  +1.6692e-02  +2.2357e-03  +1.4456e-02        1    +3.4671e-03  1.6345e-02  1.8890e-03  +1.4456e-02  1.0000e-01  
     55    9.4341e-02  1.5625e-02  3.8559e-02  3.8696e-02  -1.3653e-04  +1.6177e-02  +3.9587e-03  +1.2218e-02        1    +6.2962e-04  1.6114e-02  3.8958e-03  +1.2218e-02  1.0000e-01  
     56    3.8559e-02  3.1250e-02  7.0678e-02  7.0761e-02  -8.2675e-05  +1.5822e-02  +1.7732e-03  +1.4049e-02        1    +1.9679e-03  1.5626e-02  1.5764e-03  +1.4049e-02  1.0000e-01  
     57    7.0678e-02  1.5625e-02  2.8833e-02  2.8947e-02  -1.1418e-04  +1.5432e-02  +3.0598e-03  +1.2373e-02        1    +3.7591e-04  1.5395e-02  3.0222e-03  +1.2373e-02  1.0000e-01  
=========================================================
Total gradient evaluations: 1.485e+04 
