=========================================================
*                                                       *
*  Samples: 5.12e+02; epsilon: 1.0000e-03; varepson:1.0000e-03 *
*                                                       *
=========================================================
     Iter   search_dire    stepsize    KKT_inf    eKKT_inf    KKT-eKKT      merit     e_merit     mrt-emrt      rank          f           c           ec        c-ec         tau    
initial    0.0000e+00  0.0000e+00  2.8947e-02  2.8947e-02  +0.0000e+00  +3.0598e-03  +3.0598e-03  +0.0000e+00        1    +3.7591e-04  3.0222e-03  3.0222e-03  +0.0000e+00  1.0000e-01  
      1    2.8947e-02  3.1250e-02  5.2171e-02  5.2171e-02  +0.0000e+00  +3.0470e-03  +3.0470e-03  +0.0000e+00        1    +1.0940e-03  2.9376e-03  2.9376e-03  +0.0000e+00  1.0000e-01  
      2    5.2171e-02  1.5625e-02  2.0728e-02  2.0728e-02  +0.0000e+00  +2.9215e-03  +2.9215e-03  +0.0000e+00        1    +2.1865e-04  2.8997e-03  2.8997e-03  +0.0000e+00  1.0000e-01  
      3    2.0728e-02  3.1250e-02  3.7409e-02  3.7409e-02  +0.0000e+00  +2.8729e-03  +2.8729e-03  +0.0000e+00        1    +5.8740e-04  2.8141e-03  2.8141e-03  +0.0000e+00  1.0000e-01  
      4    3.7409e-02  1.5625e-02  1.4843e-02  1.4843e-02  +0.0000e+00  +2.7880e-03  +2.7880e-03  +0.0000e+00        1    +1.3772e-04  2.7742e-03  2.7742e-03  +0.0000e+00  1.0000e-01  
      5    1.4843e-02  3.1250e-02  2.6829e-02  2.6829e-02  +0.0000e+00  +2.7228e-03  +2.7228e-03  +0.0000e+00        1    +3.2703e-04  2.6901e-03  2.6901e-03  +0.0000e+00  1.0000e-01  
      6    2.6829e-02  3.1250e-02  4.8034e-02  4.8034e-02  +0.0000e+00  +2.7082e-03  +2.7082e-03  +0.0000e+00        1    +9.3815e-04  2.6144e-03  2.6144e-03  +0.0000e+00  1.0000e-01  
      7    4.8034e-02  1.5625e-02  1.9223e-02  1.9223e-02  +0.0000e+00  +2.5994e-03  +2.5994e-03  +0.0000e+00        1    +1.9279e-04  2.5802e-03  2.5802e-03  +0.0000e+00  1.0000e-01  
      8    1.9223e-02  3.1250e-02  3.4371e-02  3.4371e-02  +0.0000e+00  +2.5543e-03  +2.5543e-03  +0.0000e+00        1    +5.0563e-04  2.5038e-03  2.5038e-03  +0.0000e+00  1.0000e-01  
      9    3.4371e-02  1.5625e-02  1.3785e-02  1.3785e-02  +0.0000e+00  +2.4804e-03  +2.4804e-03  +0.0000e+00        1    +1.2391e-04  2.4680e-03  2.4680e-03  +0.0000e+00  1.0000e-01  
     10    1.3785e-02  6.2500e-02  6.2941e-02  6.2941e-02  +0.0000e+00  +2.4796e-03  +2.4796e-03  +0.0000e+00        1    +1.5715e-03  2.3225e-03  2.3225e-03  +0.0000e+00  1.0000e-01  
     11    6.2941e-02  1.5625e-02  2.5154e-02  2.5154e-02  +0.0000e+00  +2.3266e-03  +2.3266e-03  +0.0000e+00        1    +2.9246e-04  2.2974e-03  2.2974e-03  +0.0000e+00  1.0000e-01  
     12    2.5154e-02  3.1250e-02  4.5050e-02  4.5050e-02  +0.0000e+00  +2.3160e-03  +2.3160e-03  +0.0000e+00        1    +8.2995e-04  2.2330e-03  2.2330e-03  +0.0000e+00  1.0000e-01  
     13    4.5050e-02  1.5625e-02  1.8035e-02  1.8035e-02  +0.0000e+00  +2.2214e-03  +2.2214e-03  +0.0000e+00        1    +1.7466e-04  2.2039e-03  2.2039e-03  +0.0000e+00  1.0000e-01  
     14    1.8035e-02  3.1250e-02  3.2258e-02  3.2258e-02  +0.0000e+00  +2.1838e-03  +2.1838e-03  +0.0000e+00        1    +4.5018e-04  2.1388e-03  2.1388e-03  +0.0000e+00  1.0000e-01  
     15    3.2258e-02  1.5625e-02  1.2941e-02  1.2941e-02  +0.0000e+00  +2.1198e-03  +2.1198e-03  +0.0000e+00        1    +1.1414e-04  2.1084e-03  2.1084e-03  +0.0000e+00  1.0000e-01  
     16    1.2941e-02  3.1250e-02  2.3107e-02  2.3107e-02  +0.0000e+00  +2.0699e-03  +2.0699e-03  +0.0000e+00        1    +2.5543e-04  2.0444e-03  2.0444e-03  +0.0000e+00  1.0000e-01  
     17    2.3107e-02  3.1250e-02  4.1653e-02  4.1653e-02  +0.0000e+00  +2.0580e-03  +2.0580e-03  +0.0000e+00        1    +7.1317e-04  1.9866e-03  1.9866e-03  +0.0000e+00  1.0000e-01  
     18    4.1653e-02  1.5625e-02  1.6578e-02  1.6578e-02  +0.0000e+00  +1.9763e-03  +1.9763e-03  +0.0000e+00        1    +1.5569e-04  1.9607e-03  1.9607e-03  +0.0000e+00  1.0000e-01  
     19    1.6578e-02  3.1250e-02  2.9912e-02  2.9912e-02  +0.0000e+00  +1.9418e-03  +1.9418e-03  +0.0000e+00        1    +3.9142e-04  1.9026e-03  1.9026e-03  +0.0000e+00  1.0000e-01  
     20    2.9912e-02  1.5625e-02  1.1892e-02  1.1892e-02  +0.0000e+00  +1.8859e-03  +1.8859e-03  +0.0000e+00        1    +1.0419e-04  1.8755e-03  1.8755e-03  +0.0000e+00  1.0000e-01  
     21    1.1892e-02  6.2500e-02  5.4816e-02  5.4816e-02  +0.0000e+00  +1.8847e-03  +1.8847e-03  +0.0000e+00        1    +1.1985e-03  1.7649e-03  1.7649e-03  +0.0000e+00  1.0000e-01  
     22    5.4816e-02  1.5625e-02  2.1849e-02  2.1849e-02  +0.0000e+00  +1.7695e-03  +1.7695e-03  +0.0000e+00        1    +2.3264e-04  1.7462e-03  1.7462e-03  +0.0000e+00  1.0000e-01  
     23    2.1849e-02  3.1250e-02  3.9382e-02  3.9382e-02  +0.0000e+00  +1.7613e-03  +1.7613e-03  +0.0000e+00        1    +6.4182e-04  1.6972e-03  1.6972e-03  +0.0000e+00  1.0000e-01  
     24    3.9382e-02  1.5625e-02  1.5682e-02  1.5682e-02  +0.0000e+00  +1.6896e-03  +1.6896e-03  +0.0000e+00        1    +1.4359e-04  1.6752e-03  1.6752e-03  +0.0000e+00  1.0000e-01  
     25    1.5682e-02  3.1250e-02  2.8293e-02  2.8293e-02  +0.0000e+00  +1.6612e-03  +1.6612e-03  +0.0000e+00        1    +3.5448e-04  1.6257e-03  1.6257e-03  +0.0000e+00  1.0000e-01  
     26    2.8293e-02  1.5625e-02  1.1255e-02  1.1255e-02  +0.0000e+00  +1.6124e-03  +1.6124e-03  +0.0000e+00        1    +9.7578e-05  1.6027e-03  1.6027e-03  +0.0000e+00  1.0000e-01  
     27    1.1255e-02  3.1250e-02  2.0329e-02  2.0329e-02  +0.0000e+00  +1.5747e-03  +1.5747e-03  +0.0000e+00        1    +2.0622e-04  1.5541e-03  1.5541e-03  +0.0000e+00  1.0000e-01  
     28    2.0329e-02  3.1250e-02  3.6420e-02  3.6420e-02  +0.0000e+00  +1.5661e-03  +1.5661e-03  +0.0000e+00        1    +5.5743e-04  1.5103e-03  1.5103e-03  +0.0000e+00  1.0000e-01  
     29    3.6420e-02  1.5625e-02  1.4597e-02  1.4597e-02  +0.0000e+00  +1.5035e-03  +1.5035e-03  +0.0000e+00        1    +1.2954e-04  1.4905e-03  1.4905e-03  +0.0000e+00  1.0000e-01  
     30    1.4597e-02  3.1250e-02  2.6116e-02  2.6116e-02  +0.0000e+00  +1.4774e-03  +1.4774e-03  +0.0000e+00        1    +3.1004e-04  1.4464e-03  1.4464e-03  +0.0000e+00  1.0000e-01  
     31    2.6116e-02  1.5625e-02  1.0490e-02  1.0490e-02  +0.0000e+00  +1.4348e-03  +1.4348e-03  +0.0000e+00        1    +9.0017e-05  1.4258e-03  1.4258e-03  +0.0000e+00  1.0000e-01  
     32    1.0490e-02  6.2500e-02  4.7893e-02  4.7893e-02  +0.0000e+00  +1.4346e-03  +1.4346e-03  +0.0000e+00        1    +9.2771e-04  1.3418e-03  1.3418e-03  +0.0000e+00  1.0000e-01  
     33    4.7893e-02  1.5625e-02  1.9170e-02  1.9170e-02  +0.0000e+00  +1.3462e-03  +1.3462e-03  +0.0000e+00        1    +1.8794e-04  1.3274e-03  1.3274e-03  +0.0000e+00  1.0000e-01  
     34    1.9170e-02  3.1250e-02  3.4346e-02  3.4346e-02  +0.0000e+00  +1.3402e-03  +1.3402e-03  +0.0000e+00        1    +5.0026e-04  1.2902e-03  1.2902e-03  +0.0000e+00  1.0000e-01  
     35    3.4346e-02  1.5625e-02  1.3770e-02  1.3770e-02  +0.0000e+00  +1.2854e-03  +1.2854e-03  +0.0000e+00        1    +1.1983e-04  1.2734e-03  1.2734e-03  +0.0000e+00  1.0000e-01  
     36    1.3770e-02  3.1250e-02  2.4639e-02  2.4639e-02  +0.0000e+00  +1.2639e-03  +1.2639e-03  +0.0000e+00        1    +2.8047e-04  1.2358e-03  1.2358e-03  +0.0000e+00  1.0000e-01  
     37    2.4639e-02  1.5625e-02  9.8995e-03  9.8995e-03  +0.0000e+00  +1.2268e-03  +1.2268e-03  +0.0000e+00        1    +8.4693e-05  1.2183e-03  1.2183e-03  +0.0000e+00  1.0000e-01  
     38    9.8995e-03  3.1250e-02  1.7680e-02  1.7680e-02  +0.0000e+00  +1.1981e-03  +1.1981e-03  +0.0000e+00        1    +1.6734e-04  1.1814e-03  1.1814e-03  +0.0000e+00  1.0000e-01  
     39    1.7680e-02  3.1250e-02  3.1873e-02  3.1873e-02  +0.0000e+00  +1.1916e-03  +1.1916e-03  +0.0000e+00        1    +4.3525e-04  1.1480e-03  1.1480e-03  +0.0000e+00  1.0000e-01  
     40    3.1873e-02  1.5625e-02  1.2702e-02  1.2702e-02  +0.0000e+00  +1.1440e-03  +1.1440e-03  +0.0000e+00        1    +1.0915e-04  1.1331e-03  1.1331e-03  +0.0000e+00  1.0000e-01  
     41    1.2702e-02  3.1250e-02  2.2919e-02  2.2919e-02  +0.0000e+00  +1.1243e-03  +1.1243e-03  +0.0000e+00        1    +2.4742e-04  1.0996e-03  1.0996e-03  +0.0000e+00  1.0000e-01  
     42    2.2919e-02  1.5625e-02  9.1253e-03  9.1253e-03  +0.0000e+00  +1.0918e-03  +1.0918e-03  +0.0000e+00        1    +7.9014e-05  1.0839e-03  1.0839e-03  +0.0000e+00  1.0000e-01  
     43    9.1253e-03  3.1250e-02  1.6483e-02  1.6483e-02  +0.0000e+00  +1.0661e-03  +1.0661e-03  +0.0000e+00        1    +1.5035e-04  1.0510e-03  1.0510e-03  +0.0000e+00  1.0000e-01  
     44    1.6483e-02  3.1250e-02  2.9529e-02  2.9529e-02  +0.0000e+00  +1.0595e-03  +1.0595e-03  +0.0000e+00        1    +3.8117e-04  1.0214e-03  1.0214e-03  +0.0000e+00  1.0000e-01  
     45    2.9529e-02  1.5625e-02  1.1850e-02  1.1850e-02  +0.0000e+00  +1.0179e-03  +1.0179e-03  +0.0000e+00        1    +1.0006e-04  1.0079e-03  1.0079e-03  +0.0000e+00  1.0000e-01  
     46    1.1850e-02  3.1250e-02  2.1197e-02  2.1197e-02  +0.0000e+00  +9.9994e-04  +9.9994e-04  +0.0000e+00        1    +2.1892e-04  9.7805e-04  9.7805e-04  +0.0000e+00  1.0000e-01  
     47    2.1197e-02  1.5625e-02  8.5252e-03  8.5252e-03  +0.0000e+00  +9.7148e-04  +9.7148e-04  +0.0000e+00        1    +7.4079e-05  9.6407e-04  9.6407e-04  +0.0000e+00  1.0000e-01  
     48    8.5252e-03  6.2500e-02  3.8901e-02  3.8901e-02  +0.0000e+00  +9.6985e-04  +9.6985e-04  +0.0000e+00        1    +6.2654e-04  9.0720e-04  9.0720e-04  +0.0000e+00  1.0000e-01  
     49    3.8901e-02  1.5625e-02  1.5588e-02  1.5588e-02  +0.0000e+00  +9.1123e-04  +9.1123e-04  +0.0000e+00        1    +1.3875e-04  8.9736e-04  8.9736e-04  +0.0000e+00  1.0000e-01  
     50    1.5588e-02  3.1250e-02  2.7925e-02  2.7925e-02  +0.0000e+00  +9.0668e-04  +9.0668e-04  +0.0000e+00        1    +3.4516e-04  8.7217e-04  8.7217e-04  +0.0000e+00  1.0000e-01  
     51    2.7925e-02  1.5625e-02  1.1210e-02  1.1210e-02  +0.0000e+00  +8.7017e-04  +8.7017e-04  +0.0000e+00        1    +9.3816e-05  8.6079e-04  8.6079e-04  +0.0000e+00  1.0000e-01  
     52    1.1210e-02  3.1250e-02  2.0052e-02  2.0052e-02  +0.0000e+00  +8.5537e-04  +8.5537e-04  +0.0000e+00        1    +2.0017e-04  8.3535e-04  8.3535e-04  +0.0000e+00  1.0000e-01  
     53    2.0052e-02  1.5625e-02  8.0676e-03  8.0676e-03  +0.0000e+00  +8.3052e-04  +8.3052e-04  +0.0000e+00        1    +7.0577e-05  8.2346e-04  8.2346e-04  +0.0000e+00  1.0000e-01  
     54    8.0676e-03  3.1250e-02  1.4403e-02  1.4403e-02  +0.0000e+00  +8.1102e-04  +8.1102e-04  +0.0000e+00        1    +1.2538e-04  7.9848e-04  7.9848e-04  +0.0000e+00  1.0000e-01  
     55    1.4403e-02  3.1250e-02  2.5970e-02  2.5970e-02  +0.0000e+00  +8.0624e-04  +8.0624e-04  +0.0000e+00        1    +3.0311e-04  7.7593e-04  7.7593e-04  +0.0000e+00  1.0000e-01  
     56    2.5970e-02  1.5625e-02  1.0355e-02  1.0355e-02  +0.0000e+00  +7.7447e-04  +7.7447e-04  +0.0000e+00        1    +8.6802e-05  7.6579e-04  7.6579e-04  +0.0000e+00  1.0000e-01  
     57    1.0355e-02  3.1250e-02  1.8687e-02  1.8687e-02  +0.0000e+00  +7.6097e-04  +7.6097e-04  +0.0000e+00        1    +1.7864e-04  7.4310e-04  7.4310e-04  +0.0000e+00  1.0000e-01  
     58    1.8687e-02  1.5625e-02  7.4453e-03  7.4453e-03  +0.0000e+00  +7.3919e-04  +7.3919e-04  +0.0000e+00        1    +6.6788e-05  7.3252e-04  7.3252e-04  +0.0000e+00  1.0000e-01  
     59    7.4453e-03  6.2500e-02  3.4289e-02  3.4289e-02  +0.0000e+00  +7.3875e-04  +7.3875e-04  +0.0000e+00        1    +4.9446e-04  6.8930e-04  6.8930e-04  +0.0000e+00  1.0000e-01  
     60    3.4289e-02  1.5625e-02  1.3685e-02  1.3685e-02  +0.0000e+00  +6.9372e-04  +6.9372e-04  +0.0000e+00        1    +1.1706e-04  6.8202e-04  6.8202e-04  +0.0000e+00  1.0000e-01  
     61    1.3685e-02  3.1250e-02  2.4677e-02  2.4677e-02  +0.0000e+00  +6.9062e-04  +6.9062e-04  +0.0000e+00        1    +2.7751e-04  6.6287e-04  6.6287e-04  +0.0000e+00  1.0000e-01  
     62    2.4677e-02  1.5625e-02  9.8420e-03  9.8420e-03  +0.0000e+00  +6.6253e-04  +6.6253e-04  +0.0000e+00        1    +8.2248e-05  6.5430e-04  6.5430e-04  +0.0000e+00  1.0000e-01  
     63    9.8420e-03  3.1250e-02  1.7761e-02  1.7761e-02  +0.0000e+00  +6.5150e-04  +6.5150e-04  +0.0000e+00        1    +1.6518e-04  6.3498e-04  6.3498e-04  +0.0000e+00  1.0000e-01  
     64    1.7761e-02  1.5625e-02  7.0782e-03  7.0782e-03  +0.0000e+00  +6.3240e-04  +6.3240e-04  +0.0000e+00        1    +6.4175e-05  6.2598e-04  6.2598e-04  +0.0000e+00  1.0000e-01  
     65    7.0782e-03  3.1250e-02  1.2787e-02  1.2787e-02  +0.0000e+00  +6.1771e-04  +6.1771e-04  +0.0000e+00        1    +1.0702e-04  6.0701e-04  6.0701e-04  +0.0000e+00  1.0000e-01  
     66    1.2787e-02  3.1250e-02  2.2903e-02  2.2903e-02  +0.0000e+00  +6.1454e-04  +6.1454e-04  +0.0000e+00        1    +2.4581e-04  5.8995e-04  5.8995e-04  +0.0000e+00  1.0000e-01  
     67    2.2903e-02  1.5625e-02  9.2045e-03  9.2045e-03  +0.0000e+00  +5.8994e-04  +5.8994e-04  +0.0000e+00        1    +7.6827e-05  5.8225e-04  5.8225e-04  +0.0000e+00  1.0000e-01  
     68    9.2045e-03  3.1250e-02  1.6459e-02  1.6459e-02  +0.0000e+00  +5.7989e-04  +5.7989e-04  +0.0000e+00        1    +1.4843e-04  5.6504e-04  5.6504e-04  +0.0000e+00  1.0000e-01  
     69    1.6459e-02  1.5625e-02  6.6312e-03  6.6312e-03  +0.0000e+00  +5.6312e-04  +5.6312e-04  +0.0000e+00        1    +6.1173e-05  5.5700e-04  5.5700e-04  +0.0000e+00  1.0000e-01  
     70    6.6312e-03  3.1250e-02  1.1831e-02  1.1831e-02  +0.0000e+00  +5.4992e-04  +5.4992e-04  +0.0000e+00        1    +9.8109e-05  5.4011e-04  5.4011e-04  +0.0000e+00  1.0000e-01  
     71    1.1831e-02  3.1250e-02  2.1337e-02  2.1337e-02  +0.0000e+00  +5.4665e-04  +5.4665e-04  +0.0000e+00        1    +2.1798e-04  5.2485e-04  5.2485e-04  +0.0000e+00  1.0000e-01  
     72    2.1337e-02  1.5625e-02  8.5115e-03  8.5115e-03  +0.0000e+00  +5.2519e-04  +5.2519e-04  +0.0000e+00        1    +7.2091e-05  5.1798e-04  5.1798e-04  +0.0000e+00  1.0000e-01  
     73    8.5115e-03  3.1250e-02  1.5363e-02  1.5363e-02  +0.0000e+00  +5.1605e-04  +5.1605e-04  +0.0000e+00        1    +1.3408e-04  5.0264e-04  5.0264e-04  +0.0000e+00  1.0000e-01  
     74    1.5363e-02  1.5625e-02  6.1238e-03  6.1238e-03  +0.0000e+00  +5.0133e-04  +5.0133e-04  +0.0000e+00        1    +5.8561e-05  4.9548e-04  4.9548e-04  +0.0000e+00  1.0000e-01  
     75    6.1238e-03  6.2500e-02  2.8196e-02  2.8196e-02  +0.0000e+00  +5.0100e-04  +5.0100e-04  +0.0000e+00        1    +3.4754e-04  4.6625e-04  4.6625e-04  +0.0000e+00  1.0000e-01  
     76    2.8196e-02  1.5625e-02  1.1257e-02  1.1257e-02  +0.0000e+00  +4.7056e-04  +4.7056e-04  +0.0000e+00        1    +9.2505e-05  4.6131e-04  4.6131e-04  +0.0000e+00  1.0000e-01  
     77    1.1257e-02  3.1250e-02  2.0303e-02  2.0303e-02  +0.0000e+00  +4.6847e-04  +4.6847e-04  +0.0000e+00        1    +2.0102e-04  4.4836e-04  4.4836e-04  +0.0000e+00  1.0000e-01  
     78    2.0303e-02  1.5625e-02  8.1007e-03  8.1007e-03  +0.0000e+00  +4.4947e-04  +4.4947e-04  +0.0000e+00        1    +6.8955e-05  4.4257e-04  4.4257e-04  +0.0000e+00  1.0000e-01  
     79    8.1007e-03  3.1250e-02  1.4622e-02  1.4622e-02  +0.0000e+00  +4.4201e-04  +4.4201e-04  +0.0000e+00        1    +1.2509e-04  4.2950e-04  4.2950e-04  +0.0000e+00  1.0000e-01  
     80    1.4622e-02  1.5625e-02  5.8297e-03  5.8297e-03  +0.0000e+00  +4.2909e-04  +4.2909e-04  +0.0000e+00        1    +5.6700e-05  4.2342e-04  4.2342e-04  +0.0000e+00  1.0000e-01  
     81    5.8297e-03  3.1250e-02  1.0535e-02  1.0535e-02  +0.0000e+00  +4.1915e-04  +4.1915e-04  +0.0000e+00        1    +8.5711e-05  4.1058e-04  4.1058e-04  +0.0000e+00  1.0000e-01  
     82    1.0535e-02  3.1250e-02  1.8861e-02  1.8861e-02  +0.0000e+00  +4.1703e-04  +4.1703e-04  +0.0000e+00        1    +1.7980e-04  3.9905e-04  3.9905e-04  +0.0000e+00  1.0000e-01  
     83    1.8861e-02  1.5625e-02  7.5898e-03  7.5898e-03  +0.0000e+00  +4.0037e-04  +4.0037e-04  +0.0000e+00        1    +6.5243e-05  3.9385e-04  3.9385e-04  +0.0000e+00  1.0000e-01  
     84    7.5898e-03  3.1250e-02  1.3563e-02  1.3563e-02  +0.0000e+00  +3.9359e-04  +3.9359e-04  +0.0000e+00        1    +1.1383e-04  3.8221e-04  3.8221e-04  +0.0000e+00  1.0000e-01  
     85    1.3563e-02  1.5625e-02  5.4731e-03  5.4731e-03  +0.0000e+00  +3.8223e-04  +3.8223e-04  +0.0000e+00        1    +5.4599e-05  3.7677e-04  3.7677e-04  +0.0000e+00  1.0000e-01  
     86    5.4731e-03  3.1250e-02  9.7560e-03  9.7560e-03  +0.0000e+00  +3.7331e-04  +3.7331e-04  +0.0000e+00        1    +7.9682e-05  3.6535e-04  3.6535e-04  +0.0000e+00  1.0000e-01  
     87    9.7560e-03  3.1250e-02  1.7600e-02  1.7600e-02  +0.0000e+00  +3.7115e-04  +3.7115e-04  +0.0000e+00        1    +1.6116e-04  3.5503e-04  3.5503e-04  +0.0000e+00  1.0000e-01  
     88    1.7600e-02  1.5625e-02  7.0229e-03  7.0229e-03  +0.0000e+00  +3.5659e-04  +3.5659e-04  +0.0000e+00        1    +6.1982e-05  3.5039e-04  3.5039e-04  +0.0000e+00  1.0000e-01  
     89    7.0229e-03  3.1250e-02  1.2680e-02  1.2680e-02  +0.0000e+00  +3.5043e-04  +3.5043e-04  +0.0000e+00        1    +1.0414e-04  3.4002e-04  3.4002e-04  +0.0000e+00  1.0000e-01  
     90    1.2680e-02  1.5625e-02  5.0560e-03  5.0560e-03  +0.0000e+00  +3.4045e-04  +3.4045e-04  +0.0000e+00        1    +5.2753e-05  3.3517e-04  3.3517e-04  +0.0000e+00  1.0000e-01  
     91    5.0560e-03  6.2500e-02  2.3275e-02  2.3275e-02  +0.0000e+00  +3.4036e-04  +3.4036e-04  +0.0000e+00        1    +2.4948e-04  3.1541e-04  3.1541e-04  +0.0000e+00  1.0000e-01  
     92    2.3275e-02  1.5625e-02  9.2946e-03  9.2946e-03  +0.0000e+00  +3.1966e-04  +3.1966e-04  +0.0000e+00        1    +7.5827e-05  3.1208e-04  3.1208e-04  +0.0000e+00  1.0000e-01  
     93    9.2946e-03  3.1250e-02  1.6768e-02  1.6768e-02  +0.0000e+00  +3.1831e-04  +3.1831e-04  +0.0000e+00        1    +1.4976e-04  3.0333e-04  3.0333e-04  +0.0000e+00  1.0000e-01  
     94    1.6768e-02  1.5625e-02  6.6921e-03  6.6921e-03  +0.0000e+00  +3.0539e-04  +3.0539e-04  +0.0000e+00        1    +5.9763e-05  2.9942e-04  2.9942e-04  +0.0000e+00  1.0000e-01  
     95    6.6921e-03  3.1250e-02  1.2084e-02  1.2084e-02  +0.0000e+00  +3.0038e-04  +3.0038e-04  +0.0000e+00        1    +9.8028e-05  2.9058e-04  2.9058e-04  +0.0000e+00  1.0000e-01  
     96    1.2084e-02  1.5625e-02  4.8190e-03  4.8190e-03  +0.0000e+00  +2.9160e-04  +2.9160e-04  +0.0000e+00        1    +5.1379e-05  2.8647e-04  2.8647e-04  +0.0000e+00  1.0000e-01  
     97    4.8190e-03  3.1250e-02  8.7115e-03  8.7115e-03  +0.0000e+00  +2.8490e-04  +2.8490e-04  +0.0000e+00        1    +7.1162e-05  2.7779e-04  2.7779e-04  +0.0000e+00  1.0000e-01  
     98    8.7115e-03  3.1250e-02  1.5588e-02  1.5588e-02  +0.0000e+00  +2.8353e-04  +2.8353e-04  +0.0000e+00        1    +1.3540e-04  2.6999e-04  2.6999e-04  +0.0000e+00  1.0000e-01  
     99    1.5588e-02  1.5625e-02  6.2817e-03  6.2817e-03  +0.0000e+00  +2.7220e-04  +2.7220e-04  +0.0000e+00        1    +5.7171e-05  2.6648e-04  2.6648e-04  +0.0000e+00  1.0000e-01  
    100    6.2817e-03  3.1250e-02  1.1217e-02  1.1217e-02  +0.0000e+00  +2.6765e-04  +2.6765e-04  +0.0000e+00        1    +9.0372e-05  2.5861e-04  2.5861e-04  +0.0000e+00  1.0000e-01  
    101    1.1217e-02  1.5625e-02  4.5342e-03  4.5342e-03  +0.0000e+00  +2.5992e-04  +2.5992e-04  +0.0000e+00        1    +4.9871e-05  2.5494e-04  2.5494e-04  +0.0000e+00  1.0000e-01  
    102    4.5342e-03  3.1250e-02  8.0732e-03  8.0732e-03  +0.0000e+00  +2.5391e-04  +2.5391e-04  +0.0000e+00        1    +6.7016e-05  2.4721e-04  2.4721e-04  +0.0000e+00  1.0000e-01  
    103    8.0732e-03  3.1250e-02  1.4569e-02  1.4569e-02  +0.0000e+00  +2.5251e-04  +2.5251e-04  +0.0000e+00        1    +1.2277e-04  2.4024e-04  2.4024e-04  +0.0000e+00  1.0000e-01  
    104    1.4569e-02  1.5625e-02  5.8147e-03  5.8147e-03  +0.0000e+00  +2.4259e-04  +2.4259e-04  +0.0000e+00        1    +5.4881e-05  2.3711e-04  2.3711e-04  +0.0000e+00  1.0000e-01  
    105    5.8147e-03  3.1250e-02  1.0503e-02  1.0503e-02  +0.0000e+00  +2.3846e-04  +2.3846e-04  +0.0000e+00        1    +8.3739e-05  2.3009e-04  2.3009e-04  +0.0000e+00  1.0000e-01  
    106    1.0503e-02  1.5625e-02  4.1887e-03  4.1887e-03  +0.0000e+00  +2.3167e-04  +2.3167e-04  +0.0000e+00        1    +4.8532e-05  2.2682e-04  2.2682e-04  +0.0000e+00  1.0000e-01  
    107    4.1887e-03  3.1250e-02  7.5750e-03  7.5750e-03  +0.0000e+00  +2.2628e-04  +2.2628e-04  +0.0000e+00        1    +6.3450e-05  2.1993e-04  2.1993e-04  +0.0000e+00  1.0000e-01  
    108    7.5750e-03  3.1250e-02  1.3547e-02  1.3547e-02  +0.0000e+00  +2.2492e-04  +2.2492e-04  +0.0000e+00        1    +1.1194e-04  2.1373e-04  2.1373e-04  +0.0000e+00  1.0000e-01  
    109    1.3547e-02  1.5625e-02  5.4654e-03  5.4654e-03  +0.0000e+00  +2.1621e-04  +2.1621e-04  +0.0000e+00        1    +5.2867e-05  2.1092e-04  2.1092e-04  +0.0000e+00  1.0000e-01  
    110    5.4654e-03  3.1250e-02  9.7517e-03  9.7517e-03  +0.0000e+00  +2.1247e-04  +2.1247e-04  +0.0000e+00        1    +7.7936e-05  2.0468e-04  2.0468e-04  +0.0000e+00  1.0000e-01  
    111    9.7517e-03  1.5625e-02  3.9477e-03  3.9477e-03  +0.0000e+00  +2.0649e-04  +2.0649e-04  +0.0000e+00        1    +4.7329e-05  2.0176e-04  2.0176e-04  +0.0000e+00  1.0000e-01  
    112    3.9477e-03  6.2500e-02  1.7928e-02  1.7928e-02  +0.0000e+00  +2.0632e-04  +2.0632e-04  +0.0000e+00        1    +1.6444e-04  1.8987e-04  1.8987e-04  +0.0000e+00  1.0000e-01  
    113    1.7928e-02  1.5625e-02  7.2166e-03  7.2166e-03  +0.0000e+00  +1.9394e-04  +1.9394e-04  +0.0000e+00        1    +6.0987e-05  1.8784e-04  1.8784e-04  +0.0000e+00  1.0000e-01  
    114    7.2166e-03  3.1250e-02  1.2905e-02  1.2905e-02  +0.0000e+00  +1.9307e-04  +1.9307e-04  +0.0000e+00        1    +1.0498e-04  1.8257e-04  1.8257e-04  +0.0000e+00  1.0000e-01  
    115    1.2905e-02  1.5625e-02  5.2082e-03  5.2082e-03  +0.0000e+00  +1.8534e-04  +1.8534e-04  +0.0000e+00        1    +5.1382e-05  1.8021e-04  1.8021e-04  +0.0000e+00  1.0000e-01  
    116    5.2082e-03  3.1250e-02  9.2910e-03  9.2910e-03  +0.0000e+00  +1.8230e-04  +1.8230e-04  +0.0000e+00        1    +7.4131e-05  1.7489e-04  1.7489e-04  +0.0000e+00  1.0000e-01  
    117    9.2910e-03  1.5625e-02  3.7631e-03  3.7631e-03  +0.0000e+00  +1.7704e-04  +1.7704e-04  +0.0000e+00        1    +4.6350e-05  1.7241e-04  1.7241e-04  +0.0000e+00  1.0000e-01  
    118    3.7631e-03  3.1250e-02  6.6910e-03  6.6910e-03  +0.0000e+00  +1.7299e-04  +1.7299e-04  +0.0000e+00        1    +5.8098e-05  1.6718e-04  1.6718e-04  +0.0000e+00  1.0000e-01  
    119    6.6910e-03  3.1250e-02  1.2079e-02  1.2079e-02  +0.0000e+00  +1.7211e-04  +1.7211e-04  +0.0000e+00        1    +9.6358e-05  1.6248e-04  1.6248e-04  +0.0000e+00  1.0000e-01  
    120    1.2079e-02  1.5625e-02  4.8217e-03  4.8217e-03  +0.0000e+00  +1.6534e-04  +1.6534e-04  +0.0000e+00        1    +4.9743e-05  1.6037e-04  1.6037e-04  +0.0000e+00  1.0000e-01  
    121    4.8217e-03  3.1250e-02  8.7129e-03  8.7129e-03  +0.0000e+00  +1.6258e-04  +1.6258e-04  +0.0000e+00        1    +6.9552e-05  1.5563e-04  1.5563e-04  +0.0000e+00  1.0000e-01  
    122    8.7129e-03  1.5625e-02  3.4755e-03  3.4755e-03  +0.0000e+00  +1.5795e-04  +1.5795e-04  +0.0000e+00        1    +4.5353e-05  1.5342e-04  1.5342e-04  +0.0000e+00  1.0000e-01  
    123    3.4755e-03  3.1250e-02  6.2887e-03  6.2887e-03  +0.0000e+00  +1.5432e-04  +1.5432e-04  +0.0000e+00        1    +5.5591e-05  1.4876e-04  1.4876e-04  +0.0000e+00  1.0000e-01  
    124    6.2887e-03  3.1250e-02  1.1238e-02  1.1238e-02  +0.0000e+00  +1.5347e-04  +1.5347e-04  +0.0000e+00        1    +8.8927e-05  1.4457e-04  1.4457e-04  +0.0000e+00  1.0000e-01  
    125    1.1238e-02  1.5625e-02  4.5414e-03  4.5414e-03  +0.0000e+00  +1.4751e-04  +1.4751e-04  +0.0000e+00        1    +4.8288e-05  1.4268e-04  1.4268e-04  +0.0000e+00  1.0000e-01  
    126    4.5414e-03  3.1250e-02  8.0940e-03  8.0940e-03  +0.0000e+00  +1.4502e-04  +1.4502e-04  +0.0000e+00        1    +6.5530e-05  1.3846e-04  1.3846e-04  +0.0000e+00  1.0000e-01  
    127    8.0940e-03  1.5625e-02  3.2837e-03  3.2837e-03  +0.0000e+00  +1.4093e-04  +1.4093e-04  +0.0000e+00        1    +4.4448e-05  1.3649e-04  1.3649e-04  +0.0000e+00  1.0000e-01  
    128    3.2837e-03  3.1250e-02  5.8311e-03  5.8311e-03  +0.0000e+00  +1.3768e-04  +1.3768e-04  +0.0000e+00        1    +5.3350e-05  1.3235e-04  1.3235e-04  +0.0000e+00  1.0000e-01  
    129    5.8311e-03  3.1250e-02  1.0530e-02  1.0530e-02  +0.0000e+00  +1.3685e-04  +1.3685e-04  +0.0000e+00        1    +8.2381e-05  1.2861e-04  1.2861e-04  +0.0000e+00  1.0000e-01  
    130    1.0530e-02  1.5625e-02  4.2034e-03  4.2034e-03  +0.0000e+00  +1.3162e-04  +1.3162e-04  +0.0000e+00        1    +4.6986e-05  1.2692e-04  1.2692e-04  +0.0000e+00  1.0000e-01  
    131    4.2034e-03  3.1250e-02  7.5987e-03  7.5987e-03  +0.0000e+00  +1.2936e-04  +1.2936e-04  +0.0000e+00        1    +6.2015e-05  1.2316e-04  1.2316e-04  +0.0000e+00  1.0000e-01  
    132    7.5987e-03  1.5625e-02  3.0309e-03  3.0309e-03  +0.0000e+00  +1.2577e-04  +1.2577e-04  +0.0000e+00        1    +4.3629e-05  1.2141e-04  1.2141e-04  +0.0000e+00  1.0000e-01  
    133    3.0309e-03  6.2500e-02  1.3947e-02  1.3947e-02  +0.0000e+00  +1.2565e-04  +1.2565e-04  +0.0000e+00        1    +1.1401e-04  1.1425e-04  1.1425e-04  +0.0000e+00  1.0000e-01  
    134    1.3947e-02  1.5625e-02  5.5717e-03  5.5717e-03  +0.0000e+00  +1.1821e-04  +1.1821e-04  +0.0000e+00        1    +5.1799e-05  1.1303e-04  1.1303e-04  +0.0000e+00  1.0000e-01  
    135    5.5717e-03  3.1250e-02  1.0062e-02  1.0062e-02  +0.0000e+00  +1.1769e-04  +1.1769e-04  +0.0000e+00        1    +7.8297e-05  1.0986e-04  1.0986e-04  +0.0000e+00  1.0000e-01  
    136    1.0062e-02  1.5625e-02  4.0172e-03  4.0172e-03  +0.0000e+00  +1.1304e-04  +1.1304e-04  +0.0000e+00        1    +4.5984e-05  1.0844e-04  1.0844e-04  +0.0000e+00  1.0000e-01  
    137    4.0172e-03  3.1250e-02  7.2630e-03  7.2630e-03  +0.0000e+00  +1.1121e-04  +1.1121e-04  +0.0000e+00        1    +5.9703e-05  1.0524e-04  1.0524e-04  +0.0000e+00  1.0000e-01  
    138    7.2630e-03  1.5625e-02  2.8973e-03  2.8973e-03  +0.0000e+00  +1.0804e-04  +1.0804e-04  +0.0000e+00        1    +4.2911e-05  1.0375e-04  1.0375e-04  +0.0000e+00  1.0000e-01  
    139    2.8973e-03  3.1250e-02  5.2461e-03  5.2461e-03  +0.0000e+00  +1.0560e-04  +1.0560e-04  +0.0000e+00        1    +4.9998e-05  1.0060e-04  1.0060e-04  +0.0000e+00  1.0000e-01  
    140    5.2461e-03  3.1250e-02  9.3660e-03  9.3660e-03  +0.0000e+00  +1.0509e-04  +1.0509e-04  +0.0000e+00        1    +7.3127e-05  9.7780e-05  9.7780e-05  +0.0000e+00  1.0000e-01  
    141    9.3660e-03  1.5625e-02  3.7920e-03  3.7920e-03  +0.0000e+00  +1.0100e-04  +1.0100e-04  +0.0000e+00        1    +4.4904e-05  9.6508e-05  9.6508e-05  +0.0000e+00  1.0000e-01  
    142    3.7920e-03  3.1250e-02  6.7494e-03  6.7494e-03  +0.0000e+00  +9.9345e-05  +9.9345e-05  +0.0000e+00        1    +5.6868e-05  9.3658e-05  9.3658e-05  +0.0000e+00  1.0000e-01  
    143    6.7494e-03  1.5625e-02  2.7448e-03  2.7448e-03  +0.0000e+00  +9.6548e-05  +9.6548e-05  +0.0000e+00        1    +4.2209e-05  9.2327e-05  9.2327e-05  +0.0000e+00  1.0000e-01  
    144    2.7448e-03  3.1250e-02  4.8652e-03  4.8652e-03  +0.0000e+00  +9.4367e-05  +9.4367e-05  +0.0000e+00        1    +4.8382e-05  8.9529e-05  8.9529e-05  +0.0000e+00  1.0000e-01  
    145    4.8652e-03  3.1250e-02  8.7895e-03  8.7895e-03  +0.0000e+00  +9.3863e-05  +9.3863e-05  +0.0000e+00        1    +6.8562e-05  8.7007e-05  8.7007e-05  +0.0000e+00  1.0000e-01  
    146    8.7895e-03  1.5625e-02  3.5090e-03  3.5090e-03  +0.0000e+00  +9.0265e-05  +9.0265e-05  +0.0000e+00        1    +4.3929e-05  8.5873e-05  8.5873e-05  +0.0000e+00  1.0000e-01  
    147    3.5090e-03  3.1250e-02  6.3472e-03  6.3472e-03  +0.0000e+00  +8.8770e-05  +8.8770e-05  +0.0000e+00        1    +5.4374e-05  8.3333e-05  8.3333e-05  +0.0000e+00  1.0000e-01  
    148    6.3472e-03  1.5625e-02  2.5318e-03  2.5318e-03  +0.0000e+00  +8.6304e-05  +8.6304e-05  +0.0000e+00        1    +4.1564e-05  8.2148e-05  8.2148e-05  +0.0000e+00  1.0000e-01  
    149    2.5318e-03  3.1250e-02  4.5871e-03  4.5871e-03  +0.0000e+00  +8.4351e-05  +8.4351e-05  +0.0000e+00        1    +4.6955e-05  7.9656e-05  7.9656e-05  +0.0000e+00  1.0000e-01  
    150    4.5871e-03  3.1250e-02  8.1823e-03  8.1823e-03  +0.0000e+00  +8.3869e-05  +8.3869e-05  +0.0000e+00        1    +6.4586e-05  7.7410e-05  7.7410e-05  +0.0000e+00  1.0000e-01  
    151    8.1823e-03  1.5625e-02  3.3179e-03  3.3179e-03  +0.0000e+00  +8.0701e-05  +8.0701e-05  +0.0000e+00        1    +4.3048e-05  7.6396e-05  7.6396e-05  +0.0000e+00  1.0000e-01  
    152    3.3179e-03  3.1250e-02  5.8984e-03  5.8984e-03  +0.0000e+00  +7.9352e-05  +7.9352e-05  +0.0000e+00        1    +5.2166e-05  7.4136e-05  7.4136e-05  +0.0000e+00  1.0000e-01  
    153    5.8984e-03  1.5625e-02  2.4037e-03  2.4037e-03  +0.0000e+00  +7.7175e-05  +7.7175e-05  +0.0000e+00        1    +4.0968e-05  7.3079e-05  7.3079e-05  +0.0000e+00  1.0000e-01  
    154    2.4037e-03  6.2500e-02  1.0851e-02  1.0851e-02  +0.0000e+00  +7.7154e-05  +7.7154e-05  +0.0000e+00        1    +8.3757e-05  6.8778e-05  6.8778e-05  +0.0000e+00  1.0000e-01  
    155    1.0851e-02  1.5625e-02  4.3860e-03  4.3860e-03  +0.0000e+00  +7.2633e-05  +7.2633e-05  +0.0000e+00        1    +4.5878e-05  6.8046e-05  6.8046e-05  +0.0000e+00  1.0000e-01  
    156    4.3860e-03  3.1250e-02  7.8219e-03  7.8219e-03  +0.0000e+00  +7.2340e-05  +7.2340e-05  +0.0000e+00        1    +6.1984e-05  6.6142e-05  6.6142e-05  +0.0000e+00  1.0000e-01  
    157    7.8219e-03  1.5625e-02  3.1734e-03  3.1734e-03  +0.0000e+00  +6.9517e-05  +6.9517e-05  +0.0000e+00        1    +4.2302e-05  6.5287e-05  6.5287e-05  +0.0000e+00  1.0000e-01  
    158    3.1734e-03  3.1250e-02  5.6397e-03  5.6397e-03  +0.0000e+00  +6.8426e-05  +6.8426e-05  +0.0000e+00        1    +5.0632e-05  6.3363e-05  6.3363e-05  +0.0000e+00  1.0000e-01  
    159    5.6397e-03  1.5625e-02  2.2998e-03  2.2998e-03  +0.0000e+00  +6.6505e-05  +6.6505e-05  +0.0000e+00        1    +4.0395e-05  6.2465e-05  6.2465e-05  +0.0000e+00  1.0000e-01  
    160    2.2998e-03  3.1250e-02  4.0675e-03  4.0675e-03  +0.0000e+00  +6.5043e-05  +6.5043e-05  +0.0000e+00        1    +4.4688e-05  6.0574e-05  6.0574e-05  +0.0000e+00  1.0000e-01  
    161    4.0675e-03  3.1250e-02  7.3525e-03  7.3525e-03  +0.0000e+00  +6.4751e-05  +6.4751e-05  +0.0000e+00        1    +5.8767e-05  5.8874e-05  5.8874e-05  +0.0000e+00  1.0000e-01  
    162    7.3525e-03  1.5625e-02  2.9354e-03  2.9354e-03  +0.0000e+00  +6.2267e-05  +6.2267e-05  +0.0000e+00        1    +4.1552e-05  5.8112e-05  5.8112e-05  +0.0000e+00  1.0000e-01  
    163    2.9354e-03  3.1250e-02  5.3132e-03  5.3132e-03  +0.0000e+00  +6.1280e-05  +6.1280e-05  +0.0000e+00        1    +4.8837e-05  5.6396e-05  5.6396e-05  +0.0000e+00  1.0000e-01  
    164    5.3132e-03  1.5625e-02  2.1193e-03  2.1193e-03  +0.0000e+00  +5.9584e-05  +5.9584e-05  +0.0000e+00        1    +3.9873e-05  5.5597e-05  5.5597e-05  +0.0000e+00  1.0000e-01  
    165    2.1193e-03  3.1250e-02  3.8430e-03  3.8430e-03  +0.0000e+00  +5.8275e-05  +5.8275e-05  +0.0000e+00        1    +4.3626e-05  5.3913e-05  5.3913e-05  +0.0000e+00  1.0000e-01  
    166    3.8430e-03  3.1250e-02  6.8466e-03  6.8466e-03  +0.0000e+00  +5.7993e-05  +5.7993e-05  +0.0000e+00        1    +5.5948e-05  5.2399e-05  5.2399e-05  +0.0000e+00  1.0000e-01  
    167    6.8466e-03  1.5625e-02  2.7826e-03  2.7826e-03  +0.0000e+00  +5.5803e-05  +5.5803e-05  +0.0000e+00        1    +4.0867e-05  5.1716e-05  5.1716e-05  +0.0000e+00  1.0000e-01  
    168    2.7826e-03  3.1250e-02  4.9382e-03  4.9382e-03  +0.0000e+00  +5.4913e-05  +5.4913e-05  +0.0000e+00        1    +4.7236e-05  5.0189e-05  5.0189e-05  +0.0000e+00  1.0000e-01  
    169    4.9382e-03  1.5625e-02  2.0184e-03  2.0184e-03  +0.0000e+00  +5.3415e-05  +5.3415e-05  +0.0000e+00        1    +3.9385e-05  4.9476e-05  4.9476e-05  +0.0000e+00  1.0000e-01  
    170    2.0184e-03  3.1250e-02  3.5629e-03  3.5629e-03  +0.0000e+00  +5.2243e-05  +5.2243e-05  +0.0000e+00        1    +4.2662e-05  4.7977e-05  4.7977e-05  +0.0000e+00  1.0000e-01  
    171    3.5629e-03  3.1250e-02  6.4432e-03  6.4432e-03  +0.0000e+00  +5.1971e-05  +5.1971e-05  +0.0000e+00        1    +5.3444e-05  4.6626e-05  4.6626e-05  +0.0000e+00  1.0000e-01  
    172    6.4432e-03  1.5625e-02  2.5722e-03  2.5722e-03  +0.0000e+00  +5.0042e-05  +5.0042e-05  +0.0000e+00        1    +4.0237e-05  4.6018e-05  4.6018e-05  +0.0000e+00  1.0000e-01  
    173    2.5722e-03  3.1250e-02  4.6585e-03  4.6585e-03  +0.0000e+00  +4.9239e-05  +4.9239e-05  +0.0000e+00        1    +4.5811e-05  4.4658e-05  4.4658e-05  +0.0000e+00  1.0000e-01  
    174    4.6585e-03  1.5625e-02  1.8579e-03  1.8579e-03  +0.0000e+00  +4.7916e-05  +4.7916e-05  +0.0000e+00        1    +3.8928e-05  4.4023e-05  4.4023e-05  +0.0000e+00  1.0000e-01  
    175    1.8579e-03  3.1250e-02  3.3716e-03  3.3716e-03  +0.0000e+00  +4.6867e-05  +4.6867e-05  +0.0000e+00        1    +4.1794e-05  4.2688e-05  4.2688e-05  +0.0000e+00  1.0000e-01  
    176    3.3716e-03  3.1250e-02  5.9999e-03  5.9999e-03  +0.0000e+00  +4.6609e-05  +4.6609e-05  +0.0000e+00        1    +5.1240e-05  4.1485e-05  4.1485e-05  +0.0000e+00  1.0000e-01  
    177    5.9999e-03  1.5625e-02  2.4432e-03  2.4432e-03  +0.0000e+00  +4.4908e-05  +4.4908e-05  +0.0000e+00        1    +3.9657e-05  4.0942e-05  4.0942e-05  +0.0000e+00  1.0000e-01  
    178    2.4432e-03  3.1250e-02  4.3290e-03  4.3290e-03  +0.0000e+00  +4.4184e-05  +4.4184e-05  +0.0000e+00        1    +4.4535e-05  3.9731e-05  3.9731e-05  +0.0000e+00  1.0000e-01  
    179    4.3290e-03  1.5625e-02  1.7740e-03  1.7740e-03  +0.0000e+00  +4.3015e-05  +4.3015e-05  +0.0000e+00        1    +3.8498e-05  3.9165e-05  3.9165e-05  +0.0000e+00  1.0000e-01  
    180    1.7740e-03  6.2500e-02  7.9667e-03  7.9667e-03  +0.0000e+00  +4.3011e-05  +4.3011e-05  +0.0000e+00        1    +6.1491e-05  3.6862e-05  3.6862e-05  +0.0000e+00  1.0000e-01  
    181    7.9667e-03  1.5625e-02  3.2307e-03  3.2307e-03  +0.0000e+00  +4.0579e-05  +4.0579e-05  +0.0000e+00        1    +4.1076e-05  3.6471e-05  3.6471e-05  +0.0000e+00  1.0000e-01  
    182    3.2307e-03  3.1250e-02  5.7476e-03  5.7476e-03  +0.0000e+00  +4.0425e-05  +4.0425e-05  +0.0000e+00        1    +4.9739e-05  3.5451e-05  3.5451e-05  +0.0000e+00  1.0000e-01  
    183    5.7476e-03  1.5625e-02  2.3419e-03  2.3419e-03  +0.0000e+00  +3.8905e-05  +3.8905e-05  +0.0000e+00        1    +3.9109e-05  3.4994e-05  3.4994e-05  +0.0000e+00  1.0000e-01  
    184    2.3419e-03  3.1250e-02  4.1478e-03  4.1478e-03  +0.0000e+00  +3.8322e-05  +3.8322e-05  +0.0000e+00        1    +4.3582e-05  3.3963e-05  3.3963e-05  +0.0000e+00  1.0000e-01  
    185    4.1478e-03  1.5625e-02  1.7011e-03  1.7011e-03  +0.0000e+00  +3.7287e-05  +3.7287e-05  +0.0000e+00        1    +3.8039e-05  3.3483e-05  3.3483e-05  +0.0000e+00  1.0000e-01  
    186    1.7011e-03  3.1250e-02  2.9944e-03  2.9944e-03  +0.0000e+00  +3.6503e-05  +3.6503e-05  +0.0000e+00        1    +4.0335e-05  3.2470e-05  3.2470e-05  +0.0000e+00  1.0000e-01  
    187    2.9944e-03  3.1250e-02  5.4187e-03  5.4187e-03  +0.0000e+00  +3.6353e-05  +3.6353e-05  +0.0000e+00        1    +4.7927e-05  3.1560e-05  3.1560e-05  +0.0000e+00  1.0000e-01  
    188    5.4187e-03  1.5625e-02  2.1631e-03  2.1631e-03  +0.0000e+00  +3.5012e-05  +3.5012e-05  +0.0000e+00        1    +3.8599e-05  3.1152e-05  3.1152e-05  +0.0000e+00  1.0000e-01  
    189    2.1631e-03  3.1250e-02  3.9209e-03  3.9209e-03  +0.0000e+00  +3.4486e-05  +3.4486e-05  +0.0000e+00        1    +4.2520e-05  3.0234e-05  3.0234e-05  +0.0000e+00  1.0000e-01  
    190    3.9209e-03  1.5625e-02  1.5635e-03  1.5635e-03  +0.0000e+00  +3.3571e-05  +3.3571e-05  +0.0000e+00        1    +3.7650e-05  2.9806e-05  2.9806e-05  +0.0000e+00  1.0000e-01  
    191    1.5635e-03  3.1250e-02  2.8405e-03  2.8405e-03  +0.0000e+00  +3.2870e-05  +3.2870e-05  +0.0000e+00        1    +3.9659e-05  2.8904e-05  2.8904e-05  +0.0000e+00  1.0000e-01  
    192    2.8405e-03  3.1250e-02  5.0467e-03  5.0467e-03  +0.0000e+00  +3.2725e-05  +3.2725e-05  +0.0000e+00        1    +4.6322e-05  2.8093e-05  2.8093e-05  +0.0000e+00  1.0000e-01  
    193    5.0467e-03  1.5625e-02  2.0608e-03  2.0608e-03  +0.0000e+00  +3.1541e-05  +3.1541e-05  +0.0000e+00        1    +3.8124e-05  2.7729e-05  2.7729e-05  +0.0000e+00  1.0000e-01  
    194    2.0608e-03  3.1250e-02  3.6433e-03  3.6433e-03  +0.0000e+00  +3.1067e-05  +3.1067e-05  +0.0000e+00        1    +4.1560e-05  2.6911e-05  2.6911e-05  +0.0000e+00  1.0000e-01  
    195    3.6433e-03  1.5625e-02  1.4985e-03  1.4985e-03  +0.0000e+00  +3.0257e-05  +3.0257e-05  +0.0000e+00        1    +3.7280e-05  2.6529e-05  2.6529e-05  +0.0000e+00  1.0000e-01  
    196    1.4985e-03  3.1250e-02  2.6312e-03  2.6312e-03  +0.0000e+00  +2.9630e-05  +2.9630e-05  +0.0000e+00        1    +3.9037e-05  2.5726e-05  2.5726e-05  +0.0000e+00  1.0000e-01  
    197    2.6312e-03  3.1250e-02  4.7641e-03  4.7641e-03  +0.0000e+00  +2.9492e-05  +2.9492e-05  +0.0000e+00        1    +4.4882e-05  2.5004e-05  2.5004e-05  +0.0000e+00  1.0000e-01  
    198    4.7641e-03  1.5625e-02  1.9016e-03  1.9016e-03  +0.0000e+00  +2.8446e-05  +2.8446e-05  +0.0000e+00        1    +3.7679e-05  2.4678e-05  2.4678e-05  +0.0000e+00  1.0000e-01  
    199    1.9016e-03  3.1250e-02  3.4493e-03  3.4493e-03  +0.0000e+00  +2.8019e-05  +2.8019e-05  +0.0000e+00        1    +4.0692e-05  2.3950e-05  2.3950e-05  +0.0000e+00  1.0000e-01  
    200    3.4493e-03  1.5625e-02  1.3751e-03  1.3751e-03  +0.0000e+00  +2.7303e-05  +2.7303e-05  +0.0000e+00        1    +3.6927e-05  2.3610e-05  2.3610e-05  +0.0000e+00  1.0000e-01  
    201    1.3751e-03  3.1250e-02  2.5006e-03  2.5006e-03  +0.0000e+00  +2.6742e-05  +2.6742e-05  +0.0000e+00        1    +3.8466e-05  2.2895e-05  2.2895e-05  +0.0000e+00  1.0000e-01  
    202    2.5006e-03  3.1250e-02  4.4365e-03  4.4365e-03  +0.0000e+00  +2.6611e-05  +2.6611e-05  +0.0000e+00        1    +4.3599e-05  2.2252e-05  2.2252e-05  +0.0000e+00  1.0000e-01  
    203    4.4365e-03  1.5625e-02  1.8159e-03  1.8159e-03  +0.0000e+00  +2.5688e-05  +2.5688e-05  +0.0000e+00        1    +3.7261e-05  2.1961e-05  2.1961e-05  +0.0000e+00  1.0000e-01  
    204    1.8159e-03  3.1250e-02  3.2040e-03  3.2040e-03  +0.0000e+00  +2.5303e-05  +2.5303e-05  +0.0000e+00        1    +3.9903e-05  2.1313e-05  2.1313e-05  +0.0000e+00  1.0000e-01  
    205    3.2040e-03  1.5625e-02  1.3219e-03  1.3219e-03  +0.0000e+00  +2.4669e-05  +2.4669e-05  +0.0000e+00        1    +3.6589e-05  2.1010e-05  2.1010e-05  +0.0000e+00  1.0000e-01  
    206    1.3219e-03  3.1250e-02  2.3149e-03  2.3149e-03  +0.0000e+00  +2.4167e-05  +2.4167e-05  +0.0000e+00        1    +3.7935e-05  2.0374e-05  2.0374e-05  +0.0000e+00  1.0000e-01  
    207    2.3149e-03  3.1250e-02  4.1939e-03  4.1939e-03  +0.0000e+00  +2.4045e-05  +2.4045e-05  +0.0000e+00        1    +4.2443e-05  1.9800e-05  1.9800e-05  +0.0000e+00  1.0000e-01  
    208    4.1939e-03  1.5625e-02  1.6737e-03  1.6737e-03  +0.0000e+00  +2.3228e-05  +2.3228e-05  +0.0000e+00        1    +3.6866e-05  1.9542e-05  1.9542e-05  +0.0000e+00  1.0000e-01  
    209    1.6737e-03  3.1250e-02  3.0384e-03  3.0384e-03  +0.0000e+00  +2.2883e-05  +2.2883e-05  +0.0000e+00        1    +3.9185e-05  1.8965e-05  1.8965e-05  +0.0000e+00  1.0000e-01  
    210    3.0384e-03  1.5625e-02  1.2109e-03  1.2109e-03  +0.0000e+00  +2.2321e-05  +2.2321e-05  +0.0000e+00        1    +3.6266e-05  1.8695e-05  1.8695e-05  +0.0000e+00  1.0000e-01  
    211    1.2109e-03  3.1250e-02  2.2044e-03  2.2044e-03  +0.0000e+00  +2.1873e-05  +2.1873e-05  +0.0000e+00        1    +3.7444e-05  1.8129e-05  1.8129e-05  +0.0000e+00  1.0000e-01  
    212    2.2044e-03  3.1250e-02  3.9047e-03  3.9047e-03  +0.0000e+00  +2.1758e-05  +2.1758e-05  +0.0000e+00        1    +4.1405e-05  1.7618e-05  1.7618e-05  +0.0000e+00  1.0000e-01  
    213    3.9047e-03  1.5625e-02  1.6024e-03  1.6024e-03  +0.0000e+00  +2.1036e-05  +2.1036e-05  +0.0000e+00        1    +3.6493e-05  1.7387e-05  1.7387e-05  +0.0000e+00  1.0000e-01  
    214    1.6024e-03  3.1250e-02  2.8210e-03  2.8210e-03  +0.0000e+00  +2.0726e-05  +2.0726e-05  +0.0000e+00        1    +3.8527e-05  1.6873e-05  1.6873e-05  +0.0000e+00  1.0000e-01  
    215    2.8210e-03  1.5625e-02  1.1679e-03  1.1679e-03  +0.0000e+00  +2.0228e-05  +2.0228e-05  +0.0000e+00        1    +3.5954e-05  1.6633e-05  1.6633e-05  +0.0000e+00  1.0000e-01  
    216    1.1679e-03  6.2500e-02  5.1931e-03  5.1931e-03  +0.0000e+00  +2.0221e-05  +2.0221e-05  +0.0000e+00        1    +4.5647e-05  1.5657e-05  1.5657e-05  +0.0000e+00  1.0000e-01  
    217    5.1931e-03  1.5625e-02  2.1186e-03  2.1186e-03  +0.0000e+00  +1.9188e-05  +1.9188e-05  +0.0000e+00        1    +3.6969e-05  1.5491e-05  1.5491e-05  +0.0000e+00  1.0000e-01  
    218    2.1186e-03  3.1250e-02  3.7512e-03  3.7512e-03  +0.0000e+00  +1.9120e-05  +1.9120e-05  +0.0000e+00        1    +4.0621e-05  1.5058e-05  1.5058e-05  +0.0000e+00  1.0000e-01  
    219    3.7512e-03  1.5625e-02  1.5406e-03  1.5406e-03  +0.0000e+00  +1.8472e-05  +1.8472e-05  +0.0000e+00        1    +3.6086e-05  1.4864e-05  1.4864e-05  +0.0000e+00  1.0000e-01  
    220    1.5406e-03  3.1250e-02  2.7107e-03  2.7107e-03  +0.0000e+00  +1.8223e-05  +1.8223e-05  +0.0000e+00        1    +3.7960e-05  1.4426e-05  1.4426e-05  +0.0000e+00  1.0000e-01  
    221    2.7107e-03  1.5625e-02  1.1234e-03  1.1234e-03  +0.0000e+00  +1.7781e-05  +1.7781e-05  +0.0000e+00        1    +3.5583e-05  1.4223e-05  1.4223e-05  +0.0000e+00  1.0000e-01  
    222    1.1234e-03  3.1250e-02  1.9597e-03  1.9597e-03  +0.0000e+00  +1.7446e-05  +1.7446e-05  +0.0000e+00        1    +3.6531e-05  1.3793e-05  1.3793e-05  +0.0000e+00  1.0000e-01  
    223    1.9597e-03  3.1250e-02  3.5535e-03  3.5535e-03  +0.0000e+00  +1.7382e-05  +1.7382e-05  +0.0000e+00        1    +3.9743e-05  1.3408e-05  1.3408e-05  +0.0000e+00  1.0000e-01  
    224    3.5535e-03  1.5625e-02  1.4179e-03  1.4179e-03  +0.0000e+00  +1.6809e-05  +1.6809e-05  +0.0000e+00        1    +3.5744e-05  1.3234e-05  1.3234e-05  +0.0000e+00  1.0000e-01  
    225    1.4179e-03  3.1250e-02  2.5769e-03  2.5769e-03  +0.0000e+00  +1.6584e-05  +1.6584e-05  +0.0000e+00        1    +3.7390e-05  1.2845e-05  1.2845e-05  +0.0000e+00  1.0000e-01  
    226    2.5769e-03  1.5625e-02  1.0267e-03  1.0267e-03  +0.0000e+00  +1.6193e-05  +1.6193e-05  +0.0000e+00        1    +3.5292e-05  1.2664e-05  1.2664e-05  +0.0000e+00  1.0000e-01  
    227    1.0267e-03  3.1250e-02  1.8718e-03  1.8718e-03  +0.0000e+00  +1.5893e-05  +1.5893e-05  +0.0000e+00        1    +3.6121e-05  1.2281e-05  1.2281e-05  +0.0000e+00  1.0000e-01  
    228    1.8718e-03  3.1250e-02  3.3082e-03  3.3082e-03  +0.0000e+00  +1.5832e-05  +1.5832e-05  +0.0000e+00        1    +3.8948e-05  1.1937e-05  1.1937e-05  +0.0000e+00  1.0000e-01  
    229    3.3082e-03  1.5625e-02  1.3625e-03  1.3625e-03  +0.0000e+00  +1.5325e-05  +1.5325e-05  +0.0000e+00        1    +3.5418e-05  1.1783e-05  1.1783e-05  +0.0000e+00  1.0000e-01  
    230    1.3625e-03  3.1250e-02  2.3915e-03  2.3915e-03  +0.0000e+00  +1.5122e-05  +1.5122e-05  +0.0000e+00        1    +3.6863e-05  1.1436e-05  1.1436e-05  +0.0000e+00  1.0000e-01  
    231    2.3915e-03  1.5625e-02  9.9491e-04  9.9491e-04  +0.0000e+00  +1.4775e-05  +1.4775e-05  +0.0000e+00        1    +3.5009e-05  1.1274e-05  1.1274e-05  +0.0000e+00  1.0000e-01  
=========================================================
Total gradient evaluations: 1.188e+05 
