=========================================================
*                                                       *
*  Samples: 1.28e+02; epsilon: 7.8231e-03; varepson:7.8231e-03 *
*                                                       *
=========================================================
     Iter   search_dire    stepsize    KKT_inf    eKKT_inf    KKT-eKKT      merit     e_merit     mrt-emrt      rank          f           c           ec        c-ec         tau    
initial    0.0000e+00  0.0000e+00  1.9485e-02  3.2592e-02  -1.3107e-02  +1.9500e-02  +3.2606e-02  -1.3107e-02        1    +1.4899e-04  1.9485e-02  3.2592e-02  -1.3107e-02  1.0000e-01  
      1    1.6386e-02  2.5000e-01  3.4833e-01  3.4904e-01  -7.0921e-04  +1.9079e-02  +3.6563e-02  -1.7484e-02        1    +4.6667e-02  1.4413e-02  3.1896e-02  -1.7484e-02  1.0000e-01  
      2    3.4833e-01  1.5625e-02  1.4127e-01  1.4148e-01  -2.1030e-04  +1.4508e-02  +2.6119e-02  -1.1611e-02        1    +7.7024e-03  1.3737e-02  2.5348e-02  -1.1611e-02  1.0000e-01  
      3    1.4127e-01  1.5625e-02  5.6423e-02  5.6507e-02  -8.4277e-05  +1.3588e-02  +2.7562e-02  -1.3974e-02        1    +1.2703e-03  1.3461e-02  2.7435e-02  -1.3974e-02  1.0000e-01  
      4    5.6423e-02  3.1250e-02  1.0195e-01  1.0212e-01  -1.6555e-04  +1.3401e-02  +2.5485e-02  -1.2084e-02        1    +4.0334e-03  1.2998e-02  2.5082e-02  -1.2084e-02  1.0000e-01  
      5    1.0195e-01  1.5625e-02  4.0726e-02  4.0789e-02  -6.2499e-05  +1.2830e-02  +2.6620e-02  -1.3790e-02        1    +6.8401e-04  1.2762e-02  2.6552e-02  -1.3790e-02  1.0000e-01  
      6    4.0726e-02  3.1250e-02  7.3626e-02  7.3759e-02  -1.3316e-04  +1.2554e-02  +2.4980e-02  -1.2427e-02        1    +2.1248e-03  1.2341e-02  2.4768e-02  -1.2427e-02  1.0000e-01  
      7    7.3626e-02  1.5625e-02  2.9420e-02  2.9453e-02  -3.3261e-05  +1.2169e-02  +2.5828e-02  -1.3659e-02        1    +3.7861e-04  1.2131e-02  2.5790e-02  -1.3659e-02  1.0000e-01  
      8    2.9420e-02  6.2500e-02  1.3581e-01  1.3601e-01  -2.0377e-04  +1.2039e-02  +2.3728e-02  -1.1690e-02        1    +7.1198e-03  1.1327e-02  2.3016e-02  -1.1690e-02  1.0000e-01  
      9    1.3581e-01  1.5625e-02  5.4252e-02  5.4338e-02  -8.6114e-05  +1.1210e-02  +2.5170e-02  -1.3959e-02        1    +1.1767e-03  1.1093e-02  2.5052e-02  -1.3959e-02  1.0000e-01  
     10    5.4252e-02  3.1250e-02  9.8003e-02  9.8164e-02  -1.6087e-04  +1.1079e-02  +2.3220e-02  -1.2141e-02        1    +3.7291e-03  1.0706e-02  2.2847e-02  -1.2141e-02  1.0000e-01  
     11    9.8003e-02  1.5625e-02  3.9156e-02  3.9215e-02  -5.8870e-05  +1.0572e-02  +2.4352e-02  -1.3780e-02        1    +6.3469e-04  1.0509e-02  2.4288e-02  -1.3780e-02  1.0000e-01  
     12    3.9156e-02  3.1250e-02  7.0751e-02  7.0881e-02  -1.2979e-04  +1.0356e-02  +2.2825e-02  -1.2469e-02        1    +1.9648e-03  1.0160e-02  2.2628e-02  -1.2469e-02  1.0000e-01  
     13    7.0751e-02  1.5625e-02  2.8277e-02  2.8307e-02  -3.0214e-05  +1.0020e-02  +2.3672e-02  -1.3652e-02        1    +3.5240e-04  9.9851e-03  2.3637e-02  -1.3652e-02  1.0000e-01  
     14    2.8277e-02  6.2500e-02  1.3046e-01  1.3066e-01  -1.9758e-04  +9.9752e-03  +2.1734e-02  -1.1759e-02        1    +6.5729e-03  9.3179e-03  2.1077e-02  -1.1759e-02  1.0000e-01  
     15    1.3046e-01  1.5625e-02  5.2112e-02  5.2196e-02  -8.3680e-05  +9.2285e-03  +2.3166e-02  -1.3938e-02        1    +1.0884e-03  9.1196e-03  2.3057e-02  -1.3938e-02  1.0000e-01  
     16    5.2112e-02  3.1250e-02  9.4097e-02  9.4254e-02  -1.5636e-04  +9.1419e-03  +2.1334e-02  -1.2192e-02        1    +3.4407e-03  8.7978e-03  2.0990e-02  -1.2192e-02  1.0000e-01  
     17    9.4097e-02  1.5625e-02  3.7597e-02  3.7651e-02  -5.4687e-05  +8.6911e-03  +2.2455e-02  -1.3764e-02        1    +5.8788e-04  8.6323e-03  2.2397e-02  -1.3764e-02  1.0000e-01  
     18    3.7597e-02  3.1250e-02  6.7895e-02  6.8022e-02  -1.2650e-04  +8.5249e-03  +2.1030e-02  -1.2506e-02        1    +1.8124e-03  8.3437e-03  2.0849e-02  -1.2506e-02  1.0000e-01  
     19    6.7895e-02  1.5625e-02  2.7139e-02  2.7166e-02  -2.7157e-05  +8.2313e-03  +2.1872e-02  -1.3641e-02        1    +3.2745e-04  8.1985e-03  2.1839e-02  -1.3641e-02  1.0000e-01  
     20    2.7139e-02  3.1250e-02  4.9013e-02  4.9118e-02  -1.0491e-04  +8.0291e-03  +2.0762e-02  -1.2733e-02        1    +9.6554e-04  7.9326e-03  2.0665e-02  -1.2733e-02  1.0000e-01  
     21    4.9013e-02  3.1250e-02  8.8161e-02  8.8305e-02  -1.4378e-04  +7.9571e-03  +2.2328e-02  -1.4371e-02        1    +3.0292e-03  7.6542e-03  2.2025e-02  -1.4371e-02  1.0000e-01  
     22    8.8161e-02  1.5625e-02  3.5483e-02  3.5572e-02  -8.9420e-05  +7.5609e-03  +2.0454e-02  -1.2894e-02        1    +5.2696e-04  7.5082e-03  2.0402e-02  -1.2894e-02  1.0000e-01  
     23    3.5483e-02  3.1250e-02  6.3797e-02  6.3901e-02  -1.0382e-04  +7.4180e-03  +2.1498e-02  -1.4080e-02        1    +1.6075e-03  7.2573e-03  2.1337e-02  -1.4080e-02  1.0000e-01  
     24    6.3797e-02  1.5625e-02  2.5676e-02  2.5754e-02  -7.8163e-05  +7.1599e-03  +2.0171e-02  -1.3011e-02        1    +2.9682e-04  7.1302e-03  2.0142e-02  -1.3011e-02  1.0000e-01  
     25    2.5676e-02  3.1250e-02  4.6139e-02  4.6216e-02  -7.6637e-05  +6.9850e-03  +2.0855e-02  -1.3870e-02        1    +8.6191e-04  6.8988e-03  2.0769e-02  -1.3870e-02  1.0000e-01  
     26    4.6139e-02  3.1250e-02  8.3287e-02  8.3431e-02  -1.4400e-04  +6.9248e-03  +1.9249e-02  -1.2324e-02        1    +2.7043e-03  6.6543e-03  1.8978e-02  -1.2324e-02  1.0000e-01  
     27    8.3287e-02  1.5625e-02  3.3290e-02  3.3333e-02  -4.3303e-05  +6.5753e-03  +2.0290e-02  -1.3715e-02        1    +4.6950e-04  6.5283e-03  2.0243e-02  -1.3715e-02  1.0000e-01  
     28    3.3290e-02  3.1250e-02  6.0086e-02  6.0203e-02  -1.1756e-04  +6.4523e-03  +1.9053e-02  -1.2601e-02        1    +1.4283e-03  6.3095e-03  1.8910e-02  -1.2601e-02  1.0000e-01  
     29    6.0086e-02  1.5625e-02  2.4029e-02  2.4048e-02  -1.8939e-05  +6.2258e-03  +1.9830e-02  -1.3604e-02        1    +2.6535e-04  6.1993e-03  1.9804e-02  -1.3604e-02  1.0000e-01  
     30    2.4029e-02  3.1250e-02  4.3367e-02  4.3465e-02  -9.8449e-05  +6.0744e-03  +1.8875e-02  -1.2801e-02        1    +7.6472e-04  5.9979e-03  1.8798e-02  -1.2801e-02  1.0000e-01  
     31    4.3367e-02  3.1250e-02  7.8010e-02  7.8139e-02  -1.2872e-04  +6.0245e-03  +2.0273e-02  -1.4249e-02        1    +2.3804e-03  5.7865e-03  2.0035e-02  -1.4249e-02  1.0000e-01  
     32    7.8010e-02  1.5625e-02  3.1379e-02  3.1463e-02  -8.4732e-05  +5.7175e-03  +1.8660e-02  -1.2942e-02        1    +4.2097e-04  5.6754e-03  1.8618e-02  -1.2942e-02  1.0000e-01  
     33    3.1379e-02  3.1250e-02  5.6425e-02  5.6518e-02  -9.3563e-05  +5.6120e-03  +1.9602e-02  -1.3990e-02        1    +1.2662e-03  5.4854e-03  1.9476e-02  -1.3990e-02  1.0000e-01  
     34    5.6425e-02  1.5625e-02  2.2696e-02  2.2771e-02  -7.4769e-05  +5.4130e-03  +1.8459e-02  -1.3046e-02        1    +2.4079e-04  5.3890e-03  1.8434e-02  -1.3046e-02  1.0000e-01  
     35    2.2696e-02  3.1250e-02  4.0797e-02  4.0860e-02  -6.3033e-05  +5.2821e-03  +1.9085e-02  -1.3803e-02        1    +6.8247e-04  5.2138e-03  1.9017e-02  -1.3803e-02  1.0000e-01  
     36    4.0797e-02  3.1250e-02  7.3615e-02  7.3748e-02  -1.3296e-04  +5.2405e-03  +1.7677e-02  -1.2437e-02        1    +2.1215e-03  5.0284e-03  1.7465e-02  -1.2437e-02  1.0000e-01  
     37    7.3615e-02  1.5625e-02  2.9437e-02  2.9470e-02  -3.3137e-05  +4.9701e-03  +1.8636e-02  -1.3666e-02        1    +3.7572e-04  4.9325e-03  1.8598e-02  -1.3666e-02  1.0000e-01  
     38    2.9437e-02  3.1250e-02  5.3105e-02  5.3214e-02  -1.0958e-04  +4.8792e-03  +1.7560e-02  -1.2681e-02        1    +1.1245e-03  4.7668e-03  1.7447e-02  -1.2681e-02  1.0000e-01  
     39    5.3105e-02  1.5625e-02  2.1248e-02  2.1259e-02  -1.1612e-05  +4.7048e-03  +1.8272e-02  -1.3567e-02        1    +2.1614e-04  4.6832e-03  1.8250e-02  -1.3567e-02  1.0000e-01  
     40    2.1248e-02  3.1250e-02  3.8325e-02  3.8417e-02  -9.2677e-05  +4.5915e-03  +1.7448e-02  -1.2856e-02        1    +6.0603e-04  4.5309e-03  1.7387e-02  -1.2856e-02  1.0000e-01  
     41    3.8325e-02  3.1250e-02  6.8946e-02  6.9061e-02  -1.1514e-04  +4.5573e-03  +1.8693e-02  -1.4135e-02        1    +1.8680e-03  4.3705e-03  1.8506e-02  -1.4135e-02  1.0000e-01  
     42    6.8946e-02  1.5625e-02  2.7720e-02  2.7801e-02  -8.0542e-05  +4.3199e-03  +1.7301e-02  -1.2981e-02        1    +3.3734e-04  4.2861e-03  1.7267e-02  -1.2981e-02  1.0000e-01  
     43    2.7720e-02  3.1250e-02  4.9852e-02  4.9936e-02  -8.4255e-05  +4.2420e-03  +1.8148e-02  -1.3906e-02        1    +9.9707e-04  4.1422e-03  1.8048e-02  -1.3906e-02  1.0000e-01  
     44    4.9852e-02  1.5625e-02  2.0044e-02  2.0116e-02  -7.1734e-05  +4.0889e-03  +1.7160e-02  -1.3071e-02        1    +1.9662e-04  4.0692e-03  1.7141e-02  -1.3071e-02  1.0000e-01  
     45    2.0044e-02  3.1250e-02  3.6042e-02  3.6093e-02  -5.0502e-05  +3.9909e-03  +1.7731e-02  -1.3740e-02        1    +5.4120e-04  3.9368e-03  1.7677e-02  -1.3740e-02  1.0000e-01  
     46    3.6042e-02  3.1250e-02  6.5011e-02  6.5134e-02  -1.2313e-04  +3.9626e-03  +1.6496e-02  -1.2533e-02        1    +1.6633e-03  3.7962e-03  1.6329e-02  -1.2533e-02  1.0000e-01  
     47    6.5011e-02  1.5625e-02  2.6008e-02  2.6033e-02  -2.4120e-05  +3.7536e-03  +1.7372e-02  -1.3618e-02        1    +3.0190e-04  3.7234e-03  1.7341e-02  -1.3618e-02  1.0000e-01  
     48    2.6008e-02  3.1250e-02  4.6900e-02  4.7002e-02  -1.0247e-04  +3.6866e-03  +1.6434e-02  -1.2747e-02        1    +8.8578e-04  3.5980e-03  1.6345e-02  -1.2747e-02  1.0000e-01  
     49    4.6900e-02  1.5625e-02  1.8776e-02  1.8781e-02  -5.1217e-06  +3.5524e-03  +1.7082e-02  -1.3530e-02        1    +1.7738e-04  3.5347e-03  1.7065e-02  -1.3530e-02  1.0000e-01  
     50    1.8776e-02  3.1250e-02  3.3847e-02  3.3935e-02  -8.7538e-05  +3.4677e-03  +1.6370e-02  -1.2902e-02        1    +4.8142e-04  3.4195e-03  1.6321e-02  -1.2902e-02  1.0000e-01  
     51    3.3847e-02  3.1250e-02  6.0896e-02  6.0999e-02  -1.0306e-04  +3.4446e-03  +1.7475e-02  -1.4031e-02        1    +1.4659e-03  3.2980e-03  1.7329e-02  -1.4031e-02  1.0000e-01  
     52    6.0896e-02  1.5625e-02  2.4476e-02  2.4553e-02  -7.6811e-05  +3.2611e-03  +1.6272e-02  -1.3011e-02        1    +2.7171e-04  3.2339e-03  1.6245e-02  -1.3011e-02  1.0000e-01  
     53    2.4476e-02  3.1250e-02  4.4026e-02  4.4098e-02  -7.1466e-05  +3.2037e-03  +1.7031e-02  -1.3827e-02        1    +7.8618e-04  3.1251e-03  1.6953e-02  -1.3827e-02  1.0000e-01  
     54    4.4026e-02  1.5625e-02  1.7695e-02  1.7764e-02  -6.9030e-05  +3.0860e-03  +1.6176e-02  -1.3091e-02        1    +1.6195e-04  3.0698e-03  1.6160e-02  -1.3091e-02  1.0000e-01  
     55    1.7695e-02  3.1250e-02  3.1829e-02  3.1869e-02  -3.9426e-05  +3.0128e-03  +1.6693e-02  -1.3680e-02        1    +4.3058e-04  2.9698e-03  1.6650e-02  -1.3680e-02  1.0000e-01  
     56    3.1829e-02  3.1250e-02  5.7394e-02  5.7508e-02  -1.1441e-04  +2.9938e-03  +1.5608e-02  -1.2614e-02        1    +1.3050e-03  2.8633e-03  1.5478e-02  -1.2614e-02  1.0000e-01  
     57    5.7394e-02  1.5625e-02  2.2973e-02  2.2989e-02  -1.6156e-05  +2.8324e-03  +1.6404e-02  -1.3572e-02        1    +2.4406e-04  2.8080e-03  1.6380e-02  -1.3572e-02  1.0000e-01  
     58    2.2973e-02  3.1250e-02  4.1409e-02  4.1506e-02  -9.6165e-05  +2.7831e-03  +1.5586e-02  -1.2803e-02        1    +6.9916e-04  2.7132e-03  1.5516e-02  -1.2803e-02  1.0000e-01  
     59    4.1409e-02  1.5625e-02  1.6588e-02  1.6587e-02  +6.0479e-07  +2.6800e-03  +1.6174e-02  -1.3494e-02        1    +1.4697e-04  2.6653e-03  1.6159e-02  -1.3494e-02  1.0000e-01  
     60    1.6588e-02  3.1250e-02  2.9887e-02  2.9970e-02  -8.2980e-05  +2.6167e-03  +1.5555e-02  -1.2938e-02        1    +3.8398e-04  2.5783e-03  1.5517e-02  -1.2938e-02  1.0000e-01  
     61    2.9887e-02  3.1250e-02  5.3776e-02  5.3868e-02  -9.2342e-05  +2.6014e-03  +1.6536e-02  -1.3935e-02        1    +1.1518e-03  2.4863e-03  1.6421e-02  -1.3935e-02  1.0000e-01  
     62    5.3776e-02  1.5625e-02  2.1610e-02  2.1683e-02  -7.3501e-05  +2.4597e-03  +1.5494e-02  -1.3035e-02        1    +2.2041e-04  2.4377e-03  1.5472e-02  -1.3035e-02  1.0000e-01  
     63    2.1610e-02  3.1250e-02  3.8881e-02  3.8939e-02  -5.7947e-05  +2.4176e-03  +1.6172e-02  -1.3754e-02        1    +6.2153e-04  2.3555e-03  1.6110e-02  -1.3754e-02  1.0000e-01  
     64    3.8881e-02  1.5625e-02  1.5622e-02  1.5689e-02  -6.6627e-05  +2.3271e-03  +1.5431e-02  -1.3104e-02        1    +1.3481e-04  2.3136e-03  1.5417e-02  -1.3104e-02  1.0000e-01  
     65    1.5622e-02  3.1250e-02  2.8109e-02  2.8139e-02  -2.9668e-05  +2.2726e-03  +1.5896e-02  -1.3624e-02        1    +3.4424e-04  2.2381e-03  1.5862e-02  -1.3624e-02  1.0000e-01  
     66    2.8109e-02  3.1250e-02  5.0672e-02  5.0778e-02  -1.0670e-04  +2.2602e-03  +1.4943e-02  -1.2683e-02        1    +1.0258e-03  2.1576e-03  1.4840e-02  -1.2683e-02  1.0000e-01  
     67    5.0672e-02  1.5625e-02  2.0293e-02  2.0302e-02  -9.1442e-06  +2.1355e-03  +1.5663e-02  -1.3528e-02        1    +1.9886e-04  2.1156e-03  1.5643e-02  -1.3528e-02  1.0000e-01  
     68    2.0293e-02  3.1250e-02  3.6566e-02  3.6656e-02  -9.0590e-05  +2.0994e-03  +1.4948e-02  -1.2848e-02        1    +5.5367e-04  2.0440e-03  1.4892e-02  -1.2848e-02  1.0000e-01  
     69    3.6566e-02  1.5625e-02  1.4656e-02  1.5466e-02  -8.0918e-04  +2.0200e-03  +1.5478e-02  -1.3458e-02        1    +1.2316e-04  2.0077e-03  1.5466e-02  -1.3458e-02  1.0000e-01  
     70    1.4656e-02  3.1250e-02  2.6395e-02  2.6474e-02  -7.8946e-05  +1.9729e-03  +1.4940e-02  -1.2967e-02        1    +3.0798e-04  1.9421e-03  1.4910e-02  -1.2967e-02  1.0000e-01  
     71    2.6395e-02  3.1250e-02  4.7498e-02  4.7579e-02  -8.0581e-05  +1.9632e-03  +1.5810e-02  -1.3847e-02        1    +9.0694e-04  1.8725e-03  1.5719e-02  -1.3847e-02  1.0000e-01  
     72    4.7498e-02  1.5625e-02  1.9084e-02  1.9155e-02  -7.0570e-05  +1.8537e-03  +1.4905e-02  -1.3052e-02        1    +1.8036e-04  1.8356e-03  1.4887e-02  -1.3052e-02  1.0000e-01  
     73    1.9084e-02  3.1250e-02  3.4345e-02  3.4391e-02  -4.6051e-05  +1.8229e-03  +1.5510e-02  -1.3687e-02        1    +4.9327e-04  1.7736e-03  1.5460e-02  -1.3687e-02  1.0000e-01  
     74    3.4345e-02  1.5625e-02  1.3796e-02  1.4854e-02  -1.0578e-03  +1.7533e-03  +1.4865e-02  -1.3112e-02        1    +1.1359e-04  1.7419e-03  1.4854e-02  -1.3112e-02  1.0000e-01  
     75    1.3796e-02  3.1250e-02  2.4832e-02  2.4853e-02  -2.1088e-05  +1.7127e-03  +1.5284e-02  -1.3571e-02        1    +2.7695e-04  1.6850e-03  1.5256e-02  -1.3571e-02  1.0000e-01  
     76    2.4832e-02  3.1250e-02  4.4752e-02  4.4852e-02  -9.9899e-05  +1.7049e-03  +1.4445e-02  -1.2740e-02        1    +8.0848e-04  1.6241e-03  1.4364e-02  -1.2740e-02  1.0000e-01  
     77    4.4752e-02  1.5625e-02  1.7932e-02  1.7935e-02  -2.9819e-06  +1.6086e-03  +1.5094e-02  -1.3485e-02        1    +1.6358e-04  1.5922e-03  1.5078e-02  -1.3485e-02  1.0000e-01  
     78    1.7932e-02  3.1250e-02  3.2301e-02  3.2386e-02  -8.5669e-05  +1.5823e-03  +1.4468e-02  -1.2885e-02        1    +4.4041e-04  1.5382e-03  1.4424e-02  -1.2885e-02  1.0000e-01  
     79    3.2301e-02  1.5625e-02  1.2955e-02  1.4934e-02  -1.9788e-03  +1.5212e-03  +1.4945e-02  -1.3423e-02        1    +1.0451e-04  1.5108e-03  1.4934e-02  -1.3423e-02  1.0000e-01  
     80    1.2955e-02  3.1250e-02  2.3321e-02  2.3396e-02  -7.5383e-05  +1.4862e-03  +1.4476e-02  -1.2990e-02        1    +2.4875e-04  1.4614e-03  1.4451e-02  -1.2990e-02  1.0000e-01  
     81    2.3321e-02  3.1250e-02  4.1975e-02  4.2041e-02  -6.6091e-05  +1.4803e-03  +1.5246e-02  -1.3766e-02        1    +7.1640e-04  1.4087e-03  1.5175e-02  -1.3766e-02  1.0000e-01  
     82    4.1975e-02  1.5625e-02  1.6862e-02  1.6930e-02  -6.7979e-05  +1.3957e-03  +1.4459e-02  -1.3064e-02        1    +1.4912e-04  1.3808e-03  1.4444e-02  -1.3064e-02  1.0000e-01  
     83    1.6862e-02  3.1250e-02  3.0353e-02  3.0389e-02  -3.5598e-05  +1.3733e-03  +1.4998e-02  -1.3624e-02        1    +3.9344e-04  1.3339e-03  1.4958e-02  -1.3624e-02  1.0000e-01  
     84    3.0353e-02  1.5625e-02  1.2190e-02  1.4427e-02  -2.2362e-03  +1.3197e-03  +1.4436e-02  -1.3117e-02        1    +9.6980e-05  1.3100e-03  1.4427e-02  -1.3117e-02  1.0000e-01  
     85    1.2190e-02  3.1250e-02  2.1949e-02  2.1962e-02  -1.3555e-05  +1.2896e-03  +1.4811e-02  -1.3521e-02        1    +2.2455e-04  1.2671e-03  1.4789e-02  -1.3521e-02  1.0000e-01  
     86    2.1949e-02  3.1250e-02  3.9545e-02  3.9639e-02  -9.3904e-05  +1.2851e-03  +1.4072e-02  -1.2787e-02        1    +6.3955e-04  1.2211e-03  1.4008e-02  -1.2787e-02  1.0000e-01  
     87    3.9545e-02  1.5625e-02  1.5855e-02  1.5853e-02  +2.4270e-06  +1.2106e-03  +1.4656e-02  -1.3446e-02        1    +1.3605e-04  1.1970e-03  1.4642e-02  -1.3446e-02  1.0000e-01  
     88    1.5855e-02  3.1250e-02  2.8550e-02  2.8631e-02  -8.1328e-05  +1.1915e-03  +1.4106e-02  -1.2915e-02        1    +3.5228e-04  1.1562e-03  1.4071e-02  -1.2915e-02  1.0000e-01  
     89    2.8550e-02  1.5625e-02  1.1459e-02  1.4526e-02  -3.0670e-03  +1.1445e-03  +1.4535e-02  -1.3390e-02        1    +8.9898e-05  1.1355e-03  1.4526e-02  -1.3390e-02  1.0000e-01  
     90    1.1459e-02  3.1250e-02  2.0617e-02  2.0689e-02  -7.2237e-05  +1.1186e-03  +1.4125e-02  -1.3006e-02        1    +2.0261e-04  1.0983e-03  1.4105e-02  -1.3006e-02  1.0000e-01  
     91    2.0617e-02  3.1250e-02  3.7116e-02  3.7169e-02  -5.3363e-05  +1.1153e-03  +1.4808e-02  -1.3692e-02        1    +5.6817e-04  1.0585e-03  1.4751e-02  -1.3692e-02  1.0000e-01  
     92    3.7116e-02  1.5625e-02  1.4908e-02  1.4974e-02  -6.5689e-05  +1.0498e-03  +1.4121e-02  -1.3071e-02        1    +1.2473e-04  1.0374e-03  1.4109e-02  -1.3071e-02  1.0000e-01  
     93    1.4908e-02  3.1250e-02  2.6843e-02  2.6869e-02  -2.6421e-05  +1.0336e-03  +1.4600e-02  -1.3567e-02        1    +3.1574e-04  1.0021e-03  1.4569e-02  -1.3567e-02  1.0000e-01  
     94    2.6843e-02  1.5625e-02  1.0779e-02  1.4102e-02  -3.3225e-03  +9.9240e-04  +1.4110e-02  -1.3118e-02        1    +8.3965e-05  9.8401e-04  1.4102e-02  -1.3118e-02  1.0000e-01  
     95    1.0779e-02  3.1250e-02  1.9413e-02  1.9420e-02  -6.9441e-06  +9.7012e-04  +1.4445e-02  -1.3475e-02        1    +1.8371e-04  9.5174e-04  1.4427e-02  -1.3475e-02  1.0000e-01  
     96    1.9413e-02  3.1250e-02  3.4969e-02  3.5058e-02  -8.8622e-05  +9.6780e-04  +1.3793e-02  -1.2825e-02        1    +5.0819e-04  9.1698e-04  1.3742e-02  -1.2825e-02  1.0000e-01  
     97    3.4969e-02  1.5625e-02  1.4029e-02  1.4306e-02  -2.7766e-04  +9.1015e-04  +1.4318e-02  -1.3408e-02        1    +1.1453e-04  8.9870e-04  1.4306e-02  -1.3408e-02  1.0000e-01  
     98    1.4029e-02  3.1250e-02  2.5252e-02  2.5330e-02  -7.7501e-05  +8.9637e-04  +1.3834e-02  -1.2938e-02        1    +2.8367e-04  8.6800e-04  1.3806e-02  -1.2938e-02  1.0000e-01  
     99    2.5252e-02  1.5625e-02  1.0142e-02  1.4211e-02  -4.0681e-03  +8.6021e-04  +1.4218e-02  -1.3358e-02        1    +7.8422e-05  8.5237e-04  1.4211e-02  -1.3358e-02  1.0000e-01  
    100    1.0142e-02  3.1250e-02  1.8240e-02  1.8310e-02  -6.9461e-05  +8.4104e-04  +1.3860e-02  -1.3018e-02        1    +1.6662e-04  8.2438e-04  1.3843e-02  -1.3018e-02  1.0000e-01  
    101    1.8240e-02  3.1250e-02  3.2844e-02  3.2886e-02  -4.2187e-05  +8.3960e-04  +1.4464e-02  -1.3625e-02        1    +4.5280e-04  7.9432e-04  1.4419e-02  -1.3625e-02  1.0000e-01  
    102    3.2844e-02  1.5625e-02  1.3191e-02  1.3854e-02  -6.6287e-04  +7.8888e-04  +1.3864e-02  -1.3075e-02        1    +1.0566e-04  7.7831e-04  1.3854e-02  -1.3075e-02  1.0000e-01  
    103    1.3191e-02  3.1250e-02  2.3757e-02  2.3776e-02  -1.8366e-05  +7.7726e-04  +1.4290e-02  -1.3513e-02        1    +2.5521e-04  7.5173e-04  1.4265e-02  -1.3513e-02  1.0000e-01  
    104    2.3757e-02  1.5625e-02  9.5389e-03  1.3854e-02  -4.3150e-03  +7.4549e-04  +1.3861e-02  -1.3116e-02        1    +7.3738e-05  7.3812e-04  1.3854e-02  -1.3116e-02  1.0000e-01  
    105    9.5389e-03  3.1250e-02  1.7185e-02  1.7186e-02  -1.1448e-06  +7.2905e-04  +1.4161e-02  -1.3432e-02        1    +1.5185e-04  7.1387e-04  1.4146e-02  -1.3432e-02  1.0000e-01  
    106    1.7185e-02  3.1250e-02  3.0947e-02  3.1031e-02  -8.3968e-05  +7.2823e-04  +1.3585e-02  -1.2856e-02        1    +4.0597e-04  6.8763e-04  1.3544e-02  -1.2856e-02  1.0000e-01  
    107    3.0947e-02  1.5625e-02  1.2423e-02  1.4045e-02  -1.6225e-03  +6.8356e-04  +1.4055e-02  -1.3372e-02        1    +9.7679e-05  6.7379e-04  1.4045e-02  -1.3372e-02  1.0000e-01  
    108    1.2423e-02  3.1250e-02  2.2354e-02  2.2428e-02  -7.4127e-05  +6.7371e-04  +1.3629e-02  -1.2956e-02        1    +2.3020e-04  6.5069e-04  1.3606e-02  -1.2956e-02  1.0000e-01  
    109    2.2354e-02  1.5625e-02  8.9850e-03  1.3966e-02  -4.9814e-03  +6.4584e-04  +1.3973e-02  -1.3327e-02        1    +6.9383e-05  6.3890e-04  1.3966e-02  -1.3327e-02  1.0000e-01  
    110    8.9850e-03  3.1250e-02  1.6151e-02  1.6218e-02  -6.7010e-05  +6.3172e-04  +1.3658e-02  -1.3026e-02        1    +1.3851e-04  6.1787e-04  1.3644e-02  -1.3026e-02  1.0000e-01  
    111    1.6151e-02  3.1250e-02  2.9088e-02  2.9121e-02  -3.2374e-05  +6.3148e-04  +1.4194e-02  -1.3563e-02        1    +3.6292e-04  5.9519e-04  1.4158e-02  -1.3563e-02  1.0000e-01  
    112    2.9088e-02  1.5625e-02  1.1682e-02  1.3659e-02  -1.9778e-03  +5.9215e-04  +1.3669e-02  -1.3076e-02        1    +9.0717e-05  5.8308e-04  1.3659e-02  -1.3076e-02  1.0000e-01  
    113    1.1682e-02  3.1250e-02  2.1044e-02  2.1056e-02  -1.1296e-05  +5.8389e-04  +1.4048e-02  -1.3464e-02        1    +2.0801e-04  5.6309e-04  1.4027e-02  -1.3464e-02  1.0000e-01  
    114    2.1044e-02  1.5625e-02  8.4490e-03  1.3664e-02  -5.2155e-03  +5.5939e-04  +1.3671e-02  -1.3112e-02        1    +6.5672e-05  5.5283e-04  1.3664e-02  -1.3112e-02  1.0000e-01  
    115    8.4490e-03  3.1250e-02  1.5226e-02  1.5222e-02  +3.9430e-06  +5.4732e-04  +1.3938e-02  -1.3391e-02        1    +1.2695e-04  5.3463e-04  1.3926e-02  -1.3391e-02  1.0000e-01  
    116    1.5226e-02  1.5625e-02  6.1116e-03  1.3662e-02  -7.5503e-03  +5.3076e-04  +1.3667e-02  -1.3136e-02        1    +5.2529e-05  5.2551e-04  1.3662e-02  -1.3136e-02  1.0000e-01  
=========================================================
Total gradient evaluations: 1.498e+04 
