=========================================================
*                                                       *
*  Samples: 2.56e+02; epsilon: 3.1937e-03; varepson:3.1937e-03 *
*                                                       *
=========================================================
     Iter   search_dire    stepsize    KKT_inf    eKKT_inf    KKT-eKKT      merit     e_merit     mrt-emrt      rank          f           c           ec        c-ec         tau    
initial    0.0000e+00  0.0000e+00  6.1087e-03  1.3662e-02  -7.5532e-03  +1.6073e-03  +1.3667e-02  -1.2060e-02        1    +5.2529e-05  1.6021e-03  1.3662e-02  -1.2060e-02  1.0000e-01  
      1    6.1087e-03  1.2500e-01  6.2433e-02  6.2502e-02  -6.9437e-05  +1.5482e-03  +1.4746e-02  -1.3198e-02        1    +1.5322e-03  1.3950e-03  1.4593e-02  -1.3198e-02  1.0000e-01  
      2    6.2433e-02  1.5625e-02  2.5274e-02  2.5376e-02  -1.0136e-04  +1.3898e-03  +1.3121e-02  -1.1731e-02        1    +2.8325e-04  1.3615e-03  1.3093e-02  -1.1731e-02  1.0000e-01  
      3    2.5274e-02  1.5625e-02  1.0255e-02  1.3663e-02  -3.4078e-03  +1.3462e-03  +1.3671e-02  -1.2324e-02        1    +7.7981e-05  1.3384e-03  1.3663e-02  -1.2324e-02  1.0000e-01  
      4    1.0255e-02  6.2500e-02  4.7183e-02  4.7333e-02  -1.5059e-04  +1.3391e-03  +1.2700e-02  -1.1361e-02        1    +8.9319e-04  1.2498e-03  1.2610e-02  -1.1361e-02  1.0000e-01  
      5    4.7183e-02  1.5625e-02  1.9117e-02  1.9110e-02  +6.8296e-06  +1.2417e-03  +1.3710e-02  -1.2469e-02        1    +1.7744e-04  1.2239e-03  1.3693e-02  -1.2469e-02  1.0000e-01  
      6    1.9117e-02  3.1250e-02  3.4512e-02  3.4634e-02  -1.2210e-04  +1.2309e-03  +1.2801e-02  -1.1570e-02        1    +4.9527e-04  1.1814e-03  1.2752e-02  -1.1570e-02  1.0000e-01  
      7    3.4512e-02  1.5625e-02  1.3994e-02  1.3979e-02  +1.5864e-05  +1.1707e-03  +1.3551e-02  -1.2381e-02        1    +1.1240e-04  1.1595e-03  1.3540e-02  -1.2381e-02  1.0000e-01  
      8    1.3994e-02  3.1250e-02  2.5250e-02  2.5352e-02  -1.0129e-04  +1.1492e-03  +1.2872e-02  -1.1723e-02        1    +2.8247e-04  1.1210e-03  1.2844e-02  -1.1723e-02  1.0000e-01  
      9    2.5250e-02  1.5625e-02  1.0249e-02  1.3417e-02  -3.1680e-03  +1.1094e-03  +1.3425e-02  -1.2315e-02        1    +7.7559e-05  1.1016e-03  1.3417e-02  -1.2315e-02  1.0000e-01  
     10    1.0249e-02  3.1250e-02  1.8479e-02  1.8565e-02  -8.6066e-05  +1.0828e-03  +1.2917e-02  -1.1834e-02        1    +1.6859e-04  1.0660e-03  1.2900e-02  -1.1834e-02  1.0000e-01  
     11    1.8479e-02  3.1250e-02  3.3467e-02  3.3485e-02  -1.8490e-05  +1.0754e-03  +1.3775e-02  -1.2700e-02        1    +4.6627e-04  1.0287e-03  1.3729e-02  -1.2700e-02  1.0000e-01  
     12    3.3467e-02  1.5625e-02  1.3538e-02  1.3613e-02  -7.4968e-05  +1.0201e-03  +1.2934e-02  -1.1914e-02        1    +1.0772e-04  1.0093e-03  1.2923e-02  -1.1914e-02  1.0000e-01  
     13    1.3538e-02  3.1250e-02  2.4522e-02  2.4525e-02  -2.7327e-06  +1.0024e-03  +1.3550e-02  -1.2548e-02        1    +2.6738e-04  9.7568e-04  1.3524e-02  -1.2548e-02  1.0000e-01  
     14    2.4522e-02  1.5625e-02  9.9185e-03  1.2931e-02  -3.0121e-03  +9.6617e-04  +1.2938e-02  -1.1972e-02        1    +7.5016e-05  9.5867e-04  1.2931e-02  -1.1972e-02  1.0000e-01  
     15    9.9185e-03  3.1250e-02  1.7969e-02  1.7960e-02  +8.8156e-06  +9.4363e-04  +1.3379e-02  -1.2436e-02        1    +1.6061e-04  9.2757e-04  1.3363e-02  -1.2436e-02  1.0000e-01  
     16    1.7969e-02  3.1250e-02  3.2435e-02  3.2552e-02  -1.1741e-04  +9.3891e-04  +1.2530e-02  -1.1591e-02        1    +4.4132e-04  8.9478e-04  1.2486e-02  -1.1591e-02  1.0000e-01  
     17    3.2435e-02  1.5625e-02  1.3158e-02  1.3230e-02  -7.2831e-05  +8.8810e-04  +1.3241e-02  -1.2353e-02        1    +1.0318e-04  8.7778e-04  1.3230e-02  -1.2353e-02  1.0000e-01  
     18    1.3158e-02  3.1250e-02  2.3735e-02  2.3833e-02  -9.7855e-05  +8.7367e-04  +1.2608e-02  -1.1734e-02        1    +2.5344e-04  8.4832e-04  1.2583e-02  -1.1734e-02  1.0000e-01  
     19    2.3735e-02  1.5625e-02  9.6387e-03  1.3125e-02  -3.4859e-03  +8.4068e-04  +1.3132e-02  -1.2291e-02        1    +7.2397e-05  8.3344e-04  1.3125e-02  -1.2291e-02  1.0000e-01  
     20    9.6387e-03  3.1250e-02  1.7373e-02  1.7456e-02  -8.3552e-05  +8.2160e-04  +1.2660e-02  -1.1838e-02        1    +1.5285e-04  8.0632e-04  1.2645e-02  -1.1838e-02  1.0000e-01  
     21    1.7373e-02  3.1250e-02  3.1470e-02  3.1485e-02  -1.5014e-05  +8.1925e-04  +1.3472e-02  -1.2652e-02        1    +4.1604e-04  7.7765e-04  1.3430e-02  -1.2652e-02  1.0000e-01  
     22    3.1470e-02  1.5625e-02  1.2729e-02  1.2803e-02  -7.3118e-05  +7.7248e-04  +1.2686e-02  -1.1913e-02        1    +9.9056e-05  7.6258e-04  1.2676e-02  -1.1913e-02  1.0000e-01  
     23    1.2729e-02  3.1250e-02  2.3063e-02  2.3063e-02  -2.0142e-07  +7.6090e-04  +1.3270e-02  -1.2509e-02        1    +2.4025e-04  7.3687e-04  1.3246e-02  -1.2509e-02  1.0000e-01  
     24    2.3063e-02  1.5625e-02  9.3269e-03  1.2691e-02  -3.3642e-03  +7.3081e-04  +1.2698e-02  -1.1967e-02        1    +7.0137e-05  7.2380e-04  1.2691e-02  -1.1967e-02  1.0000e-01  
     25    9.3269e-03  3.1250e-02  1.6902e-02  1.6892e-02  +1.0655e-05  +7.1476e-04  +1.3118e-02  -1.2403e-02        1    +1.4585e-04  7.0017e-04  1.3103e-02  -1.2403e-02  1.0000e-01  
     26    1.6902e-02  3.1250e-02  3.0504e-02  3.0617e-02  -1.1305e-04  +7.1435e-04  +1.2323e-02  -1.1609e-02        1    +3.9415e-04  6.7493e-04  1.2284e-02  -1.1609e-02  1.0000e-01  
     27    3.0504e-02  1.5625e-02  1.2380e-02  1.2987e-02  -6.0706e-04  +6.7122e-04  +1.2996e-02  -1.2325e-02        1    +9.5065e-05  6.6171e-04  1.2987e-02  -1.2325e-02  1.0000e-01  
     28    1.2380e-02  3.1250e-02  2.2327e-02  2.2421e-02  -9.4660e-05  +6.6205e-04  +1.2405e-02  -1.1743e-02        1    +2.2802e-04  6.3925e-04  1.2382e-02  -1.1743e-02  1.0000e-01  
     29    2.2327e-02  1.5625e-02  9.0711e-03  1.2895e-02  -3.8235e-03  +6.3460e-04  +1.2901e-02  -1.2267e-02        1    +6.7832e-05  6.2782e-04  1.2895e-02  -1.2267e-02  1.0000e-01  
     30    9.0711e-03  3.1250e-02  1.6345e-02  1.6426e-02  -8.1209e-05  +6.2115e-04  +1.2462e-02  -1.1840e-02        1    +1.3904e-04  6.0724e-04  1.2448e-02  -1.1840e-02  1.0000e-01  
     31    1.6345e-02  1.5625e-02  6.6504e-03  1.2820e-02  -6.1700e-03  +6.0230e-04  +1.2826e-02  -1.2223e-02        1    +5.3204e-05  5.9698e-04  1.2820e-02  -1.2223e-02  1.0000e-01  
     32    6.6504e-03  6.2500e-02  3.0531e-02  3.0644e-02  -1.1309e-04  +5.9706e-04  +1.2195e-02  -1.1598e-02        1    +3.9444e-04  5.5762e-04  1.2156e-02  -1.1598e-02  1.0000e-01  
     33    3.0531e-02  1.5625e-02  1.2392e-02  1.2861e-02  -4.6866e-04  +5.5571e-04  +1.2870e-02  -1.2315e-02        1    +9.4842e-05  5.4623e-04  1.2861e-02  -1.2315e-02  1.0000e-01  
     34    1.2392e-02  3.1250e-02  2.2349e-02  2.2444e-02  -9.4687e-05  +5.5017e-04  +1.2282e-02  -1.1732e-02        1    +2.2807e-04  5.2737e-04  1.2260e-02  -1.1732e-02  1.0000e-01  
     35    2.2349e-02  1.5625e-02  9.0817e-03  1.2774e-02  -3.6924e-03  +5.2444e-04  +1.2781e-02  -1.2256e-02        1    +6.7564e-05  5.1769e-04  1.2774e-02  -1.2256e-02  1.0000e-01  
     36    9.0817e-03  3.1250e-02  1.6364e-02  1.6445e-02  -8.1224e-05  +5.1444e-04  +1.2344e-02  -1.1830e-02        1    +1.3894e-04  5.0055e-04  1.2330e-02  -1.1830e-02  1.0000e-01  
     37    1.6364e-02  1.5625e-02  6.6591e-03  1.2705e-02  -6.0458e-03  +4.9725e-04  +1.2710e-02  -1.2213e-02        1    +5.2909e-05  4.9195e-04  1.2705e-02  -1.2213e-02  1.0000e-01  
     38    6.6591e-03  3.1250e-02  1.1984e-02  1.2376e-02  -3.9198e-04  +4.8518e-04  +1.2385e-02  -1.1900e-02        1    +9.1145e-05  4.7607e-04  1.2376e-02  -1.1900e-02  1.0000e-01  
     39    1.1984e-02  3.1250e-02  2.1719e-02  2.1717e-02  +2.0778e-06  +4.8117e-04  +1.2942e-02  -1.2461e-02        1    +2.1636e-04  4.5954e-04  1.2920e-02  -1.2461e-02  1.0000e-01  
     40    2.1719e-02  1.5625e-02  8.7834e-03  1.2402e-02  -3.6181e-03  +4.5753e-04  +1.2408e-02  -1.1951e-02        1    +6.5525e-05  4.5097e-04  1.2402e-02  -1.1951e-02  1.0000e-01  
     41    8.7834e-03  3.1250e-02  1.5923e-02  1.5911e-02  +1.2295e-05  +4.4926e-04  +1.2810e-02  -1.2361e-02        1    +1.3271e-04  4.3599e-04  1.2797e-02  -1.2361e-02  1.0000e-01  
     42    1.5923e-02  1.5625e-02  6.4381e-03  1.2415e-02  -5.9772e-03  +4.3361e-04  +1.2420e-02  -1.1987e-02        1    +5.1727e-05  4.2844e-04  1.2415e-02  -1.1987e-02  1.0000e-01  
     43    6.4381e-03  3.1250e-02  1.1676e-02  1.2701e-02  -1.0256e-03  +4.2334e-04  +1.2710e-02  -1.2287e-02        1    +8.7760e-05  4.1457e-04  1.2701e-02  -1.2287e-02  1.0000e-01  
     44    1.1676e-02  3.1250e-02  2.1055e-02  2.1147e-02  -9.1738e-05  +4.2062e-04  +1.2159e-02  -1.1738e-02        1    +2.0600e-04  4.0002e-04  1.2138e-02  -1.1738e-02  1.0000e-01  
     45    2.1055e-02  1.5625e-02  8.5594e-03  1.2624e-02  -4.0650e-03  +3.9885e-04  +1.2631e-02  -1.2232e-02        1    +6.3559e-05  3.9249e-04  1.2624e-02  -1.2232e-02  1.0000e-01  
     46    8.5594e-03  3.1250e-02  1.5420e-02  1.5499e-02  -7.9060e-05  +3.9207e-04  +1.2222e-02  -1.1830e-02        1    +1.2693e-04  3.7938e-04  1.2209e-02  -1.1830e-02  1.0000e-01  
     47    1.5420e-02  1.5625e-02  6.2782e-03  1.2563e-02  -6.2853e-03  +3.7782e-04  +1.2569e-02  -1.2191e-02        1    +5.0546e-05  3.7276e-04  1.2563e-02  -1.2191e-02  1.0000e-01  
     48    6.2782e-03  3.1250e-02  1.1295e-02  1.2256e-02  -9.6086e-04  +3.6911e-04  +1.2265e-02  -1.1896e-02        1    +8.4507e-05  3.6066e-04  1.2256e-02  -1.1896e-02  1.0000e-01  
     49    1.1295e-02  3.1250e-02  2.0474e-02  2.0470e-02  +4.2151e-06  +3.6750e-04  +1.2791e-02  -1.2424e-02        1    +1.9577e-04  3.4792e-04  1.2772e-02  -1.2424e-02  1.0000e-01  
     50    2.0474e-02  1.5625e-02  8.2803e-03  1.2284e-02  -4.0039e-03  +3.4743e-04  +1.2290e-02  -1.1943e-02        1    +6.1750e-05  3.4126e-04  1.2284e-02  -1.1943e-02  1.0000e-01  
     51    8.2803e-03  3.1250e-02  1.5014e-02  1.5000e-02  +1.3843e-05  +3.4195e-04  +1.2672e-02  -1.2330e-02        1    +1.2147e-04  3.2980e-04  1.2659e-02  -1.2330e-02  1.0000e-01  
     52    1.5014e-02  1.5625e-02  6.0706e-03  1.2301e-02  -6.2303e-03  +3.2894e-04  +1.2306e-02  -1.1977e-02        1    +4.9486e-05  3.2399e-04  1.2301e-02  -1.1977e-02  1.0000e-01  
     53    6.0706e-03  3.1250e-02  1.1012e-02  1.2573e-02  -1.5609e-03  +3.2159e-04  +1.2581e-02  -1.2260e-02        1    +8.1527e-05  3.1344e-04  1.2573e-02  -1.2260e-02  1.0000e-01  
     54    1.1012e-02  3.1250e-02  1.9856e-02  1.9945e-02  -8.9002e-05  +3.2090e-04  +1.2063e-02  -1.1742e-02        1    +1.8668e-04  3.0223e-04  1.2044e-02  -1.1742e-02  1.0000e-01  
     55    1.9856e-02  1.5625e-02  8.0753e-03  1.2504e-02  -4.4287e-03  +3.0238e-04  +1.2510e-02  -1.2208e-02        1    +6.0010e-05  2.9638e-04  1.2504e-02  -1.2208e-02  1.0000e-01  
     56    8.0753e-03  3.1250e-02  1.4545e-02  1.4622e-02  -7.7050e-05  +2.9800e-04  +1.2126e-02  -1.1828e-02        1    +1.1639e-04  2.8636e-04  1.2114e-02  -1.1828e-02  1.0000e-01  
     57    1.4545e-02  1.5625e-02  5.9250e-03  1.2450e-02  -6.5249e-03  +2.8612e-04  +1.2455e-02  -1.2169e-02        1    +4.8431e-05  2.8127e-04  1.2450e-02  -1.2169e-02  1.0000e-01  
     58    5.9250e-03  3.1250e-02  1.0657e-02  1.2162e-02  -1.5050e-03  +2.7995e-04  +1.2170e-02  -1.1890e-02        1    +7.8657e-05  2.7208e-04  1.2162e-02  -1.1890e-02  1.0000e-01  
     59    1.0657e-02  1.5625e-02  4.3504e-03  1.2407e-02  -8.0564e-03  +2.7172e-04  +1.2411e-02  -1.2139e-02        1    +4.2179e-05  2.6750e-04  1.2407e-02  -1.2139e-02  1.0000e-01  
     60    4.3504e-03  6.2500e-02  1.9918e-02  2.0008e-02  -8.9114e-05  +2.6864e-04  +1.1999e-02  -1.1730e-02        1    +1.8732e-04  2.4991e-04  1.1980e-02  -1.1730e-02  1.0000e-01  
     61    1.9918e-02  1.5625e-02  8.1017e-03  1.2442e-02  -4.3401e-03  +2.5085e-04  +1.2448e-02  -1.2197e-02        1    +5.9854e-05  2.4486e-04  1.2442e-02  -1.2197e-02  1.0000e-01  
     62    8.1017e-03  3.1250e-02  1.4593e-02  1.4671e-02  -7.7127e-05  +2.4811e-04  +1.2064e-02  -1.1816e-02        1    +1.1661e-04  2.3645e-04  1.2052e-02  -1.1816e-02  1.0000e-01  
     63    1.4593e-02  1.5625e-02  5.9453e-03  1.2390e-02  -6.4447e-03  +2.3696e-04  +1.2395e-02  -1.2158e-02        1    +4.8204e-05  2.3214e-04  1.2390e-02  -1.2158e-02  1.0000e-01  
     64    5.9453e-03  3.1250e-02  1.0694e-02  1.2103e-02  -1.4084e-03  +2.3235e-04  +1.2111e-02  -1.1878e-02        1    +7.8645e-05  2.2448e-04  1.2103e-02  -1.1878e-02  1.0000e-01  
     65    1.0694e-02  1.5625e-02  4.3659e-03  1.2349e-02  -7.9831e-03  +2.2483e-04  +1.2353e-02  -1.2128e-02        1    +4.1914e-05  2.2064e-04  1.2349e-02  -1.2128e-02  1.0000e-01  
     66    4.3659e-03  6.2500e-02  1.9991e-02  2.0080e-02  -8.9249e-05  +2.2479e-04  +1.1942e-02  -1.1718e-02        1    +1.8812e-04  2.0597e-04  1.1924e-02  -1.1718e-02  1.0000e-01  
     67    1.9991e-02  1.5625e-02  8.1320e-03  1.2388e-02  -4.2558e-03  +2.0758e-04  +1.2394e-02  -1.2186e-02        1    +5.9728e-05  2.0161e-04  1.2388e-02  -1.2186e-02  1.0000e-01  
     68    8.1320e-03  3.1250e-02  1.4649e-02  1.4726e-02  -7.7220e-05  +2.0624e-04  +1.2010e-02  -1.1804e-02        1    +1.1693e-04  1.9454e-04  1.1998e-02  -1.1804e-02  1.0000e-01  
     69    1.4649e-02  1.5625e-02  5.9684e-03  1.2338e-02  -6.3695e-03  +1.9568e-04  +1.2343e-02  -1.2147e-02        1    +4.7996e-05  1.9088e-04  1.2338e-02  -1.2147e-02  1.0000e-01  
     70    5.9684e-03  3.1250e-02  1.0737e-02  1.2051e-02  -1.3142e-03  +1.9238e-04  +1.2059e-02  -1.1866e-02        1    +7.8682e-05  1.8451e-04  1.2051e-02  -1.1866e-02  1.0000e-01  
     71    1.0737e-02  1.5625e-02  4.3834e-03  1.2299e-02  -7.9153e-03  +1.8546e-04  +1.2303e-02  -1.2117e-02        1    +4.1660e-05  1.8129e-04  1.2299e-02  -1.2117e-02  1.0000e-01  
     72    4.3834e-03  3.1250e-02  7.8708e-03  1.2087e-02  -4.2159e-03  +1.8122e-04  +1.2092e-02  -1.1911e-02        1    +5.8114e-05  1.7541e-04  1.2087e-02  -1.1911e-02  1.0000e-01  
     73    7.8708e-03  3.1250e-02  1.4276e-02  1.4261e-02  +1.5004e-05  +1.8042e-04  +1.2459e-02  -1.2279e-02        1    +1.1211e-04  1.6921e-04  1.2448e-02  -1.2279e-02  1.0000e-01  
     74    1.4276e-02  1.5625e-02  5.7734e-03  1.2109e-02  -6.3358e-03  +1.7068e-04  +1.2114e-02  -1.1943e-02        1    +4.7042e-05  1.6598e-04  1.2109e-02  -1.1943e-02  1.0000e-01  
     75    5.7734e-03  3.1250e-02  1.0477e-02  1.2373e-02  -1.8955e-03  +1.6801e-04  +1.2380e-02  -1.2212e-02        1    +7.6045e-05  1.6041e-04  1.2373e-02  -1.2212e-02  1.0000e-01  
     76    1.0477e-02  1.5625e-02  4.2356e-03  1.2124e-02  -7.8879e-03  +1.6169e-04  +1.2128e-02  -1.1966e-02        1    +4.1051e-05  1.5758e-04  1.2124e-02  -1.1966e-02  1.0000e-01  
     77    4.2356e-03  3.1250e-02  7.6912e-03  1.2315e-02  -4.6238e-03  +1.5811e-04  +1.2321e-02  -1.2163e-02        1    +5.6616e-05  1.5245e-04  1.2315e-02  -1.2163e-02  1.0000e-01  
     78    7.6912e-03  3.1250e-02  1.3853e-02  1.3928e-02  -7.5382e-05  +1.5778e-04  +1.1959e-02  -1.1801e-02        1    +1.0776e-04  1.4700e-04  1.1948e-02  -1.1801e-02  1.0000e-01  
     79    1.3853e-02  1.5625e-02  5.6467e-03  1.2269e-02  -6.6228e-03  +1.4877e-04  +1.2274e-02  -1.2125e-02        1    +4.6125e-05  1.4415e-04  1.2269e-02  -1.2125e-02  1.0000e-01  
     80    5.6467e-03  3.1250e-02  1.0156e-02  1.1999e-02  -1.8431e-03  +1.4664e-04  +1.2006e-02  -1.1860e-02        1    +7.3576e-05  1.3928e-04  1.1999e-02  -1.1860e-02  1.0000e-01  
     81    1.0156e-02  1.5625e-02  4.1486e-03  1.2234e-02  -8.0854e-03  +1.4085e-04  +1.2238e-02  -1.2097e-02        1    +4.0452e-05  1.3681e-04  1.2234e-02  -1.2097e-02  1.0000e-01  
     82    4.1486e-03  3.1250e-02  7.4470e-03  1.2034e-02  -4.5873e-03  +1.3785e-04  +1.2040e-02  -1.1902e-02        1    +5.5177e-05  1.3234e-04  1.2034e-02  -1.1902e-02  1.0000e-01  
     83    7.4470e-03  1.5625e-02  3.0508e-03  1.2206e-02  -9.1551e-03  +1.3384e-04  +1.2210e-02  -1.2076e-02        1    +3.7367e-05  1.3011e-04  1.2206e-02  -1.2076e-02  1.0000e-01  
=========================================================
Total gradient evaluations: 2.150e+04 
