=========================================================
*                                                       *
*  Samples: 6.40e+01; epsilon: 1.6900e-02; varepson:1.6900e-02 *
*                                                       *
=========================================================
     Iter   search_dire    stepsize    KKT_inf    eKKT_inf    KKT-eKKT      merit     e_merit     mrt-emrt      rank          f           c           ec        c-ec         tau    
initial    0.0000e+00  0.0000e+00  5.3119e+00  5.3040e+00  +7.8269e-03  +4.4899e+00  +4.5307e+00  -4.0746e-02        1    +1.9759e+00  4.2923e+00  4.3331e+00  -4.0746e-02  1.0000e-01  
      1    5.3119e+00  3.9062e-03  4.2300e+00  4.0565e+00  +1.7345e-01  +4.3727e+00  +4.1992e+00  +1.7345e-01        1    +1.4271e+00  4.2300e+00  4.0565e+00  +1.7345e-01  1.0000e-01  
      2    3.8859e+00  3.9062e-03  4.2034e+00  4.1697e+00  +3.3660e-02  +4.2818e+00  +4.2481e+00  +3.3660e-02        1    +7.8405e-01  4.2034e+00  4.1697e+00  +3.3660e-02  1.0000e-01  
      3    2.9347e+00  3.9062e-03  4.1768e+00  4.0392e+00  +1.3758e-01  +4.2188e+00  +4.0812e+00  +1.3758e-01        1    +4.1945e-01  4.1768e+00  4.0392e+00  +1.3758e-01  1.0000e-01  
      4    1.7938e+00  3.9062e-03  4.1609e+00  4.0795e+00  +8.1428e-02  +4.1862e+00  +4.1048e+00  +8.1428e-02        1    +2.5326e-01  4.1609e+00  4.0795e+00  +8.1428e-02  1.0000e-01  
      5    1.1258e+00  7.8125e-03  4.1216e+00  3.9635e+00  +1.5817e-01  +4.1703e+00  +4.0121e+00  +1.5817e-01        1    +4.8631e-01  4.1216e+00  3.9635e+00  +1.5817e-01  1.0000e-01  
      6    2.1578e+00  3.9062e-03  4.1063e+00  4.0198e+00  +8.6476e-02  +4.1284e+00  +4.0420e+00  +8.6476e-02        1    +2.2119e-01  4.1063e+00  4.0198e+00  +8.6476e-02  1.0000e-01  
      7    1.2765e+00  7.8125e-03  4.0687e+00  3.8959e+00  +1.7288e-01  +4.1270e+00  +3.9541e+00  +1.7288e-01        1    +5.8230e-01  4.0687e+00  3.8959e+00  +1.7288e-01  1.0000e-01  
      8    2.4642e+00  3.9062e-03  4.0542e+00  3.9623e+00  +9.1889e-02  +4.0740e+00  +3.9821e+00  +9.1889e-02        1    +1.9793e-01  4.0542e+00  3.9623e+00  +9.1889e-02  1.0000e-01  
      9    1.2768e+00  3.9062e-03  4.0375e+00  3.9026e+00  +1.3489e-01  +4.0471e+00  +3.9122e+00  +1.3489e-01        1    +9.6606e-02  4.0375e+00  3.9026e+00  +1.3489e-01  1.0000e-01  
     10    7.3095e-01  7.8125e-03  4.0078e+00  3.9136e+00  +9.4150e-02  +4.0259e+00  +3.9318e+00  +9.4150e-02        1    +1.8147e-01  4.0078e+00  3.9136e+00  +9.4150e-02  1.0000e-01  
     11    1.2742e+00  3.9062e-03  3.9914e+00  3.8540e+00  +1.3737e-01  +3.9992e+00  +3.8618e+00  +1.3737e-01        1    +7.7845e-02  3.9914e+00  3.8540e+00  +1.3737e-01  1.0000e-01  
     12    7.1581e-01  7.8125e-03  3.9619e+00  3.8657e+00  +9.6216e-02  +3.9789e+00  +3.8827e+00  +9.6216e-02        1    +1.7071e-01  3.9619e+00  3.8657e+00  +9.6216e-02  1.0000e-01  
     13    1.2702e+00  3.9062e-03  3.9459e+00  3.8068e+00  +1.3906e-01  +3.9524e+00  +3.8133e+00  +1.3906e-01        1    +6.5230e-02  3.9459e+00  3.8068e+00  +1.3906e-01  1.0000e-01  
     14    6.9434e-01  7.8125e-03  3.9165e+00  3.8185e+00  +9.7993e-02  +3.9324e+00  +3.8344e+00  +9.7993e-02        1    +1.5969e-01  3.9165e+00  3.8185e+00  +9.7993e-02  1.0000e-01  
     15    1.2548e+00  3.9062e-03  3.9008e+00  3.7611e+00  +1.3972e-01  +3.9063e+00  +3.7666e+00  +1.3972e-01        1    +5.5432e-02  3.9008e+00  3.7611e+00  +1.3972e-01  1.0000e-01  
     16    6.6299e-01  7.8125e-03  3.8715e+00  3.7718e+00  +9.9676e-02  +3.8861e+00  +3.7864e+00  +9.9676e-02        1    +1.4540e-01  3.8715e+00  3.7718e+00  +9.9676e-02  1.0000e-01  
     17    1.2086e+00  3.9062e-03  3.8561e+00  3.7167e+00  +1.3944e-01  +3.8608e+00  +3.7214e+00  +1.3944e-01        1    +4.6801e-02  3.8561e+00  3.7167e+00  +1.3944e-01  1.0000e-01  
     18    6.2020e-01  7.8125e-03  3.8270e+00  3.7256e+00  +1.0139e-01  +3.8397e+00  +3.7383e+00  +1.0139e-01        1    +1.2731e-01  3.8270e+00  3.7256e+00  +1.0139e-01  1.0000e-01  
     19    1.1339e+00  3.9062e-03  3.8118e+00  3.6734e+00  +1.3838e-01  +3.8157e+00  +3.6773e+00  +1.3838e-01        1    +3.8761e-02  3.8118e+00  3.6734e+00  +1.3838e-01  1.0000e-01  
     20    5.6728e-01  7.8125e-03  3.7828e+00  3.6797e+00  +1.0314e-01  +3.7935e+00  +3.6903e+00  +1.0314e-01        1    +1.0680e-01  3.7828e+00  3.6797e+00  +1.0314e-01  1.0000e-01  
     21    1.0375e+00  7.8125e-03  3.7527e+00  3.5825e+00  +1.7019e-01  +3.7897e+00  +3.6195e+00  +1.7019e-01        1    +3.6964e-01  3.7527e+00  3.5825e+00  +1.7019e-01  1.0000e-01  
     22    1.9425e+00  3.9062e-03  3.7387e+00  3.6316e+00  +1.0716e-01  +3.7463e+00  +3.6391e+00  +1.0716e-01        1    +7.5471e-02  3.7387e+00  3.6316e+00  +1.0716e-01  1.0000e-01  
     23    8.4495e-01  7.8125e-03  3.7092e+00  3.5481e+00  +1.6106e-01  +3.7330e+00  +3.5719e+00  +1.6106e-01        1    +2.3843e-01  3.7092e+00  3.5481e+00  +1.6106e-01  1.0000e-01  
     24    1.5492e+00  3.9062e-03  3.6952e+00  3.5837e+00  +1.1150e-01  +3.6996e+00  +3.5881e+00  +1.1150e-01        1    +4.4110e-02  3.6952e+00  3.5837e+00  +1.1150e-01  1.0000e-01  
     25    6.2246e-01  7.8125e-03  3.6660e+00  3.5155e+00  +1.5056e-01  +3.6789e+00  +3.5283e+00  +1.5056e-01        1    +1.2821e-01  3.6660e+00  3.5155e+00  +1.5056e-01  1.0000e-01  
     26    1.1295e+00  7.8125e-03  3.6386e+00  3.5594e+00  +7.9213e-02  +3.6768e+00  +3.5976e+00  +7.9213e-02        1    +3.8247e-01  3.6386e+00  3.5594e+00  +7.9213e-02  1.0000e-01  
     27    1.9918e+00  3.9062e-03  3.6241e+00  3.4826e+00  +1.4151e-01  +3.6300e+00  +3.4885e+00  +1.4151e-01        1    +5.8300e-02  3.6241e+00  3.4826e+00  +1.4151e-01  1.0000e-01  
     28    7.4123e-01  7.8125e-03  3.5964e+00  3.5010e+00  +9.5397e-02  +3.6118e+00  +3.5164e+00  +9.5397e-02        1    +1.5363e-01  3.5964e+00  3.5010e+00  +9.5397e-02  1.0000e-01  
     29    1.2358e+00  7.8125e-03  3.5679e+00  3.3965e+00  +1.7138e-01  +3.6106e+00  +3.4392e+00  +1.7138e-01        1    +4.2650e-01  3.5679e+00  3.3965e+00  +1.7138e-01  1.0000e-01  
     30    1.9912e+00  3.9062e-03  3.5543e+00  3.4453e+00  +1.0903e-01  +3.5587e+00  +3.4497e+00  +1.0903e-01        1    +4.3612e-02  3.5543e+00  3.4453e+00  +1.0903e-01  1.0000e-01  
     31    6.1525e-01  7.8125e-03  3.5263e+00  3.3801e+00  +1.4622e-01  +3.5369e+00  +3.3906e+00  +1.4622e-01        1    +1.0532e-01  3.5263e+00  3.3801e+00  +1.4622e-01  1.0000e-01  
     32    9.9219e-01  7.8125e-03  3.4993e+00  3.4139e+00  +8.5414e-02  +3.5242e+00  +3.4388e+00  +8.5414e-02        1    +2.4933e-01  3.4993e+00  3.4139e+00  +8.5414e-02  1.0000e-01  
     33    1.5497e+00  3.9062e-03  3.4854e+00  3.3532e+00  +1.3222e-01  +3.4877e+00  +3.3555e+00  +1.3222e-01        1    +2.3208e-02  3.4854e+00  3.3532e+00  +1.3222e-01  1.0000e-01  
     34    4.3826e-01  1.5625e-02  3.4316e+00  3.3529e+00  +7.8763e-02  +3.4630e+00  +3.3842e+00  +7.8763e-02        1    +3.1348e-01  3.4316e+00  3.3529e+00  +7.8763e-02  1.0000e-01  
     35    1.7234e+00  3.9062e-03  3.4178e+00  3.2872e+00  +1.3066e-01  +3.4202e+00  +3.2896e+00  +1.3066e-01        1    +2.4006e-02  3.4178e+00  3.2872e+00  +1.3066e-01  1.0000e-01  
     36    4.4734e-01  1.5625e-02  3.3648e+00  3.2889e+00  +7.5925e-02  +3.3972e+00  +3.3213e+00  +7.5925e-02        1    +3.2379e-01  3.3648e+00  3.2889e+00  +7.5925e-02  1.0000e-01  
     37    1.7304e+00  3.9062e-03  3.3512e+00  3.2234e+00  +1.2776e-01  +3.3532e+00  +3.2255e+00  +1.2776e-01        1    +2.0349e-02  3.3512e+00  3.2234e+00  +1.2776e-01  1.0000e-01  
     38    4.0661e-01  1.5625e-02  3.2989e+00  3.2211e+00  +7.7825e-02  +3.3252e+00  +3.2474e+00  +7.7825e-02        1    +2.6289e-01  3.2989e+00  3.2211e+00  +7.7825e-02  1.0000e-01  
     39    1.5403e+00  7.8125e-03  3.2713e+00  3.1024e+00  +1.6893e-01  +3.3234e+00  +3.1545e+00  +1.6893e-01        1    +5.2148e-01  3.2713e+00  3.1024e+00  +1.6893e-01  1.0000e-01  
     40    2.0596e+00  3.9062e-03  3.2578e+00  3.1512e+00  +1.0656e-01  +3.2595e+00  +3.1530e+00  +1.0656e-01        1    +1.7540e-02  3.2578e+00  3.1512e+00  +1.0656e-01  1.0000e-01  
     41    3.5767e-01  1.5625e-02  3.2063e+00  3.0587e+00  +1.4761e-01  +3.2272e+00  +3.0796e+00  +1.4761e-01        1    +2.0914e-01  3.2063e+00  3.0587e+00  +1.4761e-01  1.0000e-01  
     42    1.3078e+00  7.8125e-03  3.1799e+00  3.1103e+00  +6.9634e-02  +3.2141e+00  +3.1445e+00  +6.9634e-02        1    +3.4164e-01  3.1799e+00  3.1103e+00  +6.9634e-02  1.0000e-01  
     43    1.6712e+00  7.8125e-03  3.1518e+00  2.9851e+00  +1.6672e-01  +3.2036e+00  +3.0369e+00  +1.6672e-01        1    +5.1812e-01  3.1518e+00  2.9851e+00  +1.6672e-01  1.0000e-01  
     44    1.9714e+00  7.8125e-03  3.1233e+00  3.0714e+00  +5.1829e-02  +3.1913e+00  +3.1395e+00  +5.1829e-02        1    +6.8060e-01  3.1233e+00  3.0714e+00  +5.1829e-02  1.0000e-01  
     45    2.2072e+00  7.8125e-03  3.0907e+00  2.9120e+00  +1.7872e-01  +3.1635e+00  +2.9847e+00  +1.7872e-01        1    +7.2740e-01  3.0907e+00  2.9120e+00  +1.7872e-01  1.0000e-01  
     46    2.1867e+00  7.8125e-03  3.0609e+00  3.0041e+00  +5.6823e-02  +3.1248e+00  +3.0680e+00  +5.6823e-02        1    +6.3918e-01  3.0609e+00  3.0041e+00  +5.6823e-02  1.0000e-01  
     47    1.9247e+00  7.8125e-03  3.0278e+00  2.8618e+00  +1.6599e-01  +3.0695e+00  +2.9035e+00  +1.6599e-01        1    +4.1709e-01  3.0278e+00  2.8618e+00  +1.6599e-01  1.0000e-01  
     48    1.5707e+00  7.8125e-03  3.0004e+00  2.9183e+00  +8.2114e-02  +3.0255e+00  +2.9434e+00  +8.2114e-02        1    +2.5120e-01  3.0004e+00  2.9183e+00  +8.2114e-02  1.0000e-01  
     49    1.1201e+00  7.8125e-03  2.9734e+00  2.8284e+00  +1.4505e-01  +2.9858e+00  +2.8408e+00  +1.4505e-01        1    +1.2420e-01  2.9734e+00  2.8284e+00  +1.4505e-01  1.0000e-01  
     50    8.3069e-01  7.8125e-03  2.9488e+00  2.8477e+00  +1.0111e-01  +2.9550e+00  +2.8539e+00  +1.0111e-01        1    +6.2590e-02  2.9488e+00  2.8477e+00  +1.0111e-01  1.0000e-01  
     51    5.3505e-01  1.5625e-02  2.8997e+00  2.7392e+00  +1.6053e-01  +2.9336e+00  +2.7731e+00  +1.6053e-01        1    +3.3957e-01  2.8997e+00  2.7392e+00  +1.6053e-01  1.0000e-01  
     52    1.3378e+00  7.8125e-03  2.8733e+00  2.7852e+00  +8.8146e-02  +2.8894e+00  +2.8013e+00  +8.8146e-02        1    +1.6121e-01  2.8733e+00  2.7852e+00  +8.8146e-02  1.0000e-01  
     53    8.5166e-01  7.8125e-03  2.8487e+00  2.7131e+00  +1.3553e-01  +2.8550e+00  +2.7195e+00  +1.3553e-01        1    +6.3861e-02  2.8487e+00  2.7131e+00  +1.3553e-01  1.0000e-01  
     54    5.6068e-01  1.5625e-02  2.8008e+00  2.7261e+00  +7.4735e-02  +2.8315e+00  +2.7567e+00  +7.4735e-02        1    +3.0645e-01  2.8008e+00  2.7261e+00  +7.4735e-02  1.0000e-01  
     55    1.1473e+00  7.8125e-03  2.7745e+00  2.6353e+00  +1.3914e-01  +2.7849e+00  +2.6458e+00  +1.3914e-01        1    +1.0447e-01  2.7745e+00  2.6353e+00  +1.3914e-01  1.0000e-01  
     56    6.9512e-01  1.5625e-02  2.7257e+00  2.6628e+00  +6.2879e-02  +2.7731e+00  +2.7102e+00  +6.2879e-02        1    +4.7366e-01  2.7257e+00  2.6628e+00  +6.2879e-02  1.0000e-01  
     57    1.3556e+00  7.8125e-03  2.6973e+00  2.5569e+00  +1.4046e-01  +2.7101e+00  +2.5696e+00  +1.4046e-01        1    +1.2781e-01  2.6973e+00  2.5569e+00  +1.4046e-01  1.0000e-01  
     58    7.3291e-01  1.5625e-02  2.6487e+00  2.5894e+00  +5.9383e-02  +2.7005e+00  +2.6411e+00  +5.9383e-02        1    +5.1764e-01  2.6487e+00  2.5894e+00  +5.9383e-02  1.0000e-01  
     59    1.3368e+00  7.8125e-03  2.6204e+00  2.4833e+00  +1.3710e-01  +2.6310e+00  +2.4939e+00  +1.3710e-01        1    +1.0567e-01  2.6204e+00  2.4833e+00  +1.3710e-01  1.0000e-01  
     60    6.3130e-01  1.5625e-02  2.5742e+00  2.5080e+00  +6.6211e-02  +2.6119e+00  +2.5457e+00  +6.6211e-02        1    +3.7681e-01  2.5742e+00  2.5080e+00  +6.6211e-02  1.0000e-01  
     61    1.0923e+00  7.8125e-03  2.5489e+00  2.4189e+00  +1.3001e-01  +2.5551e+00  +2.4251e+00  +1.3001e-01        1    +6.2278e-02  2.5489e+00  2.4189e+00  +1.3001e-01  1.0000e-01  
     62    4.6294e-01  1.5625e-02  2.5059e+00  2.4290e+00  +7.6917e-02  +2.5260e+00  +2.4491e+00  +7.6917e-02        1    +2.0094e-01  2.5059e+00  2.4290e+00  +7.6917e-02  1.0000e-01  
     63    7.8058e-01  1.5625e-02  2.4562e+00  2.2893e+00  +1.6685e-01  +2.5194e+00  +2.3525e+00  +1.6685e-01        1    +6.3198e-01  2.4562e+00  2.2893e+00  +1.6685e-01  1.0000e-01  
     64    1.4256e+00  7.8125e-03  2.4309e+00  2.3460e+00  +8.4829e-02  +2.4415e+00  +2.3566e+00  +8.4829e-02        1    +1.0574e-01  2.4309e+00  2.3460e+00  +8.4829e-02  1.0000e-01  
     65    5.3060e-01  1.5625e-02  2.3881e+00  2.2413e+00  +1.4684e-01  +2.4170e+00  +2.2702e+00  +1.4684e-01        1    +2.8854e-01  2.3881e+00  2.2413e+00  +1.4684e-01  1.0000e-01  
     66    9.1948e-01  1.5625e-02  2.3400e+00  2.3003e+00  +3.9654e-02  +2.4168e+00  +2.3772e+00  +3.9654e-02        1    +7.6857e-01  2.3400e+00  2.3003e+00  +3.9654e-02  1.0000e-01  
     67    1.3662e+00  7.8125e-03  2.3114e+00  2.1894e+00  +1.2204e-01  +2.3159e+00  +2.1939e+00  +1.2204e-01        1    +4.5008e-02  2.3114e+00  2.1894e+00  +1.2204e-01  1.0000e-01  
     68    3.3280e-01  3.1250e-02  2.2319e+00  2.1899e+00  +4.2023e-02  +2.2974e+00  +2.2554e+00  +4.2023e-02        1    +6.5527e-01  2.2319e+00  2.1899e+00  +4.2023e-02  1.0000e-01  
     69    1.2605e+00  1.5625e-02  2.1631e+00  1.9772e+00  +1.8597e-01  +2.2902e+00  +2.1042e+00  +1.8597e-01        1    +1.2705e+00  2.1631e+00  1.9772e+00  +1.8597e-01  1.0000e-01  
     70    1.7930e+00  7.8125e-03  2.1413e+00  2.0548e+00  +8.6581e-02  +2.1469e+00  +2.0603e+00  +8.6581e-02        1    +5.5416e-02  2.1413e+00  2.0548e+00  +8.6581e-02  1.0000e-01  
     71    3.5334e-01  3.1250e-02  2.0689e+00  1.9083e+00  +1.6062e-01  +2.1337e+00  +1.9731e+00  +1.6062e-01        1    +6.4810e-01  2.0689e+00  1.9083e+00  +1.6062e-01  1.0000e-01  
     72    1.2773e+00  1.5625e-02  2.0286e+00  2.0039e+00  +2.4733e-02  +2.1243e+00  +2.0996e+00  +2.4733e-02        1    +9.5707e-01  2.0286e+00  2.0039e+00  +2.4733e-02  1.0000e-01  
     73    1.5231e+00  1.5625e-02  1.9558e+00  1.7782e+00  +1.7759e-01  +2.0626e+00  +1.8850e+00  +1.7759e-01        1    +1.0681e+00  1.9558e+00  1.7782e+00  +1.7759e-01  1.0000e-01  
     74    1.6362e+00  1.5625e-02  1.9271e+00  1.9047e+00  +2.2443e-02  +2.0297e+00  +2.0072e+00  +2.2443e-02        1    +1.0256e+00  1.9271e+00  1.9047e+00  +2.2443e-02  1.0000e-01  
     75    1.5730e+00  1.5625e-02  1.8665e+00  1.7026e+00  +1.6391e-01  +1.9377e+00  +1.7738e+00  +1.6391e-01        1    +7.1235e-01  1.8665e+00  1.7026e+00  +1.6391e-01  1.0000e-01  
     76    1.3304e+00  1.5625e-02  1.8404e+00  1.7892e+00  +5.1195e-02  +1.8840e+00  +1.8328e+00  +5.1195e-02        1    +4.3650e-01  1.8404e+00  1.7892e+00  +5.1195e-02  1.0000e-01  
     77    1.0144e+00  1.5625e-02  1.8052e+00  1.6698e+00  +1.3536e-01  +1.8283e+00  +1.6929e+00  +1.3536e-01        1    +2.3115e-01  1.8052e+00  1.6698e+00  +1.3536e-01  1.0000e-01  
     78    7.5069e-01  1.5625e-02  1.7766e+00  1.7026e+00  +7.4057e-02  +1.7888e+00  +1.7147e+00  +7.4057e-02        1    +1.2119e-01  1.7766e+00  1.7026e+00  +7.4057e-02  1.0000e-01  
     79    5.1678e-01  3.1250e-02  1.7174e+00  1.5605e+00  +1.5693e-01  +1.7839e+00  +1.6270e+00  +1.5693e-01        1    +6.6511e-01  1.7174e+00  1.5605e+00  +1.5693e-01  1.0000e-01  
     80    1.2883e+00  1.5625e-02  1.6934e+00  1.6391e+00  +5.4291e-02  +1.7267e+00  +1.6724e+00  +5.4291e-02        1    +3.3359e-01  1.6934e+00  1.6391e+00  +5.4291e-02  1.0000e-01  
     81    8.8835e-01  1.5625e-02  1.6633e+00  1.5391e+00  +1.2422e-01  +1.6781e+00  +1.5539e+00  +1.2422e-01        1    +1.4815e-01  1.6633e+00  1.5391e+00  +1.2422e-01  1.0000e-01  
     82    6.0114e-01  1.5625e-02  1.6370e+00  1.5596e+00  +7.7362e-02  +1.6437e+00  +1.5663e+00  +7.7362e-02        1    +6.6590e-02  1.6370e+00  1.5596e+00  +7.7362e-02  1.0000e-01  
     83    3.7748e-01  3.1250e-02  1.5847e+00  1.4493e+00  +1.3537e-01  +1.6177e+00  +1.4823e+00  +1.3537e-01        1    +3.3010e-01  1.5847e+00  1.4493e+00  +1.3537e-01  1.0000e-01  
     84    9.0847e-01  1.5625e-02  1.5604e+00  1.4952e+00  +6.5202e-02  +1.5750e+00  +1.5098e+00  +6.5202e-02        1    +1.4529e-01  1.5604e+00  1.4952e+00  +6.5202e-02  1.0000e-01  
     85    5.8158e-01  1.5625e-02  1.5351e+00  1.4251e+00  +1.0996e-01  +1.5413e+00  +1.4314e+00  +1.0996e-01        1    +6.2120e-02  1.5351e+00  1.4251e+00  +1.0996e-01  1.0000e-01  
     86    3.8712e-01  3.1250e-02  1.4865e+00  1.4365e+00  +5.0050e-02  +1.5161e+00  +1.4661e+00  +5.0050e-02        1    +2.9585e-01  1.4865e+00  1.4365e+00  +5.0050e-02  1.0000e-01  
     87    8.4417e-01  1.5625e-02  1.4606e+00  1.3457e+00  +1.1488e-01  +1.4725e+00  +1.3576e+00  +1.1488e-01        1    +1.1935e-01  1.4606e+00  1.3457e+00  +1.1488e-01  1.0000e-01  
     88    5.4577e-01  1.5625e-02  1.4376e+00  1.3643e+00  +7.3295e-02  +1.4425e+00  +1.3692e+00  +7.3295e-02        1    +4.8797e-02  1.4376e+00  1.3643e+00  +7.3295e-02  1.0000e-01  
     89    3.2971e-01  3.1250e-02  1.3920e+00  1.2691e+00  +1.2291e-01  +1.4159e+00  +1.2930e+00  +1.2291e-01        1    +2.3830e-01  1.3920e+00  1.2691e+00  +1.2291e-01  1.0000e-01  
     90    7.7488e-01  1.5625e-02  1.3706e+00  1.3065e+00  +6.4111e-02  +1.3802e+00  +1.3161e+00  +6.4111e-02        1    +9.6013e-02  1.3706e+00  1.3065e+00  +6.4111e-02  1.0000e-01  
     91    4.7534e-01  3.1250e-02  1.3254e+00  1.1901e+00  +1.3531e-01  +1.3727e+00  +1.2374e+00  +1.3531e-01        1    +4.7284e-01  1.3254e+00  1.1901e+00  +1.3531e-01  1.0000e-01  
     92    1.0923e+00  1.5625e-02  1.3065e+00  1.2529e+00  +5.3613e-02  +1.3248e+00  +1.2711e+00  +5.3613e-02        1    +1.8224e-01  1.3065e+00  1.2529e+00  +5.3613e-02  1.0000e-01  
     93    6.6212e-01  1.5625e-02  1.2848e+00  1.1820e+00  +1.0290e-01  +1.2913e+00  +1.1884e+00  +1.0290e-01        1    +6.4997e-02  1.2848e+00  1.1820e+00  +1.0290e-01  1.0000e-01  
     94    4.0253e-01  3.1250e-02  1.2443e+00  1.2015e+00  +4.2809e-02  +1.2736e+00  +1.2307e+00  +4.2809e-02        1    +2.9275e-01  1.2443e+00  1.2015e+00  +4.2809e-02  1.0000e-01  
     95    8.4526e-01  1.5625e-02  1.2223e+00  1.1169e+00  +1.0546e-01  +1.2323e+00  +1.1268e+00  +1.0546e-01        1    +9.9431e-02  1.2223e+00  1.1169e+00  +1.0546e-01  1.0000e-01  
     96    5.0089e-01  3.1250e-02  1.1841e+00  1.1528e+00  +3.1301e-02  +1.2289e+00  +1.1976e+00  +3.1301e-02        1    +4.4743e-01  1.1841e+00  1.1528e+00  +3.1301e-02  1.0000e-01  
     97    1.0491e+00  1.5625e-02  1.1612e+00  1.0530e+00  +1.0821e-01  +1.1753e+00  +1.0671e+00  +1.0821e-01        1    +1.4155e-01  1.1612e+00  1.0530e+00  +1.0821e-01  1.0000e-01  
     98    5.9889e-01  1.5625e-02  1.1429e+00  1.0781e+00  +6.4863e-02  +1.1475e+00  +1.0826e+00  +6.4863e-02        1    +4.5505e-02  1.1429e+00  1.0781e+00  +6.4863e-02  1.0000e-01  
     99    3.2437e-01  3.1250e-02  1.1066e+00  9.9516e-01  +1.1140e-01  +1.1264e+00  +1.0150e+00  +1.1140e-01        1    +1.9883e-01  1.1066e+00  9.9516e-01  +1.1140e-01  1.0000e-01  
    100    7.1095e-01  1.5625e-02  1.0893e+00  1.0292e+00  +6.0078e-02  +1.0956e+00  +1.0355e+00  +6.0078e-02        1    +6.2932e-02  1.0893e+00  1.0292e+00  +6.0078e-02  1.0000e-01  
    101    3.8665e-01  3.1250e-02  1.0541e+00  9.3865e-01  +1.1543e-01  +1.0816e+00  +9.6618e-01  +1.1543e-01        1    +2.7526e-01  1.0541e+00  9.3865e-01  +1.1543e-01  1.0000e-01  
    102    8.3700e-01  1.5625e-02  1.0379e+00  9.8251e-01  +5.5365e-02  +1.0464e+00  +9.9099e-01  +5.5365e-02        1    +8.4809e-02  1.0379e+00  9.8251e-01  +5.5365e-02  1.0000e-01  
    103    4.5202e-01  3.1250e-02  1.0036e+00  9.6879e-01  +3.4765e-02  +1.0401e+00  +9.2041e-01  +1.1964e-01        1    +3.6496e-01  1.0036e+00  8.8391e-01  +1.1964e-01  1.0000e-01  
    104    9.6421e-01  1.5625e-02  9.8846e-01  9.3730e-01  +5.1158e-02  +9.9923e-01  +9.4807e-01  +5.1158e-02        1    +1.0767e-01  9.8846e-01  9.3730e-01  +5.1158e-02  1.0000e-01  
    105    5.1154e-01  1.5625e-02  9.7247e-01  8.8497e-01  +8.7499e-02  +9.7556e-01  +8.8806e-01  +8.7499e-02        1    +3.0893e-02  9.7247e-01  8.8497e-01  +8.7499e-02  1.0000e-01  
    106    2.7812e-01  3.1250e-02  9.4163e-01  8.9379e-01  +4.7835e-02  +9.5385e-01  +9.0602e-01  +4.7835e-02        1    +1.2222e-01  9.4163e-01  8.9379e-01  +4.7835e-02  1.0000e-01  
    107    5.4722e-01  1.5625e-02  9.2627e-01  8.3957e-01  +8.6705e-02  +9.2972e-01  +8.4302e-01  +8.6705e-02        1    +3.4486e-02  9.2627e-01  8.3957e-01  +8.6705e-02  1.0000e-01  
    108    2.9559e-01  3.1250e-02  8.9692e-01  8.5242e-01  +4.4499e-02  +9.1073e-01  +8.6623e-01  +4.4499e-02        1    +1.3812e-01  8.9692e-01  8.5242e-01  +4.4499e-02  1.0000e-01  
    109    5.8337e-01  1.5625e-02  8.8216e-01  7.9626e-01  +8.5902e-02  +8.8599e-01  +8.0009e-01  +8.5902e-02        1    +3.8273e-02  8.8216e-01  7.9626e-01  +8.5902e-02  1.0000e-01  
    110    3.1228e-01  3.1250e-02  8.5422e-01  8.1287e-01  +4.1350e-02  +8.6960e-01  +8.2825e-01  +4.1350e-02        1    +1.5383e-01  8.5422e-01  8.1287e-01  +4.1350e-02  1.0000e-01  
    111    6.1690e-01  1.5625e-02  8.4003e-01  7.5498e-01  +8.5056e-02  +8.4421e-01  +7.5915e-01  +8.5056e-02        1    +4.1778e-02  8.4003e-01  7.5498e-01  +8.5056e-02  1.0000e-01  
    112    3.2671e-01  3.1250e-02  8.1344e-01  7.7490e-01  +3.8542e-02  +8.3019e-01  +7.9165e-01  +3.8542e-02        1    +1.6753e-01  8.1344e-01  7.7490e-01  +3.8542e-02  1.0000e-01  
    113    6.4477e-01  1.5625e-02  7.9982e-01  7.1571e-01  +8.4104e-02  +8.0427e-01  +7.2016e-01  +8.4104e-02        1    +4.4513e-02  7.9982e-01  7.1571e-01  +8.4104e-02  1.0000e-01  
    114    3.3747e-01  3.1250e-02  7.7451e-01  7.3831e-01  +3.6204e-02  +7.9225e-01  +7.5605e-01  +3.6204e-02        1    +1.7741e-01  7.7451e-01  7.3831e-01  +3.6204e-02  1.0000e-01  
    115    6.6429e-01  1.5625e-02  7.6147e-01  6.7847e-01  +8.2993e-02  +7.6607e-01  +6.8308e-01  +8.2993e-02        1    +4.6065e-02  7.6147e-01  6.7847e-01  +8.2993e-02  1.0000e-01  
    116    3.4343e-01  3.1250e-02  7.3739e-01  7.0297e-01  +3.4425e-02  +7.5560e-01  +7.2117e-01  +3.4425e-02        1    +1.8203e-01  7.3739e-01  7.0297e-01  +3.4425e-02  1.0000e-01  
    117    6.7350e-01  1.5625e-02  7.2494e-01  6.4325e-01  +8.1689e-02  +7.2956e-01  +6.4787e-01  +8.1689e-02        1    +4.6186e-02  7.2494e-01  6.4325e-01  +8.1689e-02  1.0000e-01  
    118    3.4396e-01  3.1250e-02  7.0204e-01  6.7658e-01  +2.5463e-02  +7.2011e-01  +6.8687e-01  +3.3243e-02        1    +1.8070e-01  7.0204e-01  6.6880e-01  +3.3243e-02  1.0000e-01  
    119    6.7154e-01  1.5625e-02  6.9020e-01  6.1001e-01  +8.0189e-02  +6.9469e-01  +6.1450e-01  +8.0189e-02        1    +4.4847e-02  6.9020e-01  6.1001e-01  +8.0189e-02  1.0000e-01  
    120    3.3898e-01  3.1250e-02  6.6843e-01  6.6360e-01  +4.8262e-03  +6.8579e-01  +6.5315e-01  +3.2637e-02        1    +1.7365e-01  6.6843e-01  6.3579e-01  +3.2637e-02  1.0000e-01  
    121    6.5871e-01  1.5625e-02  6.5721e-01  5.7870e-01  +7.8512e-02  +6.6143e-01  +5.8292e-01  +7.8512e-02        1    +4.2235e-02  6.5721e-01  5.7870e-01  +7.8512e-02  1.0000e-01  
    122    3.2899e-01  3.1250e-02  6.3650e-01  6.4103e-01  -4.5248e-03  +6.5269e-01  +6.2015e-01  +3.2536e-02        1    +1.6190e-01  6.3650e-01  6.0396e-01  +3.2536e-02  1.0000e-01  
    123    6.3633e-01  1.5625e-02  6.2591e-01  5.4921e-01  +7.6697e-02  +6.2978e-01  +5.5308e-01  +7.6697e-02        1    +3.8688e-02  6.2591e-01  5.4921e-01  +7.6697e-02  1.0000e-01  
    124    3.1490e-01  3.1250e-02  6.0640e-01  6.1087e-01  -4.4648e-03  +6.2090e-01  +5.8806e-01  +3.2840e-02        1    +1.4692e-01  6.0621e-01  5.7337e-01  +3.2840e-02  1.0000e-01  
    125    6.0640e-01  1.5625e-02  5.9622e-01  5.2142e-01  +7.4793e-02  +5.9968e-01  +5.2488e-01  +7.4793e-02        1    +3.4596e-02  5.9622e-01  5.2142e-01  +7.4793e-02  1.0000e-01  
    126    2.9780e-01  3.1250e-02  5.7748e-01  5.7542e-01  +2.0576e-03  +5.9051e-01  +5.5707e-01  +3.3436e-02        1    +1.3030e-01  5.7748e-01  5.4404e-01  +3.3436e-02  1.0000e-01  
    127    5.7120e-01  1.5625e-02  5.6806e-01  4.9521e-01  +7.2849e-02  +5.7109e-01  +4.9824e-01  +7.2849e-02        1    +3.0324e-02  5.6806e-01  4.9521e-01  +7.2849e-02  1.0000e-01  
    128    2.7882e-01  3.1250e-02  5.5022e-01  5.3688e-01  +1.3342e-02  +5.6156e-01  +5.2734e-01  +3.4215e-02        1    +1.1338e-01  5.5022e-01  5.1601e-01  +3.4215e-02  1.0000e-01  
    129    5.3292e-01  1.5625e-02  5.4133e-01  4.7043e-01  +7.0907e-02  +5.4395e-01  +4.7304e-01  +7.0907e-02        1    +2.6157e-02  5.4133e-01  4.7043e-01  +7.0907e-02  1.0000e-01  
    130    2.5895e-01  3.1250e-02  5.2436e-01  4.9715e-01  +2.7207e-02  +5.3408e-01  +4.9899e-01  +3.5087e-02        1    +9.7199e-02  5.2436e-01  4.8927e-01  +3.5087e-02  1.0000e-01  
    131    4.9344e-01  1.5625e-02  5.1596e-01  4.4696e-01  +6.9004e-02  +5.1819e-01  +4.4919e-01  +6.9004e-02        1    +2.2286e-02  5.1596e-01  4.4696e-01  +6.9004e-02  1.0000e-01  
    132    2.3901e-01  3.1250e-02  4.9980e-01  4.6382e-01  +3.5980e-02  +5.0803e-01  +4.7205e-01  +3.5980e-02        1    +8.2380e-02  4.9980e-01  4.6382e-01  +3.5980e-02  1.0000e-01  
    133    4.5426e-01  1.5625e-02  4.9185e-01  4.2469e-01  +6.7163e-02  +4.9373e-01  +4.2657e-01  +6.7163e-02        1    +1.8816e-02  4.9185e-01  4.2469e-01  +6.7163e-02  1.0000e-01  
    134    2.1959e-01  3.1250e-02  4.7645e-01  4.3961e-01  +3.6843e-02  +4.8338e-01  +4.4653e-01  +3.6843e-02        1    +6.9243e-02  4.7645e-01  4.3961e-01  +3.6843e-02  1.0000e-01  
    135    4.1641e-01  1.5625e-02  4.6892e-01  4.0352e-01  +6.5402e-02  +4.7050e-01  +4.0510e-01  +6.5402e-02        1    +1.5785e-02  4.6892e-01  4.0352e-01  +6.5402e-02  1.0000e-01  
    136    2.0109e-01  3.1250e-02  4.5425e-01  4.1661e-01  +3.7644e-02  +4.6004e-01  +4.2240e-01  +3.7644e-02        1    +5.7865e-02  4.5425e-01  4.1661e-01  +3.7644e-02  1.0000e-01  
    137    3.8059e-01  1.5625e-02  4.4711e-01  3.8338e-01  +6.3730e-02  +4.4843e-01  +3.8470e-01  +6.3730e-02        1    +1.3187e-02  4.4711e-01  3.8338e-01  +6.3730e-02  1.0000e-01  
    138    1.8375e-01  3.1250e-02  4.3313e-01  3.9476e-01  +3.8364e-02  +4.3795e-01  +3.9958e-01  +3.8364e-02        1    +4.8178e-02  4.3313e-01  3.9476e-01  +3.8364e-02  1.0000e-01  
    139    3.4717e-01  3.1250e-02  6.8413e-01  6.8799e-01  -3.8578e-03  +4.3752e-01  +3.5184e-01  +8.5677e-02        1    +1.8213e-01  4.1931e-01  3.3363e-01  +8.5677e-02  1.0000e-01  
    140    6.8413e-01  1.5625e-02  4.1316e-01  3.7431e-01  +3.8850e-02  +4.1725e-01  +3.7840e-01  +3.8850e-02        1    +4.0881e-02  4.1316e-01  3.7431e-01  +3.8850e-02  1.0000e-01  
    141    3.1948e-01  3.1250e-02  6.2597e-01  6.2924e-01  -3.2735e-03  +4.1535e-01  +3.3311e-01  +8.2239e-02        1    +1.5241e-01  4.0011e-01  3.1787e-01  +8.2239e-02  1.0000e-01  
    142    6.2597e-01  1.5625e-02  3.9419e-01  3.5459e-01  +3.9597e-02  +3.9752e-01  +3.5793e-01  +3.9597e-02        1    +3.3385e-02  3.9419e-01  3.5459e-01  +3.9597e-02  1.0000e-01  
    143    2.8829e-01  3.1250e-02  5.6290e-01  5.6567e-01  -2.7711e-03  +3.9415e-01  +3.1552e-01  +7.8635e-02        1    +1.2319e-01  3.8184e-01  3.0320e-01  +7.8635e-02  1.0000e-01  
    144    5.6290e-01  1.5625e-02  3.7613e-01  3.3572e-01  +4.0413e-02  +3.7878e-01  +3.3837e-01  +4.0413e-02        1    +2.6514e-02  3.7613e-01  3.3572e-01  +4.0413e-02  1.0000e-01  
    145    2.5649e-01  3.1250e-02  4.9988e-01  5.0221e-01  -2.3393e-03  +3.7412e-01  +2.9905e-01  +7.5069e-02        1    +9.7110e-02  3.6441e-01  2.8934e-01  +7.5069e-02  1.0000e-01  
    146    4.9988e-01  1.5625e-02  3.5892e-01  3.1773e-01  +4.1196e-02  +3.6099e-01  +3.1979e-01  +4.1196e-02        1    +2.0651e-02  3.5892e-01  3.1773e-01  +4.1196e-02  1.0000e-01  
    147    2.2592e-01  3.1250e-02  4.4008e-01  4.4205e-01  -1.9707e-03  +3.5530e-01  +2.8362e-01  +7.1677e-02        1    +7.5244e-02  3.4777e-01  2.7610e-01  +7.1677e-02  1.0000e-01  
    148    4.4008e-01  1.5625e-02  3.4250e-01  3.0061e-01  +4.1892e-02  +3.4409e-01  +3.0220e-01  +4.1892e-02        1    +1.5879e-02  3.4250e-01  3.0061e-01  +4.1892e-02  1.0000e-01  
    149    1.9767e-01  3.1250e-02  3.8522e-01  3.8687e-01  -1.6573e-03  +3.3764e-01  +2.6911e-01  +6.8535e-02        1    +5.7643e-02  3.3188e-01  2.6334e-01  +6.8535e-02  1.0000e-01  
    150    3.8522e-01  1.5625e-02  3.2682e-01  2.8434e-01  +4.2478e-02  +3.2803e-01  +2.8555e-01  +4.2478e-02        1    +1.2113e-02  3.2682e-01  2.8434e-01  +4.2478e-02  1.0000e-01  
    151    1.7220e-01  3.1250e-02  3.3600e-01  3.3739e-01  -1.3914e-03  +3.2107e-01  +2.5540e-01  +6.5674e-02        1    +4.3853e-02  3.1669e-01  2.5101e-01  +6.5674e-02  1.0000e-01  
    152    3.3600e-01  1.5625e-02  3.1183e-01  2.6889e-01  +4.2948e-02  +3.1275e-01  +2.6981e-01  +4.2948e-02        1    +9.2016e-03  3.1183e-01  2.6889e-01  +4.2948e-02  1.0000e-01  
    153    1.4963e-01  3.1250e-02  3.0216e-01  2.9367e-01  +8.4904e-03  +3.0549e-01  +2.4239e-01  +6.3097e-02        1    +3.3234e-02  3.0216e-01  2.3907e-01  +6.3097e-02  1.0000e-01  
    154    2.9248e-01  3.1250e-02  5.5098e-01  5.5444e-01  -3.4637e-03  +3.0512e-01  +2.8171e-01  +2.3405e-02        1    +1.1956e-01  2.9316e-01  2.6976e-01  +2.3405e-02  1.0000e-01  
    155    5.5098e-01  1.5625e-02  2.8864e-01  2.5096e-01  +3.7676e-02  +2.9107e-01  +2.3053e-01  +6.0534e-02        1    +2.4312e-02  2.8864e-01  2.2810e-01  +6.0534e-02  1.0000e-01  
    156    2.4997e-01  3.1250e-02  4.6844e-01  4.7147e-01  -3.0237e-03  +2.8857e-01  +2.6180e-01  +2.6764e-02        1    +8.6506e-02  2.7992e-01  2.5315e-01  +2.6764e-02  1.0000e-01  
    157    4.6844e-01  1.5625e-02  2.7564e-01  2.1738e-01  +5.8259e-02  +2.7739e-01  +2.1913e-01  +5.8259e-02        1    +1.7510e-02  2.7564e-01  2.1738e-01  +5.8259e-02  1.0000e-01  
    158    2.1197e-01  3.1250e-02  3.9561e-01  3.9824e-01  -2.6346e-03  +2.7341e-01  +2.4372e-01  +2.9686e-02        1    +6.1781e-02  2.6723e-01  2.3754e-01  +2.9686e-02  1.0000e-01  
    159    3.9561e-01  1.5625e-02  2.6316e-01  2.0691e-01  +5.6245e-02  +2.6441e-01  +2.0816e-01  +5.6245e-02        1    +1.2516e-02  2.6316e-01  2.0691e-01  +5.6245e-02  1.0000e-01  
    160    1.7901e-01  3.1250e-02  3.3301e-01  3.3531e-01  -2.2949e-03  +2.5946e-01  +2.2732e-01  +3.2139e-02        1    +4.3855e-02  2.5508e-01  2.2294e-01  +3.2139e-02  1.0000e-01  
    161    3.3301e-01  1.5625e-02  2.5118e-01  1.9670e-01  +5.4478e-02  +2.5208e-01  +1.9760e-01  +5.4478e-02        1    +8.9270e-03  2.5118e-01  1.9670e-01  +5.4478e-02  1.0000e-01  
    162    1.5095e-01  3.1250e-02  2.8002e-01  2.8202e-01  -2.0000e-03  +2.4654e-01  +2.1238e-01  +3.4157e-02        1    +3.1077e-02  2.4343e-01  2.0928e-01  +3.4157e-02  1.0000e-01  
    163    2.8002e-01  1.5625e-02  2.3971e-01  1.8677e-01  +5.2932e-02  +2.4034e-01  +1.8741e-01  +5.2932e-02        1    +6.3754e-03  2.3971e-01  1.8677e-01  +5.2932e-02  1.0000e-01  
    164    1.2729e-01  6.2500e-02  5.9767e-01  6.0115e-01  -3.4790e-03  +2.3911e-01  +2.2054e-01  +1.8572e-02        1    +1.4006e-01  2.2511e-01  2.0653e-01  +1.8572e-02  1.0000e-01  
    165    5.9767e-01  1.5625e-02  2.6634e-01  2.6742e-01  -1.0770e-03  +2.2453e-01  +1.6594e-01  +5.8586e-02        1    +2.7557e-02  2.2177e-01  1.6318e-01  +5.8586e-02  1.0000e-01  
    166    2.6634e-01  1.5625e-02  2.1840e-01  1.7765e-01  +4.0751e-02  +2.1896e-01  +1.7821e-01  +4.0751e-02        1    +5.5543e-03  2.1840e-01  1.7765e-01  +4.0751e-02  1.0000e-01  
    167    1.1613e-01  6.2500e-02  5.6523e-01  5.6828e-01  -3.0430e-03  +2.1742e-01  +1.4573e-01  +7.1690e-02        1    +1.2397e-01  2.0502e-01  1.3333e-01  +7.1690e-02  1.0000e-01  
    168    5.6523e-01  1.5625e-02  2.5050e-01  2.5227e-01  -1.7746e-03  +2.0493e-01  +1.7108e-01  +3.3853e-02        1    +2.4844e-02  2.0245e-01  1.6859e-01  +3.3853e-02  1.0000e-01  
    169    2.5050e-01  1.5625e-02  1.9937e-01  1.4879e-01  +5.0576e-02  +1.9987e-01  +1.4929e-01  +5.0576e-02        1    +5.0002e-03  1.9937e-01  1.4879e-01  +5.0576e-02  1.0000e-01  
    170    1.1243e-01  6.2500e-02  5.2620e-01  5.2923e-01  -3.0282e-03  +1.9808e-01  +1.7763e-01  +2.0448e-02        1    +1.0842e-01  1.8723e-01  1.6679e-01  +2.0448e-02  1.0000e-01  
    171    5.2620e-01  1.5625e-02  2.3225e-01  2.3316e-01  -9.1879e-04  +1.8665e-01  +1.3114e-01  +5.5510e-02        1    +2.0955e-02  1.8455e-01  1.2904e-01  +5.5510e-02  1.0000e-01  
    172    2.3225e-01  3.1250e-02  4.3229e-01  4.3487e-01  -2.5739e-03  +1.8654e-01  +1.6207e-01  +2.4472e-02        1    +7.3245e-02  1.7921e-01  1.5474e-01  +2.4472e-02  1.0000e-01  
    173    4.3229e-01  1.5625e-02  1.9033e-01  1.9105e-01  -7.1855e-04  +1.7804e-01  +1.2481e-01  +5.3225e-02        1    +1.4106e-02  1.7663e-01  1.2340e-01  +5.3225e-02  1.0000e-01  
    174    1.9033e-01  3.1250e-02  3.5295e-01  3.5513e-01  -2.1812e-03  +1.7627e-01  +1.4841e-01  +2.7860e-02        1    +4.8900e-02  1.7138e-01  1.4352e-01  +2.7860e-02  1.0000e-01  
    175    3.5295e-01  1.5625e-02  1.6887e-01  1.5604e-01  +1.2833e-02  +1.6981e-01  +1.1850e-01  +5.1309e-02        1    +9.4418e-03  1.6887e-01  1.1756e-01  +5.1309e-02  1.0000e-01  
    176    1.5548e-01  3.1250e-02  2.8744e-01  2.8928e-01  -1.8488e-03  +1.6702e-01  +1.3640e-01  +3.0613e-02        1    +3.2500e-02  1.6377e-01  1.3315e-01  +3.0613e-02  1.0000e-01  
    177    2.8744e-01  1.5625e-02  1.6133e-01  1.2732e-01  +3.4012e-02  +1.6197e-01  +1.1227e-01  +4.9698e-02        1    +6.3189e-03  1.6133e-01  1.1164e-01  +4.9698e-02  1.0000e-01  
    178    1.2690e-01  3.1250e-02  2.3396e-01  2.3553e-01  -1.5694e-03  +1.5857e-01  +1.2575e-01  +3.2813e-02        1    +2.1593e-02  1.5641e-01  1.2359e-01  +3.2813e-02  1.0000e-01  
    179    2.3396e-01  1.5625e-02  1.5405e-01  1.0571e-01  +4.8342e-02  +1.5448e-01  +1.0613e-01  +4.8342e-02        1    +4.2432e-03  1.5405e-01  1.0571e-01  +4.8342e-02  1.0000e-01  
    180    1.0363e-01  6.2500e-02  4.8440e-01  4.8710e-01  -2.7003e-03  +1.5394e-01  +1.3323e-01  +2.0713e-02        1    +9.1654e-02  1.4478e-01  1.2406e-01  +2.0713e-02  1.0000e-01  
    181    4.8440e-01  1.5625e-02  2.1131e-01  2.1213e-01  -8.2294e-04  +1.4455e-01  +9.1726e-02  +5.2820e-02        1    +1.7344e-02  1.4281e-01  8.9991e-02  +5.2820e-02  1.0000e-01  
    182    2.1131e-01  1.5625e-02  1.4067e-01  1.0186e-01  +3.8806e-02  +1.4101e-01  +1.0220e-01  +3.8806e-02        1    +3.3811e-03  1.4067e-01  1.0186e-01  +3.8806e-02  1.0000e-01  
    183    9.0576e-02  6.2500e-02  4.3635e-01  4.3856e-01  -2.2094e-03  +1.3950e-01  +7.6741e-02  +6.2759e-02        1    +7.3783e-02  1.3212e-01  6.9362e-02  +6.2759e-02  1.0000e-01  
    184    4.3635e-01  1.5625e-02  1.8969e-01  1.9099e-01  -1.2996e-03  +1.3193e-01  +9.8127e-02  +3.3807e-02        1    +1.4217e-02  1.3051e-01  9.6706e-02  +3.3807e-02  1.0000e-01  
    185    1.8969e-01  3.1250e-02  3.5720e-01  3.5887e-01  -1.6788e-03  +1.3162e-01  +7.2750e-02  +5.8871e-02        1    +4.9444e-02  1.2668e-01  6.7806e-02  +5.8871e-02  1.0000e-01  
    186    3.5720e-01  1.5625e-02  1.5424e-01  1.5535e-01  -1.1184e-03  +1.2594e-01  +9.0720e-02  +3.5220e-02        1    +9.4550e-03  1.2499e-01  8.9775e-02  +3.5220e-02  1.0000e-01  
    187    1.5424e-01  3.1250e-02  2.9060e-01  2.9188e-01  -1.2818e-03  +1.2454e-01  +6.8948e-02  +5.5592e-02        1    +3.2734e-02  1.2127e-01  6.5675e-02  +5.5592e-02  1.0000e-01  
    188    2.9060e-01  1.5625e-02  1.2488e-01  1.2584e-01  -9.5888e-04  +1.2019e-01  +8.3821e-02  +3.6370e-02        1    +6.2480e-03  1.1957e-01  8.3196e-02  +3.6370e-02  1.0000e-01  
    189    1.2488e-01  3.1250e-02  2.3565e-01  2.3663e-01  -9.7722e-04  +1.1811e-01  +6.5250e-02  +5.2859e-02        1    +2.1539e-02  1.1596e-01  6.3096e-02  +5.2859e-02  1.0000e-01  
    190    2.3565e-01  1.5625e-02  1.1427e-01  1.0171e-01  +1.2560e-02  +1.1468e-01  +7.7403e-02  +3.7278e-02        1    +4.1225e-03  1.1427e-01  7.6991e-02  +3.7278e-02  1.0000e-01  
    191    1.0089e-01  3.1250e-02  1.9080e-01  1.9154e-01  -7.4104e-04  +1.1220e-01  +6.1602e-02  +5.0597e-02        1    +1.4139e-02  1.1079e-01  6.0188e-02  +5.0597e-02  1.0000e-01  
    192    1.9080e-01  1.5625e-02  1.0914e-01  8.2133e-02  +2.7003e-02  +1.0941e-01  +7.1426e-02  +3.7982e-02        1    +2.7258e-03  1.0914e-01  7.1153e-02  +3.7982e-02  1.0000e-01  
    193    8.1425e-02  6.2500e-02  3.9052e-01  3.9246e-01  -1.9479e-03  +1.0844e-01  +4.8999e-02  +5.9441e-02        1    +5.9075e-02  1.0253e-01  4.3092e-02  +5.9441e-02  1.0000e-01  
    194    3.9052e-01  1.5625e-02  1.6872e-01  1.6985e-01  -1.1273e-03  +1.0245e-01  +6.8827e-02  +3.3619e-02        1    +1.1230e-02  1.0132e-01  6.7704e-02  +3.3619e-02  1.0000e-01  
    195    1.6872e-01  3.1250e-02  3.1648e-01  3.1796e-01  -1.4720e-03  +1.0226e-01  +4.6409e-02  +5.5849e-02        1    +3.8806e-02  9.8376e-02  4.2528e-02  +5.5849e-02  1.0000e-01  
    196    3.1648e-01  1.5625e-02  1.3594e-01  1.3691e-01  -9.6246e-04  +9.7825e-02  +6.2867e-02  +3.4957e-02        1    +7.3371e-03  9.7091e-02  6.2134e-02  +3.4957e-02  1.0000e-01  
    197    1.3594e-01  3.1250e-02  2.5520e-01  2.5631e-01  -1.1161e-03  +9.6736e-02  +4.3871e-02  +5.2865e-02        1    +2.5243e-02  9.4212e-02  4.1347e-02  +5.2865e-02  1.0000e-01  
    198    2.5520e-01  1.5625e-02  1.0916e-01  1.0998e-01  -8.1962e-04  +9.3377e-02  +5.7345e-02  +3.6033e-02        1    +4.7729e-03  9.2900e-02  5.6868e-02  +3.6033e-02  1.0000e-01  
    199    1.0916e-01  3.1250e-02  2.0524e-01  2.0608e-01  -8.4411e-04  +9.1738e-02  +4.1328e-02  +5.0409e-02        1    +1.6344e-02  9.0103e-02  3.9694e-02  +5.0409e-02  1.0000e-01  
    200    2.0524e-01  1.5625e-02  8.8798e-02  8.8196e-02  +6.0196e-04  +8.9108e-02  +5.2231e-02  +3.6877e-02        1    +3.1050e-03  8.8798e-02  5.1921e-02  +3.6877e-02  1.0000e-01  
    201    8.7497e-02  3.1250e-02  1.6486e-01  1.6550e-01  -6.3415e-04  +8.7151e-02  +3.8752e-02  +4.8399e-02        1    +1.0566e-02  8.6094e-02  3.7695e-02  +4.8399e-02  1.0000e-01  
    202    1.6486e-01  1.5625e-02  8.4814e-02  7.0678e-02  +1.4136e-02  +8.5017e-02  +4.7488e-02  +3.7529e-02        1    +2.0272e-03  8.4814e-02  4.7285e-02  +3.7529e-02  1.0000e-01  
    203    7.0080e-02  6.2500e-02  3.3504e-01  3.3668e-01  -1.6351e-03  +8.4038e-02  +2.8081e-02  +5.5957e-02        1    +4.3476e-02  7.9691e-02  2.3733e-02  +5.5957e-02  1.0000e-01  
    204    3.3504e-01  1.5625e-02  1.4402e-01  1.4498e-01  -9.5214e-04  +7.9566e-02  +4.5706e-02  +3.3861e-02        1    +8.1843e-03  7.8748e-02  4.4887e-02  +3.3861e-02  1.0000e-01  
    205    1.4402e-01  3.1250e-02  2.6947e-01  2.7070e-01  -1.2328e-03  +7.9278e-02  +2.6481e-02  +5.2797e-02        1    +2.8135e-02  7.6465e-02  2.3667e-02  +5.2797e-02  1.0000e-01  
    206    2.6947e-01  1.5625e-02  1.1529e-01  1.1610e-01  -8.0834e-04  +7.5989e-02  +4.0941e-02  +3.5048e-02        1    +5.2835e-03  7.5461e-02  4.0413e-02  +3.5048e-02  1.0000e-01  
    207    1.1529e-01  3.1250e-02  2.1592e-01  2.1686e-01  -9.3104e-04  +7.5032e-02  +2.4826e-02  +5.0207e-02        1    +1.8080e-02  7.3224e-02  2.3018e-02  +5.0207e-02  1.0000e-01  
    208    2.1592e-01  1.5625e-02  9.2061e-02  9.2746e-02  -6.8545e-04  +7.2541e-02  +3.6548e-02  +3.5993e-02        1    +3.4043e-03  7.2201e-02  3.6208e-02  +3.5993e-02  1.0000e-01  
    209    9.2061e-02  3.1250e-02  1.7269e-01  1.7339e-01  -7.0034e-04  +7.1184e-02  +2.3088e-02  +4.8096e-02        1    +1.1584e-02  7.0026e-02  2.1930e-02  +4.8096e-02  1.0000e-01  
    210    1.7269e-01  1.5625e-02  7.3416e-02  7.3999e-02  -5.8276e-04  +6.9227e-02  +3.2497e-02  +3.6730e-02        1    +2.1980e-03  6.9007e-02  3.2278e-02  +3.6730e-02  1.0000e-01  
    211    7.3416e-02  3.1250e-02  1.3800e-01  1.3853e-01  -5.2240e-04  +6.7646e-02  +2.1266e-02  +4.6381e-02        1    +7.4184e-03  6.6905e-02  2.0524e-02  +4.6381e-02  1.0000e-01  
    212    1.3800e-01  3.1250e-02  2.5490e-01  2.5633e-01  -1.4340e-03  +6.7553e-02  +3.9359e-02  +2.8193e-02        1    +2.5329e-02  6.5020e-02  3.6827e-02  +2.8193e-02  1.0000e-01  
    213    2.5490e-01  1.5625e-02  1.0950e-01  1.0986e-01  -3.6313e-04  +6.4616e-02  +1.9676e-02  +4.4940e-02        1    +4.6946e-03  6.4146e-02  1.9206e-02  +4.4940e-02  1.0000e-01  
    214    1.0950e-01  3.1250e-02  2.0183e-01  2.0301e-01  -1.1825e-03  +6.3859e-02  +3.3329e-02  +3.0530e-02        1    +1.5918e-02  6.2267e-02  3.1737e-02  +3.0530e-02  1.0000e-01  
    215    2.0183e-01  1.5625e-02  8.6849e-02  8.7100e-02  -2.5117e-04  +6.1686e-02  +1.7899e-02  +4.3787e-02        1    +2.9774e-03  6.1388e-02  1.7601e-02  +4.3787e-02  1.0000e-01  
    216    8.6849e-02  3.1250e-02  1.5977e-01  1.6074e-01  -9.7674e-04  +6.0548e-02  +2.8185e-02  +3.2363e-02        1    +1.0010e-02  5.9547e-02  2.7184e-02  +3.2363e-02  1.0000e-01  
    217    1.5977e-01  1.5625e-02  6.8912e-02  6.9080e-02  -1.6772e-04  +5.8867e-02  +1.6011e-02  +4.2857e-02        1    +1.8989e-03  5.8677e-02  1.5821e-02  +4.2857e-02  1.0000e-01  
    218    6.8912e-02  3.1250e-02  1.2652e-01  1.2733e-01  -8.0943e-04  +5.7522e-02  +2.3730e-02  +3.3792e-02        1    +6.3101e-03  5.6891e-02  2.3099e-02  +3.3792e-02  1.0000e-01  
    219    1.2652e-01  3.1250e-02  2.3609e-01  2.3717e-01  -1.0833e-03  +5.7421e-02  +7.0310e-03  +5.0390e-02        1    +2.1600e-02  5.5261e-02  4.8711e-03  +5.0390e-02  1.0000e-01  
    220    2.3609e-01  1.5625e-02  1.0078e-01  1.0147e-01  -6.8507e-04  +5.4956e-02  +2.0087e-02  +3.4868e-02        1    +4.0352e-03  5.4552e-02  1.9684e-02  +3.4868e-02  1.0000e-01  
    221    1.0078e-01  3.1250e-02  1.8821e-01  1.8902e-01  -8.1582e-04  +5.4321e-02  +6.2280e-03  +4.8093e-02        1    +1.3743e-02  5.2947e-02  4.8536e-03  +4.8093e-02  1.0000e-01  
    222    1.8821e-01  1.5625e-02  8.0098e-02  8.0677e-02  -5.7846e-04  +5.2474e-02  +1.6748e-02  +3.5726e-02        1    +2.5790e-03  5.2216e-02  1.6490e-02  +3.5726e-02  1.0000e-01  
    223    8.0098e-02  3.1250e-02  1.4979e-01  1.5040e-01  -6.1198e-04  +5.1522e-02  +5.2849e-03  +4.6237e-02        1    +8.7247e-03  5.0649e-02  4.4125e-03  +4.6237e-02  1.0000e-01  
    224    1.4979e-01  1.5625e-02  6.3589e-02  6.4079e-02  -4.8983e-04  +5.0083e-02  +1.3687e-02  +3.6396e-02        1    +1.6538e-03  4.9918e-02  1.3522e-02  +3.6396e-02  1.0000e-01  
    225    6.3589e-02  3.1250e-02  1.1913e-01  1.1958e-01  -4.5506e-04  +4.8954e-02  +4.2147e-03  +4.4740e-02        1    +5.5392e-03  4.8400e-02  3.6608e-03  +4.4740e-02  1.0000e-01  
    226    1.1913e-01  3.1250e-02  2.1994e-01  2.2117e-01  -1.2251e-03  +4.8932e-02  +1.9862e-02  +2.9070e-02        1    +1.8845e-02  4.7048e-02  1.7977e-02  +2.9070e-02  1.0000e-01  
    227    2.1994e-01  1.5625e-02  9.4161e-02  9.4479e-02  -3.1817e-04  +4.6775e-02  +3.2788e-03  +4.3496e-02        1    +3.4833e-03  4.6427e-02  2.9305e-03  +4.3496e-02  1.0000e-01  
    228    9.4161e-02  3.1250e-02  1.7355e-01  1.7455e-01  -1.0059e-03  +4.6249e-02  +1.5124e-02  +3.1125e-02        1    +1.1765e-02  4.5073e-02  1.3948e-02  +3.1125e-02  1.0000e-01  
    229    1.7355e-01  1.5625e-02  7.4417e-02  7.4636e-02  -2.1927e-04  +4.4662e-02  +2.1557e-03  +4.2507e-02        1    +2.1984e-03  4.4443e-02  1.9358e-03  +4.2507e-02  1.0000e-01  
    230    7.4417e-02  3.1250e-02  1.3693e-01  1.3776e-01  -8.2756e-04  +4.3848e-02  +1.1115e-02  +3.2733e-02        1    +7.3539e-03  4.3113e-02  1.0380e-02  +3.2733e-02  1.0000e-01  
    231    1.3693e-01  1.5625e-02  5.8839e-02  5.8985e-02  -1.4529e-04  +4.2627e-02  +9.1393e-04  +4.1713e-02        1    +1.3972e-03  4.2487e-02  7.7421e-04  +4.1713e-02  1.0000e-01  
    232    5.8839e-02  3.1250e-02  1.0808e-01  1.0877e-01  -6.8338e-04  +4.1657e-02  +7.6719e-03  +3.3985e-02        1    +4.6098e-03  4.1196e-02  7.2109e-03  +3.3985e-02  1.0000e-01  
    233    1.0808e-01  3.1250e-02  2.0128e-01  2.0219e-01  -9.1563e-04  +4.1594e-02  +9.6927e-03  +3.1901e-02        1    +1.5709e-02  4.0023e-02  8.1218e-03  +3.1901e-02  1.0000e-01  
    234    2.0128e-01  1.5625e-02  8.5753e-02  8.6329e-02  -5.7570e-04  +3.9806e-02  +4.8752e-03  +3.4931e-02        1    +2.9289e-03  3.9513e-02  4.5823e-03  +3.4931e-02  1.0000e-01  
    235    8.5753e-02  3.1250e-02  1.5982e-01  1.6051e-01  -6.8873e-04  +3.9346e-02  +8.8067e-03  +3.0540e-02        1    +9.9221e-03  3.8354e-02  7.8145e-03  +3.0540e-02  1.0000e-01  
    236    1.5982e-01  1.5625e-02  6.7920e-02  6.8404e-02  -4.8457e-04  +3.8013e-02  +2.3321e-03  +3.5681e-02        1    +1.8636e-03  3.7827e-02  2.1458e-03  +3.5681e-02  1.0000e-01  
    237    6.7920e-02  3.1250e-02  1.2674e-01  1.2726e-01  -5.1538e-04  +3.7320e-02  +8.5141e-03  +2.8806e-02        1    +6.2595e-03  3.6694e-02  7.8881e-03  +2.8806e-02  1.0000e-01  
    238    1.2674e-01  1.5625e-02  5.3748e-02  5.4157e-02  -4.0946e-04  +3.6284e-02  +2.1996e-04  +3.6064e-02        1    +1.1923e-03  3.6165e-02  1.0073e-04  +3.6064e-02  1.0000e-01  
    239    5.3748e-02  3.1250e-02  1.0045e-01  1.0084e-01  -3.8179e-04  +3.5461e-02  +8.6378e-03  +2.6824e-02        1    +3.9526e-03  3.5066e-02  8.2425e-03  +2.6824e-02  1.0000e-01  
    240    1.0045e-01  3.1250e-02  1.8542e-01  1.8646e-01  -1.0413e-03  +3.5426e-02  +5.3123e-03  +3.0114e-02        1    +1.3394e-02  3.4087e-02  3.9728e-03  +3.0114e-02  1.0000e-01  
    241    1.8542e-01  1.5625e-02  7.9212e-02  7.9480e-02  -2.6773e-04  +3.3888e-02  +8.8697e-03  +2.5018e-02        1    +2.4793e-03  3.3640e-02  8.6218e-03  +2.5018e-02  1.0000e-01  
    242    7.9212e-02  3.1250e-02  1.4600e-01  1.4685e-01  -8.4897e-04  +3.3492e-02  +1.6264e-03  +3.1866e-02        1    +8.3324e-03  3.2659e-02  7.9314e-04  +3.1866e-02  1.0000e-01  
    243    1.4600e-01  1.5625e-02  6.2467e-02  6.2651e-02  -1.8431e-04  +3.2360e-02  +9.3836e-03  +2.2977e-02        1    +1.5635e-03  3.2204e-02  9.2272e-03  +2.2977e-02  1.0000e-01  
    244    6.2467e-02  3.1250e-02  1.1498e-01  1.1568e-01  -6.9842e-04  +3.1760e-02  +2.5134e-03  +2.9246e-02        1    +5.1935e-03  3.1240e-02  1.9941e-03  +2.9246e-02  1.0000e-01  
    245    1.1498e-01  1.5625e-02  4.9286e-02  4.9407e-02  -1.2151e-04  +3.0887e-02  +1.0079e-02  +2.0808e-02        1    +9.9498e-04  3.0787e-02  9.9796e-03  +2.0808e-02  1.0000e-01  
    246    4.9286e-02  3.1250e-02  9.0586e-02  9.1167e-02  -5.8047e-04  +3.0176e-02  +4.7726e-03  +2.5404e-02        1    +3.2484e-03  2.9851e-02  4.4478e-03  +2.5404e-02  1.0000e-01  
    247    9.0586e-02  3.1250e-02  1.6846e-01  1.6922e-01  -7.5796e-04  +3.0105e-02  +1.8255e-02  +1.1849e-02        1    +1.1018e-02  2.9003e-02  1.7154e-02  +1.1849e-02  1.0000e-01  
    248    1.6846e-01  1.5625e-02  7.1684e-02  7.2173e-02  -4.8931e-04  +2.8838e-02  +6.6808e-03  +2.2158e-02        1    +2.0584e-03  2.8633e-02  6.4750e-03  +2.2158e-02  1.0000e-01  
    249    7.1684e-02  3.1250e-02  1.3341e-01  1.3398e-01  -5.6953e-04  +2.8485e-02  +1.7393e-02  +1.1092e-02        1    +6.9286e-03  2.7793e-02  1.6700e-02  +1.1092e-02  1.0000e-01  
    250    1.3341e-01  1.5625e-02  5.6654e-02  5.7071e-02  -4.1691e-04  +2.7540e-02  +8.4666e-03  +1.9074e-02        1    +1.3093e-03  2.7409e-02  8.3357e-03  +1.9074e-02  1.0000e-01  
    251    5.6654e-02  3.1250e-02  1.0556e-01  1.0598e-01  -4.2504e-04  +2.7024e-02  +1.7010e-02  +1.0013e-02        1    +4.3570e-03  2.6588e-02  1.6575e-02  +1.0013e-02  1.0000e-01  
    252    1.0556e-01  1.5625e-02  4.4746e-02  4.5105e-02  -3.5956e-04  +2.6288e-02  +1.0121e-02  +1.6167e-02        1    +8.3969e-04  2.6204e-02  1.0037e-02  +1.6167e-02  1.0000e-01  
    253    4.4746e-02  3.1250e-02  8.3486e-02  8.3799e-02  -3.1346e-04  +2.5682e-02  +1.6966e-02  +8.7160e-03        1    +2.7454e-03  2.5408e-02  1.6692e-02  +8.7160e-03  1.0000e-01  
    254    8.3486e-02  3.1250e-02  1.5410e-01  1.5498e-01  -8.8403e-04  +2.5621e-02  +7.3732e-03  +1.8248e-02        1    +9.2600e-03  2.4695e-02  6.4472e-03  +1.8248e-02  1.0000e-01  
    255    1.5410e-01  1.5625e-02  6.5752e-02  6.5972e-02  -2.1981e-04  +2.4543e-02  +1.7033e-02  +7.5107e-03        1    +1.7237e-03  2.4371e-02  1.6860e-02  +7.5107e-03  1.0000e-01  
    256    6.5752e-02  3.1250e-02  1.2123e-01  1.2195e-01  -7.2479e-04  +2.4234e-02  +9.5236e-03  +1.4711e-02        1    +5.7548e-03  2.3659e-02  8.9481e-03  +1.4711e-02  1.0000e-01  
    257    1.2123e-01  1.5625e-02  5.1796e-02  5.1947e-02  -1.5049e-04  +2.3437e-02  +1.7324e-02  +6.1132e-03        1    +1.0904e-03  2.3328e-02  1.7215e-02  +6.1132e-03  1.0000e-01  
    258    5.1796e-02  3.1250e-02  9.5385e-02  9.5985e-02  -6.0011e-04  +2.2988e-02  +1.1479e-02  +1.1509e-02        1    +3.5862e-03  2.2629e-02  1.1121e-02  +1.1509e-02  1.0000e-01  
    259    9.5385e-02  1.5625e-02  4.0822e-02  4.0920e-02  -9.7968e-05  +2.2370e-02  +1.7764e-02  +4.6067e-03        1    +6.9810e-04  2.2301e-02  1.7694e-02  +4.6067e-03  1.0000e-01  
    260    4.0822e-02  3.1250e-02  7.5083e-02  7.5586e-02  -5.0242e-04  +2.1847e-02  +1.3242e-02  +8.6049e-03        1    +2.2447e-03  2.1622e-02  1.3017e-02  +8.6049e-03  1.0000e-01  
    261    7.5083e-02  3.1250e-02  1.3950e-01  1.4012e-01  -6.2003e-04  +2.1764e-02  +2.4213e-02  -2.4493e-03        1    +7.5700e-03  2.1007e-02  2.3456e-02  -2.4493e-03  1.0000e-01  
    262    1.3950e-01  1.5625e-02  5.9324e-02  5.9751e-02  -4.2677e-04  +2.0878e-02  +1.4724e-02  +6.1538e-03        1    +1.4234e-03  2.0736e-02  1.4582e-02  +6.1538e-03  1.0000e-01  
    263    5.9324e-02  3.1250e-02  1.1030e-01  1.1077e-01  -4.6516e-04  +2.0601e-02  +2.3429e-02  -2.8277e-03        1    +4.7515e-03  2.0126e-02  2.2954e-02  -2.8277e-03  1.0000e-01  
    264    1.1030e-01  1.5625e-02  4.6829e-02  4.7196e-02  -3.6682e-04  +1.9938e-02  +1.6094e-02  +3.8438e-03        1    +9.0872e-04  1.9847e-02  1.6003e-02  +3.8438e-03  1.0000e-01  
    265    4.6829e-02  3.1250e-02  8.7156e-02  8.7502e-02  -3.4594e-04  +1.9550e-02  +2.3025e-02  -3.4749e-03        1    +2.9860e-03  1.9251e-02  2.2726e-02  -3.4749e-03  1.0000e-01  
    266    8.7156e-02  1.5625e-02  3.6947e-02  3.7267e-02  -3.1940e-04  +1.9031e-02  +1.7351e-02  +1.6799e-03        1    +5.8703e-04  1.8972e-02  1.7292e-02  +1.6799e-03  1.0000e-01  
    267    3.6947e-02  6.2500e-02  1.7468e-01  1.7550e-01  -8.1997e-04  +1.9031e-02  +2.9262e-02  -1.0231e-02        1    +1.1840e-02  1.7847e-02  2.8078e-02  -1.0231e-02  1.0000e-01  
    268    1.7468e-01  1.5625e-02  7.4422e-02  7.4919e-02  -4.9755e-04  +1.7880e-02  +1.7034e-02  +8.4593e-04        1    +2.2027e-03  1.7660e-02  1.6814e-02  +8.4593e-04  1.0000e-01  
    269    7.4422e-02  1.5625e-02  3.1840e-02  3.1902e-02  -6.1968e-05  +1.7444e-02  +2.1990e-02  -4.5460e-03        1    +4.4485e-04  1.7399e-02  2.1945e-02  -4.5460e-03  1.0000e-01  
    270    3.1840e-02  6.2500e-02  1.4892e-01  1.4977e-01  -8.5491e-04  +1.7222e-02  +1.5495e-02  +1.7270e-03        1    +8.6391e-03  1.6358e-02  1.4631e-02  +1.7270e-03  1.0000e-01  
    271    1.4892e-01  1.5625e-02  6.3409e-02  6.3637e-02  -2.2783e-04  +1.6322e-02  +2.4732e-02  -8.4103e-03        1    +1.6046e-03  1.6161e-02  2.4572e-02  -8.4103e-03  1.0000e-01  
    272    6.3409e-02  3.1250e-02  1.1705e-01  1.1775e-01  -7.0098e-04  +1.6240e-02  +1.7250e-02  -1.0106e-03        1    +5.3590e-03  1.5704e-02  1.6714e-02  -1.0106e-03  1.0000e-01  
    273    1.1705e-01  1.5625e-02  4.9886e-02  5.0045e-02  -1.5850e-04  +1.5597e-02  +2.4682e-02  -9.0856e-03        1    +1.0131e-03  1.5496e-02  2.4581e-02  -9.0856e-03  1.0000e-01  
    274    4.9886e-02  3.1250e-02  9.2006e-02  9.2587e-02  -5.8048e-04  +1.5373e-02  +1.8829e-02  -3.4560e-03        1    +3.3328e-03  1.5040e-02  1.8496e-02  -3.4560e-03  1.0000e-01  
    275    9.2006e-02  1.5625e-02  3.9260e-02  3.9367e-02  -1.0619e-04  +1.4893e-02  +2.4792e-02  -9.8991e-03        1    +6.4733e-04  1.4828e-02  2.4728e-02  -9.8991e-03  1.0000e-01  
    276    3.9260e-02  3.1250e-02  7.2344e-02  7.2830e-02  -4.8613e-04  +1.4591e-02  +2.0233e-02  -5.6426e-03        1    +2.0815e-03  1.4383e-02  2.0025e-02  -5.6426e-03  1.0000e-01  
    277    7.2344e-02  1.5625e-02  3.0912e-02  3.0978e-02  -6.6167e-05  +1.4215e-02  +2.5011e-02  -1.0796e-02        1    +4.2111e-04  1.4173e-02  2.4968e-02  -1.0796e-02  1.0000e-01  
    278    3.0912e-02  6.2500e-02  1.4470e-01  1.4554e-01  -8.3312e-04  +1.4147e-02  +1.8511e-02  -4.3646e-03        1    +8.1552e-03  1.3331e-02  1.7696e-02  -4.3646e-03  1.0000e-01  
    279    1.4470e-01  1.5625e-02  6.1566e-02  6.1791e-02  -2.2528e-04  +1.3331e-02  +2.7466e-02  -1.4135e-02        1    +1.5149e-03  1.3179e-02  2.7314e-02  -1.4135e-02  1.0000e-01  
    280    6.1566e-02  3.1250e-02  1.1370e-01  1.1438e-01  -6.8355e-04  +1.3318e-02  +2.0115e-02  -6.7971e-03        1    +5.0560e-03  1.2812e-02  1.9609e-02  -6.7971e-03  1.0000e-01  
    281    1.1370e-01  1.5625e-02  4.8414e-02  4.8572e-02  -1.5754e-04  +1.2743e-02  +2.7308e-02  -1.4565e-02        1    +9.5633e-04  1.2647e-02  2.7212e-02  -1.4565e-02  1.0000e-01  
    282    4.8414e-02  3.1250e-02  8.9340e-02  8.9906e-02  -5.6648e-04  +1.2594e-02  +2.1547e-02  -8.9535e-03        1    +3.1426e-03  1.2279e-02  2.1233e-02  -8.9535e-03  1.0000e-01  
    283    8.9340e-02  1.5625e-02  3.8083e-02  3.8189e-02  -1.0625e-04  +1.2171e-02  +2.7308e-02  -1.5137e-02        1    +6.1121e-04  1.2110e-02  2.7247e-02  -1.5137e-02  1.0000e-01  
    284    3.8083e-02  3.1250e-02  7.0220e-02  7.0695e-02  -4.7483e-04  +1.1944e-02  +2.2812e-02  -1.0867e-02        1    +1.9619e-03  1.1748e-02  2.2615e-02  -1.0867e-02  1.0000e-01  
    285    7.0220e-02  1.5625e-02  2.9968e-02  3.0035e-02  -6.6938e-05  +1.1618e-02  +2.7418e-02  -1.5800e-02        1    +3.9793e-04  1.1578e-02  2.7378e-02  -1.5800e-02  1.0000e-01  
    286    2.9968e-02  3.1250e-02  5.5212e-02  5.5615e-02  -4.0301e-04  +1.1350e-02  +2.3923e-02  -1.2573e-02        1    +1.2329e-03  1.1227e-02  2.3799e-02  -1.2573e-02  1.0000e-01  
    287    5.5212e-02  3.1250e-02  1.0241e-01  1.0286e-01  -4.4626e-04  +1.1320e-02  +3.1745e-02  -2.0425e-02        1    +4.1017e-03  1.0910e-02  3.1334e-02  -2.0425e-02  1.0000e-01  
    288    1.0241e-01  1.5625e-02  4.3534e-02  4.3881e-02  -3.4724e-04  +1.0849e-02  +2.4842e-02  -1.3993e-02        1    +7.8634e-04  1.0771e-02  2.4764e-02  -1.3993e-02  1.0000e-01  
    289    4.3534e-02  3.1250e-02  8.0796e-02  8.1129e-02  -3.3310e-04  +1.0713e-02  +3.1028e-02  -2.0315e-02        1    +2.5714e-03  1.0456e-02  3.0771e-02  -2.0315e-02  1.0000e-01  
    290    8.0796e-02  1.5625e-02  3.4307e-02  3.4610e-02  -3.0317e-04  +1.0362e-02  +2.5672e-02  -1.5310e-02        1    +5.0796e-04  1.0311e-02  2.5621e-02  -1.5310e-02  1.0000e-01  
    291    3.4307e-02  3.1250e-02  6.3714e-02  6.3959e-02  -2.4552e-04  +1.0165e-02  +3.0576e-02  -2.0412e-02        1    +1.6178e-03  1.0003e-02  3.0414e-02  -2.0412e-02  1.0000e-01  
    292    6.3714e-02  1.5625e-02  2.7026e-02  2.7295e-02  -2.6839e-04  +9.8918e-03  +2.6417e-02  -1.6526e-02        1    +3.3471e-04  9.8583e-03  2.6384e-02  -1.6526e-02  1.0000e-01  
    293    2.7026e-02  3.1250e-02  5.0233e-02  5.0410e-02  -1.7743e-04  +9.6612e-03  +3.0318e-02  -2.0656e-02        1    +1.0245e-03  9.5587e-03  3.0215e-02  -2.0656e-02  1.0000e-01  
    294    5.0233e-02  3.1250e-02  9.2793e-02  9.3375e-02  -5.8181e-04  +9.6282e-03  +2.4235e-02  -1.4606e-02        1    +3.3822e-03  9.2900e-03  2.3896e-02  -1.4606e-02  1.0000e-01  
    295    9.2793e-02  1.5625e-02  3.9507e-02  3.9628e-02  -1.2195e-04  +9.2341e-03  +3.0152e-02  -2.0918e-02        1    +6.5270e-04  9.1689e-03  3.0087e-02  -2.0918e-02  1.0000e-01  
    296    3.9507e-02  3.1250e-02  7.2935e-02  7.3422e-02  -4.8664e-04  +9.1115e-03  +2.5386e-02  -1.6274e-02        1    +2.1092e-03  8.9006e-03  2.5175e-02  -1.6274e-02  1.0000e-01  
    297    7.2935e-02  1.5625e-02  3.1080e-02  3.1159e-02  -7.9843e-05  +8.8189e-03  +3.0111e-02  -2.1293e-02        1    +4.2291e-04  8.7766e-03  3.0069e-02  -2.1293e-02  1.0000e-01  
    298    3.1080e-02  3.1250e-02  5.7342e-02  5.7754e-02  -4.1206e-04  +8.6458e-03  +2.6388e-02  -1.7742e-02        1    +1.3232e-03  8.5135e-03  2.6256e-02  -1.7742e-02  1.0000e-01  
    299    5.7342e-02  1.5625e-02  2.4458e-02  3.0129e-02  -5.6710e-03  +8.4179e-03  +3.0157e-02  -2.1740e-02        1    +2.8082e-04  8.3899e-03  3.0129e-02  -2.1740e-02  1.0000e-01  
    300    2.4458e-02  6.2500e-02  1.1464e-01  1.1532e-01  -6.8616e-04  +8.4068e-03  +2.4717e-02  -1.6310e-02        1    +5.1323e-03  7.8936e-03  2.4204e-02  -1.6310e-02  1.0000e-01  
    301    1.1464e-01  1.5625e-02  4.8745e-02  4.8918e-02  -1.7311e-04  +7.9032e-03  +3.1886e-02  -2.3983e-02        1    +9.6697e-04  7.8065e-03  3.1789e-02  -2.3983e-02  1.0000e-01  
    302    4.8745e-02  1.5625e-02  2.0672e-02  2.8710e-02  -8.0377e-03  +7.7130e-03  +2.8731e-02  -2.1018e-02        1    +2.1576e-04  7.6914e-03  2.8710e-02  -2.1018e-02  1.0000e-01  
    303    2.0672e-02  6.2500e-02  9.7517e-02  9.7949e-02  -4.3210e-04  +7.6028e-03  +3.4941e-02  -2.7338e-02        1    +3.7225e-03  7.2305e-03  3.4569e-02  -2.7338e-02  1.0000e-01  
    304    9.7517e-02  1.5625e-02  4.1489e-02  4.1825e-02  -3.3600e-04  +7.2178e-03  +2.8335e-02  -2.1117e-02        1    +7.1599e-04  7.1462e-03  2.8263e-02  -2.1117e-02  1.0000e-01  
    305    4.1489e-02  3.1250e-02  7.6916e-02  7.7239e-02  -3.2290e-04  +7.1758e-03  +3.4123e-02  -2.6947e-02        1    +2.3340e-03  6.9424e-03  3.3890e-02  -2.6947e-02  1.0000e-01  
    306    7.6916e-02  1.5625e-02  3.2695e-02  3.2989e-02  -2.9405e-04  +6.8979e-03  +2.8987e-02  -2.2089e-02        1    +4.6339e-04  6.8516e-03  2.8941e-02  -2.2089e-02  1.0000e-01  
    307    3.2695e-02  3.1250e-02  6.0639e-02  6.0878e-02  -2.3847e-04  +6.7967e-03  +3.3563e-02  -2.6766e-02        1    +1.4690e-03  6.6498e-03  3.3416e-02  -2.6766e-02  1.0000e-01  
    308    6.0639e-02  1.5625e-02  2.5756e-02  2.9535e-02  -3.7792e-03  +6.5874e-03  +2.9566e-02  -2.2978e-02        1    +3.0623e-04  6.5567e-03  2.9535e-02  -2.2978e-02  1.0000e-01  
    309    2.5756e-02  3.1250e-02  4.7794e-02  4.7967e-02  -1.7279e-04  +6.4526e-03  +3.3190e-02  -2.6737e-02        1    +9.3084e-04  6.3596e-03  3.3097e-02  -2.6737e-02  1.0000e-01  
    310    4.7794e-02  1.5625e-02  2.0286e-02  3.0057e-02  -9.7713e-03  +6.2877e-03  +3.0078e-02  -2.3790e-02        1    +2.0852e-04  6.2669e-03  3.0057e-02  -2.3790e-02  1.0000e-01  
    311    2.0286e-02  6.2500e-02  9.5628e-02  9.6054e-02  -4.2611e-04  +6.2523e-03  +3.6083e-02  -2.9831e-02        1    +3.5811e-03  5.8942e-03  3.5725e-02  -2.9831e-02  1.0000e-01  
    312    9.5628e-02  1.5625e-02  4.0699e-02  4.1031e-02  -3.3169e-04  +5.8987e-03  +2.9592e-02  -2.3694e-02        1    +6.8966e-04  5.8297e-03  2.9523e-02  -2.3694e-02  1.0000e-01  
    313    4.0699e-02  3.1250e-02  7.5420e-02  7.5739e-02  -3.1868e-04  +5.8910e-03  +3.5231e-02  -2.9340e-02        1    +2.2455e-03  5.6664e-03  3.5007e-02  -2.9340e-02  1.0000e-01  
    314    7.5420e-02  1.5625e-02  3.2072e-02  3.2363e-02  -2.9055e-04  +5.6395e-03  +3.0181e-02  -2.4541e-02        1    +4.4669e-04  5.5949e-03  3.0136e-02  -2.4541e-02  1.0000e-01  
    315    3.2072e-02  3.1250e-02  5.9455e-02  5.9690e-02  -2.3550e-04  +5.5732e-03  +3.4632e-02  -2.9059e-02        1    +1.4134e-03  5.4319e-03  3.4491e-02  -2.9059e-02  1.0000e-01  
    316    5.9455e-02  1.5625e-02  2.5265e-02  3.0669e-02  -5.4036e-03  +5.3870e-03  +3.0698e-02  -2.5311e-02        1    +2.9552e-04  5.3575e-03  3.0669e-02  -2.5311e-02  1.0000e-01  
    317    2.5265e-02  3.1250e-02  4.6855e-02  4.7026e-02  -1.7076e-04  +5.2871e-03  +3.4219e-02  -2.8932e-02        1    +8.9589e-04  5.1975e-03  3.4129e-02  -2.8932e-02  1.0000e-01  
    318    4.6855e-02  1.5625e-02  1.9899e-02  3.1133e-02  -1.1234e-02  +5.1429e-03  +3.1153e-02  -2.6010e-02        1    +2.0155e-04  5.1228e-03  3.1133e-02  -2.6010e-02  1.0000e-01  
    319    1.9899e-02  3.1250e-02  3.6921e-02  3.7041e-02  -1.2024e-04  +5.0248e-03  +3.3944e-02  -2.8919e-02        1    +5.7429e-04  4.9673e-03  3.3886e-02  -2.8919e-02  1.0000e-01  
    320    3.6921e-02  3.1250e-02  6.8255e-02  6.8718e-02  -4.6278e-04  +5.0132e-03  +2.9367e-02  -2.4353e-02        1    +1.8492e-03  4.8283e-03  2.9182e-02  -2.4353e-02  1.0000e-01  
    321    6.8255e-02  1.5625e-02  2.9040e-02  3.3708e-02  -4.6676e-03  +4.8035e-03  +3.3745e-02  -2.8942e-02        1    +3.7339e-04  4.7661e-03  3.3708e-02  -2.8942e-02  1.0000e-01  
    322    2.9040e-02  3.1250e-02  5.3668e-02  5.4061e-02  -3.9302e-04  +4.7433e-03  +3.0153e-02  -2.5410e-02        1    +1.1615e-03  4.6271e-03  3.0037e-02  -2.5410e-02  1.0000e-01  
    323    5.3668e-02  1.5625e-02  2.2847e-02  3.3610e-02  -1.0763e-02  +4.5880e-03  +3.3635e-02  -2.9047e-02        1    +2.4915e-04  4.5631e-03  3.3610e-02  -2.9047e-02  1.0000e-01  
    324    2.2847e-02  3.1250e-02  4.2208e-02  4.2546e-02  -3.3829e-04  +4.5003e-03  +3.0821e-02  -2.6321e-02        1    +7.3659e-04  4.4266e-03  3.0748e-02  -2.6321e-02  1.0000e-01  
    325    4.2208e-02  1.5625e-02  1.7979e-02  3.3571e-02  -1.5592e-02  +4.3798e-03  +3.3588e-02  -2.9209e-02        1    +1.7226e-04  4.3626e-03  3.3571e-02  -2.9209e-02  1.0000e-01  
    326    1.7979e-02  3.1250e-02  3.3203e-02  3.3499e-02  -2.9531e-04  +4.2774e-03  +3.1389e-02  -2.7112e-02        1    +4.7385e-04  4.2300e-03  3.1342e-02  -2.7112e-02  1.0000e-01  
    327    3.3203e-02  3.1250e-02  6.1514e-02  6.1765e-02  -2.5100e-04  +4.2614e-03  +3.5951e-02  -3.1690e-02        1    +1.5090e-03  4.1105e-03  3.5801e-02  -3.1690e-02  1.0000e-01  
    328    6.1514e-02  1.5625e-02  2.6165e-02  3.1822e-02  -5.6562e-03  +4.0887e-03  +3.1853e-02  -2.7764e-02        1    +3.1212e-04  4.0575e-03  3.1822e-02  -2.7764e-02  1.0000e-01  
    329    2.6165e-02  3.1250e-02  4.8488e-02  4.8671e-02  -1.8314e-04  +4.0342e-03  +3.5454e-02  -3.1420e-02        1    +9.5524e-04  3.9387e-03  3.5359e-02  -3.1420e-02  1.0000e-01  
    330    4.8488e-02  1.5625e-02  2.0614e-02  3.2235e-02  -1.1621e-02  +3.9052e-03  +3.2256e-02  -2.8351e-02        1    +2.1153e-04  3.8841e-03  3.2235e-02  -2.8351e-02  1.0000e-01  
    331    2.0614e-02  3.1250e-02  3.8212e-02  3.8342e-02  -1.3021e-04  +3.8288e-03  +3.5104e-02  -3.1275e-02        1    +6.1092e-04  3.7677e-03  3.5043e-02  -3.1275e-02  1.0000e-01  
    332    3.8212e-02  1.5625e-02  1.6238e-02  3.2592e-02  -1.6354e-02  +3.7280e-03  +3.2606e-02  -2.8878e-02        1    +1.4899e-04  3.7131e-03  3.2592e-02  -2.8878e-02  1.0000e-01  
=========================================================
Total gradient evaluations: 2.131e+04 
