=========================================================
*                                                       *
*  Samples: 2.56e+02; epsilon: 3.1937e-03; varepson:3.1937e-03 *
*                                                       *
=========================================================
     Iter   search_dire    stepsize    KKT_inf    eKKT_inf    KKT-eKKT      merit     e_merit     mrt-emrt      rank          f           c           ec        c-ec         tau    
initial    0.0000e+00  0.0000e+00  5.3080e+00  5.3040e+00  +3.9788e-03  +4.4955e+00  +4.5307e+00  -3.5224e-02        1    +1.9759e+00  4.2979e+00  4.3331e+00  -3.5224e-02  1.0000e-01  
      1    5.3080e+00  3.9062e-03  4.2436e+00  4.2063e+00  +3.7296e-02  +4.3787e+00  +4.3414e+00  +3.7296e-02        1    +1.3511e+00  4.2436e+00  4.2063e+00  +3.7296e-02  1.0000e-01  
      2    3.6927e+00  3.9062e-03  4.2197e+00  4.2242e+00  -4.5464e-03  +4.2925e+00  +4.2971e+00  -4.5464e-03        1    +7.2871e-01  4.2197e+00  4.2242e+00  -4.5464e-03  1.0000e-01  
      3    2.7859e+00  3.9062e-03  4.1957e+00  4.1666e+00  +2.9042e-02  +4.2349e+00  +4.2058e+00  +2.9042e-02        1    +3.9230e-01  4.1957e+00  4.1666e+00  +2.9042e-02  1.0000e-01  
      4    1.6835e+00  3.9062e-03  4.1801e+00  4.1670e+00  +1.3108e-02  +4.2044e+00  +4.1913e+00  +1.3108e-02        1    +2.4302e-01  4.1801e+00  4.1670e+00  +1.3108e-02  1.0000e-01  
      5    1.0459e+00  7.8125e-03  4.1423e+00  4.1037e+00  +3.8557e-02  +4.1851e+00  +4.1465e+00  +3.8557e-02        1    +4.2799e-01  4.1423e+00  4.1037e+00  +3.8557e-02  1.0000e-01  
      6    1.9908e+00  3.9062e-03  4.1276e+00  4.1099e+00  +1.7655e-02  +4.1479e+00  +4.1303e+00  +1.7655e-02        1    +2.0380e-01  4.1276e+00  4.1099e+00  +1.7655e-02  1.0000e-01  
      7    1.1838e+00  7.8125e-03  4.0915e+00  4.0460e+00  +4.5512e-02  +4.1419e+00  +4.0964e+00  +4.5512e-02        1    +5.0423e-01  4.0915e+00  4.0460e+00  +4.5512e-02  1.0000e-01  
      8    2.2638e+00  3.9062e-03  4.0777e+00  4.0564e+00  +2.1272e-02  +4.0960e+00  +4.0747e+00  +2.1272e-02        1    +1.8310e-01  4.0777e+00  4.0564e+00  +2.1272e-02  1.0000e-01  
      9    1.2154e+00  7.8125e-03  4.0437e+00  3.9944e+00  +4.9302e-02  +4.0953e+00  +4.0460e+00  +4.9302e-02        1    +5.1557e-01  4.0437e+00  3.9944e+00  +4.9302e-02  1.0000e-01  
     10    2.2898e+00  3.9062e-03  4.0306e+00  4.0057e+00  +2.4864e-02  +4.0454e+00  +4.0206e+00  +2.4864e-02        1    +1.4815e-01  4.0306e+00  4.0057e+00  +2.4864e-02  1.0000e-01  
     11    1.0945e+00  7.8125e-03  3.9982e+00  3.9484e+00  +4.9800e-02  +4.0396e+00  +3.9898e+00  +4.9800e-02        1    +4.1390e-01  3.9982e+00  3.9484e+00  +4.9800e-02  1.0000e-01  
     12    2.0408e+00  3.9062e-03  3.9851e+00  3.9566e+00  +2.8450e-02  +3.9953e+00  +3.9669e+00  +2.8450e-02        1    +1.0217e-01  3.9851e+00  3.9566e+00  +2.8450e-02  1.0000e-01  
     13    8.7222e-01  7.8125e-03  3.9535e+00  3.9053e+00  +4.8229e-02  +3.9802e+00  +3.9320e+00  +4.8229e-02        1    +2.6693e-01  3.9535e+00  3.9053e+00  +4.8229e-02  1.0000e-01  
     14    1.6344e+00  3.9062e-03  3.9398e+00  3.9082e+00  +3.1574e-02  +3.9462e+00  +3.9146e+00  +3.1574e-02        1    +6.3550e-02  3.9398e+00  3.9082e+00  +3.1574e-02  1.0000e-01  
     15    6.4817e-01  7.8125e-03  3.9087e+00  3.8625e+00  +4.6158e-02  +3.9239e+00  +3.8777e+00  +4.6158e-02        1    +1.5204e-01  3.9087e+00  3.8625e+00  +4.6158e-02  1.0000e-01  
     16    1.2214e+00  3.9062e-03  3.8945e+00  3.8605e+00  +3.3965e-02  +3.8983e+00  +3.8644e+00  +3.3965e-02        1    +3.8641e-02  3.8945e+00  3.8605e+00  +3.3965e-02  1.0000e-01  
     17    4.7214e-01  1.5625e-02  3.8326e+00  3.7778e+00  +5.4724e-02  +3.8776e+00  +3.8229e+00  +5.4724e-02        1    +4.5084e-01  3.8326e+00  3.7778e+00  +5.4724e-02  1.0000e-01  
     18    2.1052e+00  3.9062e-03  3.8197e+00  3.7869e+00  +3.2856e-02  +3.8269e+00  +3.7941e+00  +3.2856e-02        1    +7.2101e-02  3.8197e+00  3.7869e+00  +3.2856e-02  1.0000e-01  
     19    7.8191e-01  7.8125e-03  3.7900e+00  3.7403e+00  +4.9683e-02  +3.8096e+00  +3.7599e+00  +4.9683e-02        1    +1.9613e-01  3.7900e+00  3.7403e+00  +4.9683e-02  1.0000e-01  
     20    1.3886e+00  3.9062e-03  3.7762e+00  3.7406e+00  +3.5676e-02  +3.7794e+00  +3.7437e+00  +3.5676e-02        1    +3.1662e-02  3.7762e+00  3.7406e+00  +3.5676e-02  1.0000e-01  
     21    4.7433e-01  1.5625e-02  3.7168e+00  3.6612e+00  +5.5655e-02  +3.7613e+00  +3.7057e+00  +5.5655e-02        1    +4.4465e-01  3.7168e+00  3.6612e+00  +5.5655e-02  1.0000e-01  
     22    2.0508e+00  3.9062e-03  3.7041e+00  3.6695e+00  +3.4631e-02  +3.7093e+00  +3.6746e+00  +3.4631e-02        1    +5.1955e-02  3.7041e+00  3.6695e+00  +3.4631e-02  1.0000e-01  
     23    6.6777e-01  7.8125e-03  3.6752e+00  3.6268e+00  +4.8357e-02  +3.6881e+00  +3.6398e+00  +4.8357e-02        1    +1.2948e-01  3.6752e+00  3.6268e+00  +4.8357e-02  1.0000e-01  
     24    1.1088e+00  7.8125e-03  3.6488e+00  3.6226e+00  +2.6244e-02  +3.6806e+00  +3.6544e+00  +2.6244e-02        1    +3.1809e-01  3.6488e+00  3.6226e+00  +2.6244e-02  1.0000e-01  
     25    1.7730e+00  3.9062e-03  3.6349e+00  3.5907e+00  +4.4134e-02  +3.6382e+00  +3.5941e+00  +4.4134e-02        1    +3.3567e-02  3.6349e+00  3.5907e+00  +4.4134e-02  1.0000e-01  
     26    5.3364e-01  1.5625e-02  3.5808e+00  3.5574e+00  +2.3380e-02  +3.6271e+00  +3.6038e+00  +2.3380e-02        1    +4.6360e-01  3.5808e+00  3.5574e+00  +2.3380e-02  1.0000e-01  
     27    2.1176e+00  3.9062e-03  3.5669e+00  3.5223e+00  +4.4623e-02  +3.5707e+00  +3.5261e+00  +4.4623e-02        1    +3.7713e-02  3.5669e+00  3.5223e+00  +4.4623e-02  1.0000e-01  
     28    5.6861e-01  1.5625e-02  3.5135e+00  3.4910e+00  +2.2469e-02  +3.5650e+00  +3.5425e+00  +2.2469e-02        1    +5.1493e-01  3.5135e+00  3.4910e+00  +2.2469e-02  1.0000e-01  
     29    2.1901e+00  3.9062e-03  3.4996e+00  3.4553e+00  +4.4261e-02  +3.5027e+00  +3.4584e+00  +4.4261e-02        1    +3.1008e-02  3.4996e+00  3.4553e+00  +4.4261e-02  1.0000e-01  
     30    5.0603e-01  1.5625e-02  3.4463e+00  3.4217e+00  +2.4606e-02  +3.4856e+00  +3.4610e+00  +2.4606e-02        1    +3.9246e-01  3.4463e+00  3.4217e+00  +2.4606e-02  1.0000e-01  
     31    1.8766e+00  2.5000e-01  1.3156e+01  1.2986e+01  +1.6911e-01  +3.3017e+00  +3.5065e+00  -2.0478e-01        1    +3.0486e+01  2.5304e-01  4.5782e-01  -2.0478e-01  1.0000e-01  
     32    1.3156e+01  1.5625e-02  5.8847e+00  5.8881e+00  -3.3946e-03  +2.2436e+00  +2.3332e+00  -8.9615e-02        1    +1.2351e+01  1.0085e+00  1.0981e+00  -8.9615e-02  1.0000e-01  
     33    5.8847e+00  1.5625e-02  3.4601e+00  3.4540e+00  +6.1114e-03  +4.8856e-01  +4.1295e-01  +7.5616e-02        1    +3.8059e+00  1.0798e-01  3.2359e-02  +7.5616e-02  1.0000e-01  
     34    3.4601e+00  1.5625e-02  1.3591e+00  1.3499e+00  +9.1728e-03  +4.5250e-01  +4.6005e-01  -7.5461e-03        1    +7.6294e-01  3.7621e-01  3.8375e-01  -7.5461e-03  1.0000e-01  
     35    1.3591e+00  3.1250e-02  1.4171e+00  1.4055e+00  +1.1571e-02  +4.0140e-01  +3.7118e-01  +3.0219e-02        1    +7.6204e-01  3.2520e-01  2.9498e-01  +3.0219e-02  1.0000e-01  
     36    1.4171e+00  3.1250e-02  1.3130e+00  1.3017e+00  +1.1327e-02  +3.9435e-01  +4.0194e-01  -7.5879e-03        1    +6.6093e-01  3.2826e-01  3.3585e-01  -7.5879e-03  1.0000e-01  
     37    1.3130e+00  3.1250e-02  1.1724e+00  1.1615e+00  +1.0931e-02  +3.4509e-01  +3.1988e-01  +2.5212e-02        1    +5.4912e-01  2.9018e-01  2.6497e-01  +2.5212e-02  1.0000e-01  
     38    1.1724e+00  3.1250e-02  9.8474e-01  9.7542e-01  +9.3216e-03  +3.2328e-01  +3.2732e-01  -4.0403e-03        1    +4.1831e-01  2.8145e-01  2.8549e-01  -4.0403e-03  1.0000e-01  
     39    9.8474e-01  3.1250e-02  8.0946e-01  8.0143e-01  +8.0286e-03  +2.9377e-01  +2.7448e-01  +1.9291e-02        1    +3.2479e-01  2.6129e-01  2.4200e-01  +1.9291e-02  1.0000e-01  
     40    8.0946e-01  3.1250e-02  6.4996e-01  6.4362e-01  +6.3463e-03  +2.7534e-01  +2.7583e-01  -4.8992e-04        1    +2.4833e-01  2.5051e-01  2.5100e-01  -4.8992e-04  1.0000e-01  
     41    6.4996e-01  3.1250e-02  5.2084e-01  5.1553e-01  +5.3113e-03  +2.5931e-01  +2.4473e-01  +1.4581e-02        1    +2.0135e-01  2.3917e-01  2.2459e-01  +1.4581e-02  1.0000e-01  
     42    5.2084e-01  3.1250e-02  4.1694e-01  4.1285e-01  +4.0942e-03  +2.4662e-01  +2.4479e-01  +1.8260e-03        1    +1.6631e-01  2.2998e-01  2.2816e-01  +1.8260e-03  1.0000e-01  
     43    4.1694e-01  3.1250e-02  3.3758e-01  3.3417e-01  +3.4115e-03  +2.3640e-01  +2.2498e-01  +1.1425e-02        1    +1.4518e-01  2.2188e-01  2.1046e-01  +1.1425e-02  1.0000e-01  
     44    3.3758e-01  3.1250e-02  2.7552e-01  2.7283e-01  +2.6851e-03  +2.2690e-01  +2.2383e-01  +3.0782e-03        1    +1.2840e-01  2.1406e-01  2.1099e-01  +3.0782e-03  1.0000e-01  
     45    2.7552e-01  6.2500e-02  7.3549e-01  7.2802e-01  +7.4680e-03  +2.2499e-01  +2.0910e-01  +1.5889e-02        1    +2.5280e-01  1.9971e-01  1.8382e-01  +1.5889e-02  1.0000e-01  
     46    7.3549e-01  3.1250e-02  6.2453e-01  6.1824e-01  +6.2903e-03  +2.1225e-01  +2.1410e-01  -1.8480e-03        1    +2.0316e-01  1.9193e-01  1.9378e-01  -1.8480e-03  1.0000e-01  
     47    6.2453e-01  3.1250e-02  5.2037e-01  5.1503e-01  +5.3390e-03  +2.0129e-01  +1.8823e-01  +1.3059e-02        1    +1.6805e-01  1.8448e-01  1.7142e-01  +1.3059e-02  1.0000e-01  
     48    5.2037e-01  3.1250e-02  4.3605e-01  4.3169e-01  +4.3592e-03  +1.9186e-01  +1.9134e-01  +5.1809e-04        1    +1.4000e-01  1.7786e-01  1.7734e-01  +5.1809e-04  1.0000e-01  
     49    4.3605e-01  3.1250e-02  3.6510e-01  3.6304e-01  +2.0639e-03  +1.8431e-01  +1.7348e-01  +1.0834e-02        1    +1.2135e-01  1.7217e-01  1.6134e-01  +1.0834e-02  1.0000e-01  
     50    3.6510e-01  3.1250e-02  3.1197e-01  3.0890e-01  +3.0731e-03  +1.7684e-01  +1.7483e-01  +2.0058e-03        1    +1.0610e-01  1.6623e-01  1.6422e-01  +2.0058e-03  1.0000e-01  
     51    3.1197e-01  3.1250e-02  2.6878e-01  2.6826e-01  +5.2144e-04  +1.7089e-01  +1.6147e-01  +9.4274e-03        1    +9.5773e-02  1.6132e-01  1.5189e-01  +9.4274e-03  1.0000e-01  
     52    2.6878e-01  3.1250e-02  2.3592e-01  2.3364e-01  +2.2788e-03  +1.6452e-01  +1.6154e-01  +2.9827e-03        1    +8.6498e-02  1.5587e-01  1.5289e-01  +2.9827e-03  1.0000e-01  
     53    2.3592e-01  3.1250e-02  2.1108e-01  2.1073e-01  +3.5217e-04  +1.5937e-01  +1.5070e-01  +8.6739e-03        1    +7.9861e-02  1.5138e-01  1.4271e-01  +8.6739e-03  1.0000e-01  
     54    2.1108e-01  6.2500e-02  5.9221e-01  5.8639e-01  +5.8221e-03  +1.5638e-01  +1.5754e-01  -1.1590e-03        1    +1.5426e-01  1.4095e-01  1.4211e-01  -1.1590e-03  1.0000e-01  
     55    5.9221e-01  3.1250e-02  5.3995e-01  5.3469e-01  +5.2683e-03  +1.5176e-01  +1.3823e-01  +1.3535e-02        1    +1.3946e-01  1.3782e-01  1.2428e-01  +1.3535e-02  1.0000e-01  
     56    5.3995e-01  3.1250e-02  5.0837e-01  5.0343e-01  +4.9354e-03  +1.4653e-01  +1.4613e-01  +4.0849e-04        1    +1.2369e-01  1.3416e-01  1.3376e-01  +4.0849e-04  1.0000e-01  
     57    5.0837e-01  3.1250e-02  4.6236e-01  4.5786e-01  +4.4976e-03  +1.4242e-01  +1.2956e-01  +1.2860e-02        1    +1.1170e-01  1.3125e-01  1.1839e-01  +1.2860e-02  1.0000e-01  
     58    4.6236e-01  3.1250e-02  4.3916e-01  4.3495e-01  +4.2083e-03  +1.3765e-01  +1.3599e-01  +1.6577e-03        1    +9.9930e-02  1.2766e-01  1.2600e-01  +1.6577e-03  1.0000e-01  
     59    4.3916e-01  3.1250e-02  4.0331e-01  3.9940e-01  +3.9062e-03  +1.3409e-01  +1.2168e-01  +1.2411e-02        1    +9.1553e-02  1.2493e-01  1.1252e-01  +1.2411e-02  1.0000e-01  
     60    4.0331e-01  3.1250e-02  3.9086e-01  3.8717e-01  +3.6968e-03  +1.2979e-01  +1.2714e-01  +2.6413e-03        1    +8.3222e-02  1.2146e-01  1.1882e-01  +2.6413e-03  1.0000e-01  
     61    3.9086e-01  3.1250e-02  3.6544e-01  3.6193e-01  +3.5181e-03  +1.2669e-01  +1.1441e-01  +1.2273e-02        1    +7.7808e-02  1.1891e-01  1.0663e-01  +1.2273e-02  1.0000e-01  
     62    3.6544e-01  3.1250e-02  3.6323e-01  3.5983e-01  +3.3944e-03  +1.2287e-01  +1.1948e-01  +3.3930e-03        1    +7.2129e-02  1.1566e-01  1.1226e-01  +3.3930e-03  1.0000e-01  
     63    3.6323e-01  3.1250e-02  3.4782e-01  3.4449e-01  +3.3225e-03  +1.2020e-01  +1.0776e-01  +1.2432e-02        1    +6.9094e-02  1.1329e-01  1.0085e-01  +1.2432e-02  1.0000e-01  
     64    3.4782e-01  3.1250e-02  3.5470e-01  3.5142e-01  +3.2820e-03  +1.1689e-01  +1.1296e-01  +3.9308e-03        1    +6.5555e-02  1.1034e-01  1.0641e-01  +3.9308e-03  1.0000e-01  
     65    3.5470e-01  3.1250e-02  3.4914e-01  3.4584e-01  +3.3042e-03  +1.1466e-01  +1.0181e-01  +1.2857e-02        1    +6.4664e-02  1.0820e-01  9.5340e-02  +1.2857e-02  1.0000e-01  
     66    3.4914e-01  3.1250e-02  3.6420e-01  3.6086e-01  +3.3450e-03  +1.1194e-01  +1.0768e-01  +4.2609e-03        1    +6.3077e-02  1.0563e-01  1.0137e-01  +4.2609e-03  1.0000e-01  
     67    3.6420e-01  3.1250e-02  3.6858e-01  3.6513e-01  +3.4523e-03  +1.1025e-01  +9.6721e-02  +1.3525e-02        1    +6.4423e-02  1.0380e-01  9.0278e-02  +1.3525e-02  1.0000e-01  
     68    3.6858e-01  3.1250e-02  3.9094e-01  3.8737e-01  +3.5733e-03  +1.0821e-01  +1.0382e-01  +4.3870e-03        1    +6.4824e-02  1.0173e-01  9.7339e-02  +4.3870e-03  1.0000e-01  
     69    3.9094e-01  3.1250e-02  4.0498e-01  4.0122e-01  +3.7534e-03  +1.0719e-01  +9.2772e-02  +1.4415e-02        1    +6.8676e-02  1.0032e-01  8.5905e-02  +1.4415e-02  1.0000e-01  
     70    4.0498e-01  3.1250e-02  4.3297e-01  4.2903e-01  +3.9478e-03  +1.0598e-01  +1.0165e-01  +4.3263e-03        1    +7.1102e-02  9.8868e-02  9.4542e-02  +4.3263e-03  1.0000e-01  
     71    4.3297e-01  3.1250e-02  4.5466e-01  4.5048e-01  +4.1729e-03  +1.0575e-01  +9.0277e-02  +1.5471e-02        1    +7.7485e-02  9.8000e-02  8.2529e-02  +1.5471e-02  1.0000e-01  
     72    4.5466e-01  3.1250e-02  4.8461e-01  4.8019e-01  +4.4162e-03  +1.0547e-01  +1.0133e-01  +4.1354e-03        1    +8.1489e-02  9.7321e-02  9.3186e-02  +4.1354e-03  1.0000e-01  
     73    4.8461e-01  1.5625e-02  9.6547e-02  8.6209e-02  +1.0338e-02  +9.8518e-02  +8.8180e-02  +1.0338e-02        1    +1.9708e-02  9.6547e-02  8.6209e-02  +1.0338e-02  1.0000e-01  
     74    5.2256e-02  1.0000e+00  1.4112e+00  1.4002e+00  +1.0933e-02  +5.0455e-02  +5.1189e-02  -7.3361e-04        1    +4.8290e-01  2.1653e-03  2.8990e-03  -7.3361e-04  1.0000e-01  
     75    1.4112e+00  1.5625e-02  1.0485e+00  1.0406e+00  +7.9393e-03  +3.7447e-02  +4.2647e-02  -5.2003e-03        1    +2.7911e-01  9.5362e-03  1.4736e-02  -5.2003e-03  1.0000e-01  
     76    1.0485e+00  1.5625e-02  8.5611e-01  8.4944e-01  +6.6741e-03  +3.6986e-02  +3.1715e-02  +5.2709e-03        1    +1.8189e-01  1.8797e-02  1.3526e-02  +5.2709e-03  1.0000e-01  
     77    8.5611e-01  1.5625e-02  5.4032e-01  5.3616e-01  +4.1546e-03  +3.0030e-02  +9.8120e-03  +2.0218e-02        1    +7.5364e-02  2.2494e-02  2.2757e-03  +2.0218e-02  1.0000e-01  
     78    5.4032e-01  1.5625e-02  3.5640e-01  3.5368e-01  +2.7162e-03  +2.8191e-02  +1.7373e-02  +1.0818e-02        1    +3.4696e-02  2.4721e-02  1.3903e-02  +1.0818e-02  1.0000e-01  
     79    3.5640e-01  1.5625e-02  2.1328e-01  2.1159e-01  +1.6994e-03  +2.6799e-02  +9.7050e-03  +1.7093e-02        1    +1.4303e-02  2.5368e-02  8.2747e-03  +1.7093e-02  1.0000e-01  
     80    2.1328e-01  1.5625e-02  1.2645e-01  1.2554e-01  +9.0908e-04  +2.6052e-02  +1.2544e-02  +1.3508e-02        1    +7.1032e-03  2.5342e-02  1.1834e-02  +1.3508e-02  1.0000e-01  
     81    1.2645e-01  1.5625e-02  7.6475e-02  7.6382e-02  +9.2771e-05  +2.5531e-02  +9.7380e-03  +1.5794e-02        1    +4.3064e-03  2.5101e-02  9.3073e-03  +1.5794e-02  1.0000e-01  
     82    7.6475e-02  3.1250e-02  1.6084e-01  1.5967e-01  +1.1713e-03  +2.5391e-02  +1.2048e-02  +1.3343e-02        1    +9.0438e-03  2.4486e-02  1.1143e-02  +1.3343e-02  1.0000e-01  
     83    1.6084e-01  1.5625e-02  9.3831e-02  9.3042e-02  +7.8933e-04  +2.4804e-02  +8.6224e-03  +1.6182e-02        1    +4.6025e-03  2.4344e-02  8.1622e-03  +1.6182e-02  1.0000e-01  
     84    9.3831e-02  1.5625e-02  5.2225e-02  5.1897e-02  +3.2798e-04  +2.4343e-02  +9.7012e-03  +1.4641e-02        1    +3.0731e-03  2.4035e-02  9.3939e-03  +1.4641e-02  1.0000e-01  
     85    5.2225e-02  3.1250e-02  1.1458e-01  1.1363e-01  +9.4639e-04  +2.3944e-02  +7.3702e-03  +1.6573e-02        1    +5.3807e-03  2.3405e-02  6.8321e-03  +1.6573e-02  1.0000e-01  
     86    1.1458e-01  1.5625e-02  6.4231e-02  6.3814e-02  +4.1712e-04  +2.3466e-02  +8.7998e-03  +1.4666e-02        1    +3.1314e-03  2.3153e-02  8.4866e-03  +1.4666e-02  1.0000e-01  
     87    6.4231e-02  3.1250e-02  1.3758e-01  1.3646e-01  +1.1191e-03  +2.3264e-02  +6.2847e-03  +1.6980e-02        1    +6.6135e-03  2.2603e-02  5.6234e-03  +1.6980e-02  1.0000e-01  
     88    1.3758e-01  1.5625e-02  7.7169e-02  7.6656e-02  +5.1324e-04  +2.2755e-02  +8.0856e-03  +1.4670e-02        1    +3.3666e-03  2.2419e-02  7.7489e-03  +1.4670e-02  1.0000e-01  
     89    7.7169e-02  1.5625e-02  4.5076e-02  4.5044e-02  +3.1947e-05  +2.2359e-02  +6.3221e-03  +1.6037e-02        1    +2.3060e-03  2.2128e-02  6.0915e-03  +1.6037e-02  1.0000e-01  
     90    4.5076e-02  6.2500e-02  2.2263e-01  2.2100e-01  +1.6266e-03  +2.2354e-02  +9.0658e-03  +1.3288e-02        1    +1.3779e-02  2.0976e-02  7.6879e-03  +1.3288e-02  1.0000e-01  
     91    2.2263e-01  1.5625e-02  1.1874e-01  1.1776e-01  +9.7495e-04  +2.1623e-02  +4.5209e-03  +1.7102e-02        1    +5.1551e-03  2.1108e-02  4.0054e-03  +1.7102e-02  1.0000e-01  
     92    1.1874e-01  1.5625e-02  6.5726e-02  6.5307e-02  +4.1878e-04  +2.1172e-02  +6.0641e-03  +1.5107e-02        1    +2.6465e-03  2.0907e-02  5.7994e-03  +1.5107e-02  1.0000e-01  
     93    6.5726e-02  3.1250e-02  1.3430e-01  1.3321e-01  +1.0900e-03  +2.1033e-02  +3.6312e-03  +1.7402e-02        1    +6.0630e-03  2.0427e-02  3.0249e-03  +1.7402e-02  1.0000e-01  
     94    1.3430e-01  1.5625e-02  7.4079e-02  7.3600e-02  +4.7979e-04  +2.0560e-02  +5.4225e-03  +1.5137e-02        1    +2.8440e-03  2.0275e-02  5.1381e-03  +1.5137e-02  1.0000e-01  
     95    7.4079e-02  1.5625e-02  4.0558e-02  4.0515e-02  +4.2190e-05  +2.0201e-02  +3.7792e-03  +1.6422e-02        1    +1.8850e-03  2.0012e-02  3.5907e-03  +1.6422e-02  1.0000e-01  
     96    4.0558e-02  6.2500e-02  2.0158e-01  2.0013e-01  +1.4475e-03  +2.0092e-02  +6.1780e-03  +1.3914e-02        1    +1.1300e-02  1.8962e-02  5.0480e-03  +1.3914e-02  1.0000e-01  
     97    2.0158e-01  1.5625e-02  1.0377e-01  1.0291e-01  +8.5969e-04  +1.9459e-02  +2.1171e-03  +1.7342e-02        1    +4.1285e-03  1.9046e-02  1.7043e-03  +1.7342e-02  1.0000e-01  
     98    1.0377e-01  1.5625e-02  5.6921e-02  5.6576e-02  +3.4431e-04  +1.9064e-02  +3.4698e-03  +1.5595e-02        1    +2.1496e-03  1.8849e-02  3.2548e-03  +1.5595e-02  1.0000e-01  
     99    5.6921e-02  3.1250e-02  1.1315e-01  1.1222e-01  +9.2815e-04  +1.8847e-02  +1.2904e-03  +1.7556e-02        1    +4.5923e-03  1.8387e-02  8.3116e-04  +1.7556e-02  1.0000e-01  
    100    1.1315e-01  1.5625e-02  6.1869e-02  6.1489e-02  +3.7967e-04  +1.8446e-02  +2.7988e-03  +1.5647e-02        1    +2.2410e-03  1.8221e-02  2.5747e-03  +1.5647e-02  1.0000e-01  
    101    6.1869e-02  3.1250e-02  1.2279e-01  1.2179e-01  +9.9812e-04  +1.8313e-02  +5.4378e-04  +1.7769e-02        1    +5.1201e-03  1.7801e-02  3.1762e-05  +1.7769e-02  1.0000e-01  
    102    1.2279e-01  1.5625e-02  6.6880e-02  6.6464e-02  +4.1544e-04  +1.7902e-02  +2.2082e-03  +1.5694e-02        1    +2.3510e-03  1.7667e-02  1.9731e-03  +1.5694e-02  1.0000e-01  
    103    6.6880e-02  3.1250e-02  1.3253e-01  1.3147e-01  +1.0685e-03  +1.7859e-02  +1.2622e-03  +1.6597e-02        1    +5.7042e-03  1.7288e-02  6.9178e-04  +1.6597e-02  1.0000e-01  
    104    1.3253e-01  1.5625e-02  7.1853e-02  7.1402e-02  +4.5086e-04  +1.7434e-02  +1.6968e-03  +1.5738e-02        1    +2.4757e-03  1.7187e-02  1.4492e-03  +1.5738e-02  1.0000e-01  
    105    7.1853e-02  1.5625e-02  3.7242e-02  3.7191e-02  +5.1303e-05  +1.7125e-02  +1.6105e-04  +1.6964e-02        1    +1.5738e-03  1.6968e-02  3.6697e-06  +1.6964e-02  1.0000e-01  
    106    3.7242e-02  6.2500e-02  1.8707e-01  1.8576e-01  +1.3152e-03  +1.7058e-02  +2.4461e-03  +1.4611e-02        1    +9.6760e-03  1.6090e-02  1.4785e-03  +1.4611e-02  1.0000e-01  
    107    1.8707e-01  1.5625e-02  9.3689e-02  9.2909e-02  +7.8014e-04  +1.6512e-02  +1.9478e-03  +1.4564e-02        1    +3.4212e-03  1.6170e-02  1.6057e-03  +1.4564e-02  1.0000e-01  
    108    9.3689e-02  1.5625e-02  5.0848e-02  5.0558e-02  +2.8955e-04  +1.6178e-02  +3.6931e-04  +1.5809e-02        1    +1.7681e-03  1.6001e-02  1.9250e-04  +1.5809e-02  1.0000e-01  
    109    5.0848e-02  3.1250e-02  9.8968e-02  9.8150e-02  +8.1781e-04  +1.5965e-02  +2.6907e-03  +1.3275e-02        1    +3.6410e-03  1.5601e-02  2.3266e-03  +1.3275e-02  1.0000e-01  
    110    9.8968e-02  1.5625e-02  5.3565e-02  5.3257e-02  +3.0832e-04  +1.5632e-02  +9.8315e-04  +1.4649e-02        1    +1.8015e-03  1.5452e-02  8.0300e-04  +1.4649e-02  1.0000e-01  
    111    5.3565e-02  3.1250e-02  1.0441e-01  1.0355e-01  +8.5653e-04  +1.5469e-02  +3.3872e-03  +1.2081e-02        1    +3.8850e-03  1.5080e-02  2.9987e-03  +1.2081e-02  1.0000e-01  
    112    1.0441e-01  1.5625e-02  5.6351e-02  5.6024e-02  +3.2756e-04  +1.5134e-02  +1.5466e-03  +1.3588e-02        1    +1.8420e-03  1.4950e-02  1.3624e-03  +1.3588e-02  1.0000e-01  
    113    5.6351e-02  3.1250e-02  1.0996e-01  1.0906e-01  +8.9589e-04  +1.5021e-02  +4.0380e-03  +1.0983e-02        1    +4.1513e-03  1.4606e-02  3.6229e-03  +1.0983e-02  1.0000e-01  
    114    1.0996e-01  1.5625e-02  5.9166e-02  5.8819e-02  +3.4696e-04  +1.4684e-02  +2.0610e-03  +1.2623e-02        1    +1.8887e-03  1.4495e-02  1.8721e-03  +1.2623e-02  1.0000e-01  
    115    5.9166e-02  3.1250e-02  1.1554e-01  1.1461e-01  +9.3532e-04  +1.4621e-02  +4.6427e-03  +9.9786e-03        1    +4.4361e-03  1.4178e-02  4.1991e-03  +9.9786e-03  1.0000e-01  
    116    1.1554e-01  1.5625e-02  6.1962e-02  6.1596e-02  +3.6619e-04  +1.4280e-02  +2.5276e-03  +1.1753e-02        1    +1.9404e-03  1.4086e-02  2.3336e-03  +1.1753e-02  1.0000e-01  
    117    6.1962e-02  3.1250e-02  1.2106e-01  1.2009e-01  +9.7411e-04  +1.4268e-02  +5.2006e-03  +9.0677e-03        1    +4.7336e-03  1.3795e-02  4.7273e-03  +9.0677e-03  1.0000e-01  
    118    1.2106e-01  1.5625e-02  6.4684e-02  6.4299e-02  +3.8484e-04  +1.3922e-02  +2.9482e-03  +1.0974e-02        1    +1.9949e-03  1.3722e-02  2.7487e-03  +1.0974e-02  1.0000e-01  
    119    6.4684e-02  1.5625e-02  3.2661e-02  3.2595e-02  +6.5914e-05  +1.3674e-02  +4.1466e-03  +9.5276e-03        1    +1.2595e-03  1.3548e-02  4.0207e-03  +9.5276e-03  1.0000e-01  
    120    3.2661e-02  6.2500e-02  1.6434e-01  1.6322e-01  +1.1209e-03  +1.3598e-02  +3.3923e-03  +1.0206e-02        1    +7.5050e-03  1.2847e-02  2.6418e-03  +1.0206e-02  1.0000e-01  
    121    1.6434e-01  1.5625e-02  8.1135e-02  8.0452e-02  +6.8288e-04  +1.3171e-02  +5.6217e-03  +7.5492e-03        1    +2.6424e-03  1.2907e-02  5.3575e-03  +7.5492e-03  1.0000e-01  
    122    8.1135e-02  1.5625e-02  4.3673e-02  4.3446e-02  +2.2695e-04  +1.2908e-02  +4.2618e-03  +8.6460e-03        1    +1.3853e-03  1.2769e-02  4.1232e-03  +8.6460e-03  1.0000e-01  
    123    4.3673e-02  3.1250e-02  8.4037e-02  8.3334e-02  +7.0309e-04  +1.2718e-02  +6.2051e-03  +6.5130e-03        1    +2.7347e-03  1.2445e-02  5.9316e-03  +6.5130e-03  1.0000e-01  
    124    8.4037e-02  1.5625e-02  4.5151e-02  4.4915e-02  +2.3668e-04  +1.2458e-02  +4.7738e-03  +7.6845e-03        1    +1.3908e-03  1.2319e-02  4.6347e-03  +7.6845e-03  1.0000e-01  
    125    4.5151e-02  3.1250e-02  8.7098e-02  8.6373e-02  +7.2440e-04  +1.2298e-02  +6.7572e-03  +5.5406e-03        1    +2.8395e-03  1.2014e-02  6.4733e-03  +5.5406e-03  1.0000e-01  
    126    8.7098e-02  1.5625e-02  4.6716e-02  4.6469e-02  +2.4700e-04  +1.2041e-02  +5.2516e-03  +6.7890e-03        1    +1.4001e-03  1.1901e-02  5.1116e-03  +6.7890e-03  1.0000e-01  
    127    4.6716e-02  3.1250e-02  9.0304e-02  8.9557e-02  +7.4669e-04  +1.1910e-02  +7.2796e-03  +4.6303e-03        1    +2.9566e-03  1.1614e-02  6.9839e-03  +4.6303e-03  1.0000e-01  
    128    9.0304e-02  1.5625e-02  4.8348e-02  4.8090e-02  +2.5780e-04  +1.1654e-02  +5.6964e-03  +5.9579e-03        1    +1.4132e-03  1.1513e-02  5.5551e-03  +5.9579e-03  1.0000e-01  
    129    4.8348e-02  3.1250e-02  9.3631e-02  9.2861e-02  +7.6978e-04  +1.1553e-02  +7.7725e-03  +3.7810e-03        1    +3.0855e-03  1.1245e-02  7.4640e-03  +3.7810e-03  1.0000e-01  
    130    9.3631e-02  1.5625e-02  5.0032e-02  4.9763e-02  +2.6896e-04  +1.1299e-02  +6.1090e-03  +5.1896e-03        1    +1.4299e-03  1.1156e-02  5.9660e-03  +5.1896e-03  1.0000e-01  
    131    5.0032e-02  3.1250e-02  9.7046e-02  9.6253e-02  +7.9343e-04  +1.1228e-02  +8.2362e-03  +2.9919e-03        1    +3.2252e-03  1.0906e-02  7.9137e-03  +2.9919e-03  1.0000e-01  
    132    9.7046e-02  1.5625e-02  5.1748e-02  5.1468e-02  +2.8033e-04  +1.0973e-02  +6.4903e-03  +4.4829e-03        1    +1.4497e-03  1.0828e-02  6.3453e-03  +4.4829e-03  1.0000e-01  
    133    5.1748e-02  3.1250e-02  1.0051e-01  9.9693e-02  +8.1735e-04  +1.0933e-02  +8.6707e-03  +2.2622e-03        1    +3.3739e-03  1.0595e-02  8.3333e-03  +2.2622e-03  1.0000e-01  
    134    1.0051e-01  1.5625e-02  5.3476e-02  5.3184e-02  +2.9175e-04  +1.0677e-02  +6.8410e-03  +3.8360e-03        1    +1.4721e-03  1.0530e-02  6.6938e-03  +3.8360e-03  1.0000e-01  
    135    5.3476e-02  3.1250e-02  1.0398e-01  1.0314e-01  +8.4121e-04  +1.0667e-02  +9.0760e-03  +1.5908e-03        1    +3.5296e-03  1.0314e-02  8.7230e-03  +1.5908e-03  1.0000e-01  
    136    1.0398e-01  1.5625e-02  5.5187e-02  5.4884e-02  +3.0304e-04  +1.0409e-02  +7.1624e-03  +3.2470e-03        1    +1.4964e-03  1.0260e-02  7.0128e-03  +3.2470e-03  1.0000e-01  
    137    5.5187e-02  1.5625e-02  2.7668e-02  2.7585e-02  +8.2219e-05  +1.0226e-02  +8.1755e-03  +2.0500e-03        1    +9.5990e-04  1.0130e-02  8.0795e-03  +2.0500e-03  1.0000e-01  
    138    2.7668e-02  6.2500e-02  1.3915e-01  1.3824e-01  +9.1208e-04  +1.0147e-02  +7.3835e-03  +2.7631e-03        1    +5.4349e-03  9.6031e-03  6.8400e-03  +2.7631e-03  1.0000e-01  
    139    1.3915e-01  1.5625e-02  6.8494e-02  6.7907e-02  +5.8705e-04  +9.8385e-03  +9.3460e-03  +4.9248e-04        1    +1.9446e-03  9.6440e-03  9.1515e-03  +4.9248e-04  1.0000e-01  
    140    6.8494e-02  1.5625e-02  3.6792e-02  3.6624e-02  +1.6756e-04  +9.6443e-03  +8.1999e-03  +1.4444e-03        1    +1.0448e-03  9.5398e-03  8.0954e-03  +1.4444e-03  1.0000e-01  
    141    3.6792e-02  3.1250e-02  7.0527e-02  6.9926e-02  +6.0100e-04  +9.4951e-03  +9.7892e-03  -2.9409e-04        1    +1.9949e-03  9.2956e-03  9.5897e-03  -2.9409e-04  1.0000e-01  
    142    7.0527e-02  1.5625e-02  3.7833e-02  3.7659e-02  +1.7421e-04  +9.3043e-03  +8.5941e-03  +7.1025e-04        1    +1.0444e-03  9.1999e-03  8.4896e-03  +7.1025e-04  1.0000e-01  
    143    3.7833e-02  3.1250e-02  7.2728e-02  7.2111e-02  +6.1613e-04  +9.1749e-03  +1.0211e-02  -1.0358e-03        1    +2.0544e-03  8.9694e-03  1.0005e-02  -1.0358e-03  1.0000e-01  
    144    7.2728e-02  1.5625e-02  3.8969e-02  3.8787e-02  +1.8151e-04  +8.9868e-03  +8.9634e-03  +2.3360e-05        1    +1.0469e-03  8.8821e-03  8.8587e-03  +2.3360e-05  1.0000e-01  
    145    3.8969e-02  3.1250e-02  7.5096e-02  7.4464e-02  +6.3242e-04  +8.8775e-03  +1.0612e-02  -1.7341e-03        1    +2.1234e-03  8.6652e-03  1.0399e-02  -1.7341e-03  1.0000e-01  
    146    7.5096e-02  1.5625e-02  4.0189e-02  4.0000e-02  +1.8941e-04  +8.6914e-03  +9.3089e-03  -6.1743e-04        1    +1.0523e-03  8.5862e-03  9.2036e-03  -6.1743e-04  1.0000e-01  
    147    4.0189e-02  3.1250e-02  7.7625e-02  7.6976e-02  +6.4979e-04  +8.6028e-03  +1.0993e-02  -2.3898e-03        1    +2.2021e-03  8.3826e-03  1.0772e-02  -2.3898e-03  1.0000e-01  
    148    7.7625e-02  1.5625e-02  4.1489e-02  4.1291e-02  +1.9786e-04  +8.4181e-03  +9.6309e-03  -1.2128e-03        1    +1.0607e-03  8.3120e-03  9.5248e-03  -1.2128e-03  1.0000e-01  
    149    4.1489e-02  3.1250e-02  8.0304e-02  7.9636e-02  +6.6816e-04  +8.3505e-03  +1.1354e-02  -3.0033e-03        1    +2.2906e-03  8.1215e-03  1.1125e-02  -3.0033e-03  1.0000e-01  
    150    8.0304e-02  1.5625e-02  4.2860e-02  4.2653e-02  +2.0680e-04  +8.1665e-03  +9.9298e-03  -1.7633e-03        1    +1.0720e-03  8.0593e-03  9.8226e-03  -1.7633e-03  1.0000e-01  
    151    4.2860e-02  3.1250e-02  8.3116e-02  8.2429e-02  +6.8744e-04  +8.1203e-03  +1.1695e-02  -3.5749e-03        1    +2.3888e-03  7.8814e-03  1.1456e-02  -3.5749e-03  1.0000e-01  
    152    8.3116e-02  1.5625e-02  4.4293e-02  4.4077e-02  +2.1617e-04  +7.9364e-03  +1.0206e-02  -2.2696e-03        1    +1.0863e-03  7.8278e-03  1.0097e-02  -2.2696e-03  1.0000e-01  
    153    4.4293e-02  3.1250e-02  8.6045e-02  8.5338e-02  +7.0747e-04  +7.9120e-03  +1.2017e-02  -4.1049e-03        1    +2.4966e-03  7.6624e-03  1.1767e-02  -4.1049e-03  1.0000e-01  
    154    8.6045e-02  1.5625e-02  4.5779e-02  4.5553e-02  +2.2590e-04  +7.7275e-03  +1.0460e-02  -2.7323e-03        1    +1.1032e-03  7.6172e-03  1.0349e-02  -2.7323e-03  1.0000e-01  
    155    4.5779e-02  3.1250e-02  8.9066e-02  8.8338e-02  +7.2810e-04  +7.7253e-03  +1.2319e-02  -4.5934e-03        1    +2.6134e-03  7.4640e-03  1.2057e-02  -4.5934e-03  1.0000e-01  
    156    8.9066e-02  1.5625e-02  4.7303e-02  4.7067e-02  +2.3588e-04  +7.5397e-03  +1.0692e-02  -3.1519e-03        1    +1.1227e-03  7.4274e-03  1.0579e-02  -3.1519e-03  1.0000e-01  
    157    4.7303e-02  1.5625e-02  2.3745e-02  2.3649e-02  +9.5494e-05  +7.4069e-03  +1.1550e-02  -4.1428e-03        1    +7.2925e-04  7.3339e-03  1.1477e-02  -4.1428e-03  1.0000e-01  
    158    2.3745e-02  6.2500e-02  1.1972e-01  1.1897e-01  +7.5207e-04  +7.3602e-03  +1.0737e-02  -3.3765e-03        1    +4.0433e-03  6.9559e-03  1.0332e-02  -3.3765e-03  1.0000e-01  
    159    1.1972e-01  1.5625e-02  5.9196e-02  5.8679e-02  +5.1780e-04  +7.1387e-03  +1.2472e-02  -5.3330e-03        1    +1.4669e-03  6.9920e-03  1.2325e-02  -5.3330e-03  1.0000e-01  
    160    5.9196e-02  1.5625e-02  3.1876e-02  3.1751e-02  +1.2430e-04  +6.9978e-03  +1.1473e-02  -4.4752e-03        1    +7.9679e-04  6.9181e-03  1.1393e-02  -4.4752e-03  1.0000e-01  
    161    3.1876e-02  3.1250e-02  6.1217e-02  6.0685e-02  +5.3161e-04  +6.8946e-03  +1.2804e-02  -5.9094e-03        1    +1.5131e-03  6.7433e-03  1.2653e-02  -5.9094e-03  1.0000e-01  
    162    6.1217e-02  1.5625e-02  3.2916e-02  3.2785e-02  +1.3099e-04  +6.7559e-03  +1.1759e-02  -5.0034e-03        1    +7.9927e-04  6.6760e-03  1.1679e-02  -5.0034e-03  1.0000e-01  
    163    3.2916e-02  3.1250e-02  6.3410e-02  6.2864e-02  +5.4662e-04  +6.6683e-03  +1.3120e-02  -6.4521e-03        1    +1.5676e-03  6.5115e-03  1.2964e-02  -6.4521e-03  1.0000e-01  
    164    6.3410e-02  1.5625e-02  3.4055e-02  3.3917e-02  +1.3836e-04  +6.5311e-03  +1.2026e-02  -5.4952e-03        1    +8.0428e-04  6.4506e-03  1.1946e-02  -5.4952e-03  1.0000e-01  
    165    3.4055e-02  3.1250e-02  6.5784e-02  6.5221e-02  +5.6286e-04  +6.4596e-03  +1.3422e-02  -6.9623e-03        1    +1.6309e-03  6.2965e-03  1.3259e-02  -6.9623e-03  1.0000e-01  
    166    6.5784e-02  1.5625e-02  3.5286e-02  3.5140e-02  +1.4636e-04  +6.3233e-03  +1.2275e-02  -5.9514e-03        1    +8.1194e-04  6.2422e-03  1.2194e-02  -5.9514e-03  1.0000e-01  
    167    3.5286e-02  3.1250e-02  6.8336e-02  6.7755e-02  +5.8029e-04  +6.2685e-03  +1.3709e-02  -7.4401e-03        1    +1.7036e-03  6.0981e-03  1.3538e-02  -7.4401e-03  1.0000e-01  
    168    6.8336e-02  1.5625e-02  3.6608e-02  3.6453e-02  +1.5497e-04  +6.1327e-03  +1.2505e-02  -6.3720e-03        1    +8.2239e-04  6.0505e-03  1.2422e-02  -6.3720e-03  1.0000e-01  
    169    3.6608e-02  3.1250e-02  7.1062e-02  7.0464e-02  +5.9889e-04  +6.0950e-03  +1.3981e-02  -7.8858e-03        1    +1.7861e-03  5.9164e-03  1.3802e-02  -7.8858e-03  1.0000e-01  
    170    7.1062e-02  1.5625e-02  3.8016e-02  3.7852e-02  +1.6419e-04  +5.9592e-03  +1.2716e-02  -6.7571e-03        1    +8.3572e-04  5.8756e-03  1.2633e-02  -6.7571e-03  1.0000e-01  
    171    3.8016e-02  3.1250e-02  7.3958e-02  7.3339e-02  +6.1862e-04  +5.9394e-03  +1.4238e-02  -8.2990e-03        1    +1.8790e-03  5.7515e-03  1.4050e-02  -8.2990e-03  1.0000e-01  
    172    7.3958e-02  1.5625e-02  3.9507e-02  3.9333e-02  +1.7397e-04  +5.8028e-03  +1.2909e-02  -7.1066e-03        1    +8.5204e-04  5.7176e-03  1.2824e-02  -7.1066e-03  1.0000e-01  
    173    3.9507e-02  3.1250e-02  7.7012e-02  7.6373e-02  +6.3939e-04  +5.8015e-03  +1.4481e-02  -8.6795e-03        1    +1.9826e-03  5.6033e-03  1.4283e-02  -8.6795e-03  1.0000e-01  
    174    7.7012e-02  1.5625e-02  4.1074e-02  4.0890e-02  +1.8427e-04  +5.6637e-03  +1.3084e-02  -7.4204e-03        1    +8.7138e-04  5.5765e-03  1.2997e-02  -7.4204e-03  1.0000e-01  
    175    4.1074e-02  1.5625e-02  2.0723e-02  2.0618e-02  +1.0560e-04  +5.5644e-03  +1.3824e-02  -8.2594e-03        1    +5.7587e-04  5.5068e-03  1.3766e-02  -8.2594e-03  1.0000e-01  
    176    2.0723e-02  6.2500e-02  1.0473e-01  1.0410e-01  +6.3165e-04  +5.5360e-03  +1.3027e-02  -7.4909e-03        1    +3.1126e-03  5.2248e-03  1.2716e-02  -7.4909e-03  1.0000e-01  
    177    1.0473e-01  1.5625e-02  5.2120e-02  5.1654e-02  +4.6648e-04  +5.3710e-03  +1.4578e-02  -9.2073e-03        1    +1.1497e-03  5.2561e-03  1.4463e-02  -9.2073e-03  1.0000e-01  
    178    5.2120e-02  1.5625e-02  2.8200e-02  2.8108e-02  +9.2444e-05  +5.2651e-03  +1.3693e-02  -8.4282e-03        1    +6.3267e-04  5.2018e-03  1.3630e-02  -8.4282e-03  1.0000e-01  
    179    2.8200e-02  3.1250e-02  5.4336e-02  5.3854e-02  +4.8158e-04  +5.1921e-03  +1.4841e-02  -9.6486e-03        1    +1.1978e-03  5.0723e-03  1.4721e-02  -9.6486e-03  1.0000e-01  
    180    5.4336e-02  1.5625e-02  2.9347e-02  2.9247e-02  +9.9900e-05  +5.0873e-03  +1.3907e-02  -8.8202e-03        1    +6.3817e-04  5.0234e-03  1.3844e-02  -8.8202e-03  1.0000e-01  
    181    2.9347e-02  3.1250e-02  5.6738e-02  5.6240e-02  +4.9795e-04  +5.0277e-03  +1.5090e-02  -1.0063e-02        1    +1.2541e-03  4.9023e-03  1.4965e-02  -1.0063e-02  1.0000e-01  
    182    5.6738e-02  1.5625e-02  3.0599e-02  3.0491e-02  +1.0806e-04  +4.9235e-03  +1.4105e-02  -9.1820e-03        1    +6.4616e-04  4.8589e-03  1.4041e-02  -9.1820e-03  1.0000e-01  
    183    3.0599e-02  3.1250e-02  5.9337e-02  5.8822e-02  +5.1564e-04  +4.8780e-03  +1.5329e-02  -1.0451e-02        1    +1.3195e-03  4.7460e-03  1.5197e-02  -1.0451e-02  1.0000e-01  
    184    5.9337e-02  1.5625e-02  3.1953e-02  3.1836e-02  +1.1691e-04  +4.7740e-03  +1.4288e-02  -9.5139e-03        1    +6.5681e-04  4.7083e-03  1.4222e-02  -9.5139e-03  1.0000e-01  
    185    3.1953e-02  3.1250e-02  6.2137e-02  6.1603e-02  +5.3467e-04  +4.7432e-03  +1.5555e-02  -1.0812e-02        1    +1.3948e-03  4.6038e-03  1.5416e-02  -1.0812e-02  1.0000e-01  
    186    6.2137e-02  1.5625e-02  3.3410e-02  3.3283e-02  +1.2647e-04  +4.6389e-03  +1.4454e-02  -9.8156e-03        1    +6.7036e-04  4.5718e-03  1.4387e-02  -9.8156e-03  1.0000e-01  
    187    3.3410e-02  3.1250e-02  6.5140e-02  6.4585e-02  +5.5504e-04  +4.6237e-03  +1.5771e-02  -1.1147e-02        1    +1.4809e-03  4.4756e-03  1.5623e-02  -1.1147e-02  1.0000e-01  
    188    6.5140e-02  1.5625e-02  3.4969e-02  3.4832e-02  +1.3672e-04  +4.5184e-03  +1.4605e-02  -1.0087e-02        1    +6.8700e-04  4.4497e-03  1.4536e-02  -1.0087e-02  1.0000e-01  
    189    3.4969e-02  1.5625e-02  1.7797e-02  1.7682e-02  +1.1440e-04  +4.4404e-03  +1.5237e-02  -1.0797e-02        1    +4.7392e-04  4.3930e-03  1.5190e-02  -1.0797e-02  1.0000e-01  
    190    1.7797e-02  6.2500e-02  8.9776e-02  8.9258e-02  +5.1785e-04  +4.3977e-03  +1.4513e-02  -1.0116e-02        1    +2.3354e-03  4.1642e-03  1.4280e-02  -1.0116e-02  1.0000e-01  
    191    8.9776e-02  1.5625e-02  4.4909e-02  4.4493e-02  +4.1581e-04  +4.2733e-03  +1.5879e-02  -1.1606e-02        1    +9.0062e-04  4.1832e-03  1.5789e-02  -1.1606e-02  1.0000e-01  
    192    4.4909e-02  1.5625e-02  2.4482e-02  2.4420e-02  +6.2614e-05  +4.1906e-03  +1.5119e-02  -1.0928e-02        1    +5.1756e-04  4.1388e-03  1.5067e-02  -1.0928e-02  1.0000e-01  
    193    2.4482e-02  3.1250e-02  4.7221e-02  4.6790e-02  +4.3152e-04  +4.1292e-03  +1.6102e-02  -1.1973e-02        1    +9.4518e-04  4.0347e-03  1.6007e-02  -1.1973e-02  1.0000e-01  
    194    4.7221e-02  1.5625e-02  2.5686e-02  2.5615e-02  +7.0465e-05  +4.0473e-03  +1.5293e-02  -1.1246e-02        1    +5.2367e-04  3.9949e-03  1.5241e-02  -1.1246e-02  1.0000e-01  
    195    2.5686e-02  3.1250e-02  4.9736e-02  4.9287e-02  +4.4860e-04  +3.9977e-03  +1.6315e-02  -1.2317e-02        1    +9.9782e-04  3.8979e-03  1.6215e-02  -1.2317e-02  1.0000e-01  
    196    4.9736e-02  1.5625e-02  2.7002e-02  2.6923e-02  +7.9067e-05  +3.9160e-03  +1.5453e-02  -1.1537e-02        1    +5.3218e-04  3.8628e-03  1.5400e-02  -1.1537e-02  1.0000e-01  
    197    2.7002e-02  3.1250e-02  5.2466e-02  5.1999e-02  +4.6712e-04  +3.8789e-03  +1.6518e-02  -1.2639e-02        1    +1.0595e-03  3.7729e-03  1.6412e-02  -1.2639e-02  1.0000e-01  
    198    5.2466e-02  1.5625e-02  2.8431e-02  2.8343e-02  +8.8436e-05  +3.7971e-03  +1.5600e-02  -1.1803e-02        1    +5.4335e-04  3.7427e-03  1.5546e-02  -1.1803e-02  1.0000e-01  
    199    2.8431e-02  3.1250e-02  5.5424e-02  5.4937e-02  +4.8714e-04  +3.7731e-03  +1.6713e-02  -1.2939e-02        1    +1.1315e-03  3.6600e-03  1.6599e-02  -1.2939e-02  1.0000e-01  
    200    5.5424e-02  1.5625e-02  2.9978e-02  2.9880e-02  +9.8602e-05  +3.6907e-03  +1.5732e-02  -1.2042e-02        1    +5.5749e-04  3.6350e-03  1.5677e-02  -1.2042e-02  1.0000e-01  
    201    2.9978e-02  3.1250e-02  5.8616e-02  5.8108e-02  +5.0871e-04  +3.6810e-03  +1.6898e-02  -1.3217e-02        1    +1.2149e-03  3.5595e-03  1.6776e-02  -1.3217e-02  1.0000e-01  
    202    5.8616e-02  1.5625e-02  3.1647e-02  3.1537e-02  +1.0959e-04  +3.5974e-03  +1.5850e-02  -1.2253e-02        1    +5.7492e-04  3.5399e-03  1.5793e-02  -1.2253e-02  1.0000e-01  
    203    3.1647e-02  1.5625e-02  1.6199e-02  1.6379e-02  -1.7919e-04  +3.5353e-03  +1.6419e-02  -1.2883e-02        1    +4.0117e-04  3.4952e-03  1.6379e-02  -1.2883e-02  1.0000e-01  
    204    1.6199e-02  6.2500e-02  8.1956e-02  8.1500e-02  +4.5624e-04  +3.5105e-03  +1.5714e-02  -1.2204e-02        1    +1.9533e-03  3.3151e-03  1.5519e-02  -1.2204e-02  1.0000e-01  
    205    8.1956e-02  1.5625e-02  4.1279e-02  4.0889e-02  +3.9045e-04  +3.4106e-03  +1.6974e-02  -1.3563e-02        1    +7.6302e-04  3.3343e-03  1.6898e-02  -1.3563e-02  1.0000e-01  
    206    4.1279e-02  1.5625e-02  2.2616e-02  2.2570e-02  +4.6315e-05  +3.3443e-03  +1.6270e-02  -1.2926e-02        1    +4.4125e-04  3.3001e-03  1.6226e-02  -1.2926e-02  1.0000e-01  
    207    2.2616e-02  3.1250e-02  4.3803e-02  4.3395e-02  +4.0751e-04  +3.2998e-03  +1.7162e-02  -1.3862e-02        1    +8.0970e-04  3.2188e-03  1.7081e-02  -1.3862e-02  1.0000e-01  
    208    4.3803e-02  1.5625e-02  2.3935e-02  2.3880e-02  +5.4939e-05  +3.2337e-03  +1.6407e-02  -1.3173e-02        1    +4.4919e-04  3.1888e-03  1.6362e-02  -1.3173e-02  1.0000e-01  
    209    2.3935e-02  3.1250e-02  4.6550e-02  4.6124e-02  +4.2607e-04  +3.2001e-03  +1.7342e-02  -1.4142e-02        1    +8.6504e-04  3.1136e-03  1.7255e-02  -1.4142e-02  1.0000e-01  
    210    4.6550e-02  1.5625e-02  2.5377e-02  2.5313e-02  +6.4385e-05  +3.1338e-03  +1.6530e-02  -1.3396e-02        1    +4.5968e-04  3.0878e-03  1.6484e-02  -1.3396e-02  1.0000e-01  
    211    2.5377e-02  3.1250e-02  4.9539e-02  4.9092e-02  +4.4622e-04  +3.1119e-03  +1.7514e-02  -1.4402e-02        1    +9.3034e-04  3.0189e-03  1.7421e-02  -1.4402e-02  1.0000e-01  
    212    4.9539e-02  1.5625e-02  2.6947e-02  2.6873e-02  +7.4689e-05  +3.0449e-03  +1.6641e-02  -1.3596e-02        1    +4.7305e-04  2.9976e-03  1.6594e-02  -1.3596e-02  1.0000e-01  
    213    2.6947e-02  3.1250e-02  5.2784e-02  5.2316e-02  +4.6806e-04  +3.0358e-03  +1.7679e-02  -1.4643e-02        1    +1.0070e-03  2.9351e-03  1.7578e-02  -1.4643e-02  1.0000e-01  
    214    5.2784e-02  1.5625e-02  2.8651e-02  2.8566e-02  +8.5893e-05  +2.9677e-03  +1.6739e-02  -1.3772e-02        1    +4.8970e-04  2.9187e-03  1.6690e-02  -1.3772e-02  1.0000e-01  
    215    2.8651e-02  1.5625e-02  1.4752e-02  1.7218e-02  -2.4660e-03  +2.9167e-03  +1.7253e-02  -1.4336e-02        1    +3.4787e-04  2.8819e-03  1.7218e-02  -1.4336e-02  1.0000e-01  
    216    1.4752e-02  6.2500e-02  7.4722e-02  7.4321e-02  +4.0097e-04  +2.8976e-03  +1.6582e-02  -1.3685e-02        1    +1.6380e-03  2.7338e-03  1.6419e-02  -1.3685e-02  1.0000e-01  
    217    7.4722e-02  1.5625e-02  3.7837e-02  3.7470e-02  +3.6682e-04  +2.8159e-03  +1.7744e-02  -1.4928e-02        1    +6.5265e-04  2.7507e-03  1.7679e-02  -1.4928e-02  1.0000e-01  
    218    3.7837e-02  1.5625e-02  2.0833e-02  2.0802e-02  +3.1480e-05  +2.7612e-03  +1.7097e-02  -1.4336e-02        1    +3.8340e-04  2.7229e-03  1.7058e-02  -1.4336e-02  1.0000e-01  
    219    2.0833e-02  3.1250e-02  4.0461e-02  4.0077e-02  +3.8449e-04  +2.7263e-03  +1.7908e-02  -1.5182e-02        1    +6.9819e-04  2.6565e-03  1.7839e-02  -1.5182e-02  1.0000e-01  
    220    4.0461e-02  1.5625e-02  2.2210e-02  2.2169e-02  +4.0478e-05  +2.6716e-03  +1.7208e-02  -1.4537e-02        1    +3.9193e-04  2.6324e-03  1.7169e-02  -1.4537e-02  1.0000e-01  
    221    2.2210e-02  3.1250e-02  4.3326e-02  4.2922e-02  +4.0375e-04  +2.6467e-03  +1.8066e-02  -1.5419e-02        1    +7.5261e-04  2.5714e-03  1.7991e-02  -1.5419e-02  1.0000e-01  
    222    4.3326e-02  1.5625e-02  2.3719e-02  2.3669e-02  +5.0355e-05  +2.5915e-03  +1.7308e-02  -1.4717e-02        1    +4.0305e-04  2.5512e-03  1.7268e-02  -1.4717e-02  1.0000e-01  
    223    2.3719e-02  3.1250e-02  4.6454e-02  4.6029e-02  +4.2474e-04  +2.5775e-03  +1.8218e-02  -1.5640e-02        1    +8.1736e-04  2.4958e-03  1.8136e-02  -1.5640e-02  1.0000e-01  
    224    4.6454e-02  1.5625e-02  2.5368e-02  2.5306e-02  +6.1163e-05  +2.5215e-03  +1.7397e-02  -1.4875e-02        1    +4.1716e-04  2.4798e-03  1.7355e-02  -1.4875e-02  1.0000e-01  
    225    2.5368e-02  3.1250e-02  4.9863e-02  4.9415e-02  +4.4758e-04  +2.5196e-03  +1.8363e-02  -1.5844e-02        1    +8.9411e-04  2.4302e-03  1.8274e-02  -1.5844e-02  1.0000e-01  
    226    4.9863e-02  1.5625e-02  2.7164e-02  2.7091e-02  +7.2961e-05  +2.4622e-03  +1.7473e-02  -1.5011e-02        1    +4.3472e-04  2.4188e-03  1.7430e-02  -1.5011e-02  1.0000e-01  
    227    2.7164e-02  1.5625e-02  1.4030e-02  1.7925e-02  -3.8950e-03  +2.4197e-03  +1.7956e-02  -1.5536e-02        1    +3.0760e-04  2.3889e-03  1.7925e-02  -1.5536e-02  1.0000e-01  
    228    1.4030e-02  6.2500e-02  7.1364e-02  7.0991e-02  +3.7325e-04  +2.4176e-03  +1.7287e-02  -1.4870e-02        1    +1.4860e-03  2.2690e-03  1.7139e-02  -1.4870e-02  1.0000e-01  
    229    7.1364e-02  1.5625e-02  3.6355e-02  3.5998e-02  +3.5670e-04  +2.3475e-03  +1.8400e-02  -1.6052e-02        1    +5.8996e-04  2.2885e-03  1.8341e-02  -1.6052e-02  1.0000e-01  
    230    3.6355e-02  1.5625e-02  2.0065e-02  2.0042e-02  +2.3876e-05  +2.3011e-03  +1.7773e-02  -1.5472e-02        1    +3.4291e-04  2.2668e-03  1.7739e-02  -1.5472e-02  1.0000e-01  
    231    2.0065e-02  3.1250e-02  3.9151e-02  3.8776e-02  +3.7542e-04  +2.2773e-03  +1.8544e-02  -1.6267e-02        1    +6.3785e-04  2.2135e-03  1.8480e-02  -1.6267e-02  1.0000e-01  
    232    3.9151e-02  1.5625e-02  2.1537e-02  2.1504e-02  +3.3491e-05  +2.2307e-03  +1.7862e-02  -1.5631e-02        1    +3.5284e-04  2.1954e-03  1.7826e-02  -1.5631e-02  1.0000e-01  
    233    2.1537e-02  3.1250e-02  4.2212e-02  4.1816e-02  +3.9589e-04  +2.2165e-03  +1.8683e-02  -1.6466e-02        1    +6.9539e-04  2.1470e-03  1.8613e-02  -1.6466e-02  1.0000e-01  
    234    4.2212e-02  1.5625e-02  2.3154e-02  2.3110e-02  +4.4065e-05  +2.1691e-03  +1.7939e-02  -1.5770e-02        1    +3.6557e-04  2.1326e-03  1.7903e-02  -1.5770e-02  1.0000e-01  
    235    2.3154e-02  3.1250e-02  4.5562e-02  4.5144e-02  +4.1825e-04  +2.1657e-03  +1.8817e-02  -1.6651e-02        1    +7.6429e-04  2.0893e-03  1.8740e-02  -1.6651e-02  1.0000e-01  
    236    4.5562e-02  1.5625e-02  2.4925e-02  2.4869e-02  +5.5661e-05  +2.1171e-03  +1.8006e-02  -1.5889e-02        1    +3.8158e-04  2.0790e-03  1.7968e-02  -1.5889e-02  1.0000e-01  
    237    2.4925e-02  1.5625e-02  1.2935e-02  1.8421e-02  -5.4864e-03  +2.0807e-03  +1.8449e-02  -1.6368e-02        1    +2.7489e-04  2.0532e-03  1.8421e-02  -1.6368e-02  1.0000e-01  
    238    1.2935e-02  6.2500e-02  6.5811e-02  6.5479e-02  +3.3189e-04  +2.0776e-03  +1.7817e-02  -1.5740e-02        1    +1.2768e-03  1.9500e-03  1.7690e-02  -1.5740e-02  1.0000e-01  
    239    6.5811e-02  1.5625e-02  3.3651e-02  3.3312e-02  +3.3853e-04  +2.0182e-03  +1.8853e-02  -1.6834e-02        1    +5.1717e-04  1.9665e-03  1.8801e-02  -1.6834e-02  1.0000e-01  
    240    3.3651e-02  1.5625e-02  1.8645e-02  1.8632e-02  +1.2445e-05  +1.9786e-03  +1.8272e-02  -1.6294e-02        1    +3.0608e-04  1.9480e-03  1.8242e-02  -1.6294e-02  1.0000e-01  
    241    1.8645e-02  3.1250e-02  3.6444e-02  3.6087e-02  +3.5717e-04  +1.9585e-03  +1.8984e-02  -1.7025e-02        1    +5.6189e-04  1.9023e-03  1.8927e-02  -1.7025e-02  1.0000e-01  
    242    3.6444e-02  1.5625e-02  2.0119e-02  2.0097e-02  +2.2055e-05  +1.9185e-03  +1.8348e-02  -1.6430e-02        1    +3.1565e-04  1.8869e-03  1.8316e-02  -1.6430e-02  1.0000e-01  
    243    2.0119e-02  3.1250e-02  3.9511e-02  3.9133e-02  +3.7760e-04  +1.9073e-03  +1.9110e-02  -1.7203e-02        1    +6.1604e-04  1.8457e-03  1.9049e-02  -1.7203e-02  1.0000e-01  
    244    3.9511e-02  1.5625e-02  2.1744e-02  2.1711e-02  +3.2655e-05  +1.8666e-03  +1.8414e-02  -1.6547e-02        1    +3.2797e-04  1.8338e-03  1.8381e-02  -1.6547e-02  1.0000e-01  
    245    2.1744e-02  3.1250e-02  4.2879e-02  4.2479e-02  +4.0000e-04  +1.8654e-03  +1.9233e-02  -1.7367e-02        1    +6.8141e-04  1.7972e-03  1.9164e-02  -1.7367e-02  1.0000e-01  
    246    4.2879e-02  1.5625e-02  2.3529e-02  2.3485e-02  +4.4321e-05  +1.8234e-03  +1.8469e-02  -1.6646e-02        1    +3.4354e-04  1.7890e-03  1.8435e-02  -1.6646e-02  1.0000e-01  
    247    2.3529e-02  1.5625e-02  1.2249e-02  1.8861e-02  -6.6120e-03  +1.7920e-03  +1.8886e-02  -1.7094e-02        1    +2.4869e-04  1.7671e-03  1.8861e-02  -1.7094e-02  1.0000e-01  
    248    1.2249e-02  3.1250e-02  2.5445e-02  2.5388e-02  +5.6868e-05  +1.7538e-03  +1.8551e-02  -1.6797e-02        1    +3.6236e-04  1.7176e-03  1.8515e-02  -1.6797e-02  1.0000e-01  
    249    2.5445e-02  1.5625e-02  1.3199e-02  1.8972e-02  -5.7730e-03  +1.7230e-03  +1.8997e-02  -1.7274e-02        1    +2.5124e-04  1.6979e-03  1.8972e-02  -1.7274e-02  1.0000e-01  
    250    1.3199e-02  3.1250e-02  2.7566e-02  2.7496e-02  +7.0770e-05  +1.6901e-03  +1.8624e-02  -1.6934e-02        1    +3.8581e-04  1.6516e-03  1.8586e-02  -1.6934e-02  1.0000e-01  
    251    2.7566e-02  1.5625e-02  1.4251e-02  1.9077e-02  -4.8260e-03  +1.6596e-03  +1.9102e-02  -1.7443e-02        1    +2.5517e-04  1.6341e-03  1.9077e-02  -1.7443e-02  1.0000e-01  
    252    1.4251e-02  3.1250e-02  2.9911e-02  2.9825e-02  +8.6154e-05  +1.6326e-03  +1.8690e-02  -1.7057e-02        1    +4.1482e-04  1.5911e-03  1.8648e-02  -1.7057e-02  1.0000e-01  
    253    2.9911e-02  1.5625e-02  1.5415e-02  1.9177e-02  -3.7622e-03  +1.6022e-03  +1.9204e-02  -1.7601e-02        1    +2.6075e-04  1.5761e-03  1.9177e-02  -1.7601e-02  1.0000e-01  
    254    1.5415e-02  3.1250e-02  3.2502e-02  3.2399e-02  +1.0317e-04  +1.5815e-03  +1.8747e-02  -1.7165e-02        1    +4.5050e-04  1.5365e-03  1.8702e-02  -1.7165e-02  1.0000e-01  
    255    3.2502e-02  1.5625e-02  1.6702e-02  1.9273e-02  -2.5707e-03  +1.5509e-03  +1.9300e-02  -1.7749e-02        1    +2.6830e-04  1.5241e-03  1.9273e-02  -1.7749e-02  1.0000e-01  
    256    1.6702e-02  3.1250e-02  3.5363e-02  3.5241e-02  +1.2198e-04  +1.5374e-03  +1.8795e-02  -1.7258e-02        1    +4.9423e-04  1.4880e-03  1.8746e-02  -1.7258e-02  1.0000e-01  
    257    3.5363e-02  1.5625e-02  1.8124e-02  1.9363e-02  -1.2393e-03  +1.5063e-03  +1.9391e-02  -1.7885e-02        1    +2.7819e-04  1.4785e-03  1.9363e-02  -1.7885e-02  1.0000e-01  
    258    1.8124e-02  3.1250e-02  3.8520e-02  3.8377e-02  +1.4275e-04  +1.5009e-03  +1.8834e-02  -1.7333e-02        1    +5.4763e-04  1.4461e-03  1.8780e-02  -1.7333e-02  1.0000e-01  
    259    3.8520e-02  1.5625e-02  1.9693e-02  1.9574e-02  +1.1866e-04  +1.4690e-03  +1.9477e-02  -1.8008e-02        1    +2.9088e-04  1.4399e-03  1.9448e-02  -1.8008e-02  1.0000e-01  
    260    1.9693e-02  1.5625e-02  1.1197e-02  1.9129e-02  -7.9324e-03  +1.4433e-03  +1.9151e-02  -1.7708e-02        1    +2.1782e-04  1.4215e-03  1.9129e-02  -1.7708e-02  1.0000e-01  
    261    1.1197e-02  3.1250e-02  2.1469e-02  2.1320e-02  +1.4892e-04  +1.4134e-03  +1.9584e-02  -1.8171e-02        1    +3.0703e-04  1.3827e-03  1.9554e-02  -1.8171e-02  1.0000e-01  
    262    2.1469e-02  1.5625e-02  1.2194e-02  1.9201e-02  -7.0070e-03  +1.3881e-03  +1.9223e-02  -1.7835e-02        1    +2.2008e-04  1.3661e-03  1.9201e-02  -1.7835e-02  1.0000e-01  
    263    1.2194e-02  3.1250e-02  2.3557e-02  2.3285e-02  +2.7163e-04  +1.3628e-03  +1.9689e-02  -1.8326e-02        1    +3.2747e-04  1.3301e-03  1.9657e-02  -1.8326e-02  1.0000e-01  
    264    2.3557e-02  1.5625e-02  1.3304e-02  1.9266e-02  -5.9616e-03  +1.3377e-03  +1.9288e-02  -1.7950e-02        1    +2.2364e-04  1.3153e-03  1.9266e-02  -1.7950e-02  1.0000e-01  
    265    1.3304e-02  3.1250e-02  2.5874e-02  2.5587e-02  +2.8703e-04  +1.3175e-03  +1.9792e-02  -1.8475e-02        1    +3.5313e-04  1.2821e-03  1.9757e-02  -1.8475e-02  1.0000e-01  
    266    2.5874e-02  1.5625e-02  1.4539e-02  1.9324e-02  -4.7846e-03  +1.2923e-03  +1.9347e-02  -1.8054e-02        1    +2.2876e-04  1.2694e-03  1.9324e-02  -1.8054e-02  1.0000e-01  
    267    1.4539e-02  3.1250e-02  2.8449e-02  2.8145e-02  +3.0409e-04  +1.2777e-03  +1.9893e-02  -1.8615e-02        1    +3.8517e-04  1.2392e-03  1.9855e-02  -1.8615e-02  1.0000e-01  
    268    2.8449e-02  1.5625e-02  1.5913e-02  1.9375e-02  -3.4620e-03  +1.2522e-03  +1.9398e-02  -1.8146e-02        1    +2.3577e-04  1.2287e-03  1.9375e-02  -1.8146e-02  1.0000e-01  
    269    1.5913e-02  3.1250e-02  3.1309e-02  3.0986e-02  +3.2301e-04  +1.2441e-03  +1.9992e-02  -1.8748e-02        1    +4.2502e-04  1.2016e-03  1.9950e-02  -1.8748e-02  1.0000e-01  
    270    3.1309e-02  1.5625e-02  1.7440e-02  1.9418e-02  -1.9781e-03  +1.2180e-03  +1.9443e-02  -1.8225e-02        1    +2.4507e-04  1.1935e-03  1.9418e-02  -1.8225e-02  1.0000e-01  
    271    1.7440e-02  3.1250e-02  3.4486e-02  3.4142e-02  +3.4397e-04  +1.2173e-03  +2.0090e-02  -1.8873e-02        1    +4.7441e-04  1.1698e-03  2.0043e-02  -1.8873e-02  1.0000e-01  
    272    3.4486e-02  1.5625e-02  1.9137e-02  1.9453e-02  -3.1582e-04  +1.1903e-03  +1.9479e-02  -1.8289e-02        1    +2.5717e-04  1.1646e-03  1.9453e-02  -1.8289e-02  1.0000e-01  
    273    1.9137e-02  1.5625e-02  1.0083e-02  1.9797e-02  -9.7139e-03  +1.1700e-03  +1.9817e-02  -1.8647e-02        1    +1.9495e-04  1.1505e-03  1.9797e-02  -1.8647e-02  1.0000e-01  
    274    1.0083e-02  3.1250e-02  2.0995e-02  2.0972e-02  +2.3128e-05  +1.1456e-03  +1.9531e-02  -1.8385e-02        1    +2.7238e-04  1.1184e-03  1.9504e-02  -1.8385e-02  1.0000e-01  
    275    2.0995e-02  1.5625e-02  1.1012e-02  1.9878e-02  -8.8657e-03  +1.1256e-03  +1.9898e-02  -1.8772e-02        1    +1.9733e-04  1.1058e-03  1.9878e-02  -1.8772e-02  1.0000e-01  
    276    1.1012e-02  3.1250e-02  2.3069e-02  2.3032e-02  +3.6622e-05  +1.1052e-03  +1.9577e-02  -1.8472e-02        1    +2.9175e-04  1.0760e-03  1.9548e-02  -1.8472e-02  1.0000e-01  
    277    2.3069e-02  1.5625e-02  1.2051e-02  1.9956e-02  -7.9052e-03  +1.0852e-03  +1.9976e-02  -1.8891e-02        1    +2.0096e-04  1.0651e-03  1.9956e-02  -1.8891e-02  1.0000e-01  
    278    1.2051e-02  3.1250e-02  2.5381e-02  2.5329e-02  +5.1685e-05  +1.0693e-03  +1.9616e-02  -1.8547e-02        1    +3.1624e-04  1.0376e-03  1.9584e-02  -1.8547e-02  1.0000e-01  
    279    2.5381e-02  1.5625e-02  1.3209e-02  2.0031e-02  -6.8212e-03  +1.0492e-03  +2.0051e-02  -1.9002e-02        1    +2.0610e-04  1.0286e-03  2.0031e-02  -1.9002e-02  1.0000e-01  
    280    1.3209e-02  3.1250e-02  2.7959e-02  2.7890e-02  +6.8494e-05  +1.0383e-03  +1.9648e-02  -1.8610e-02        1    +3.4701e-04  1.0036e-03  1.9613e-02  -1.8610e-02  1.0000e-01  
    281    2.7959e-02  1.5625e-02  1.4502e-02  2.0102e-02  -5.6000e-03  +1.0180e-03  +2.0123e-02  -1.9105e-02        1    +2.1311e-04  9.9667e-04  2.0102e-02  -1.9105e-02  1.0000e-01  
    282    1.4502e-02  3.1250e-02  3.0831e-02  3.0744e-02  +8.7247e-05  +1.0129e-03  +1.9672e-02  -1.8660e-02        1    +3.8554e-04  9.7433e-04  1.9634e-02  -1.8660e-02  1.0000e-01  
    283    3.0831e-02  1.5625e-02  1.5944e-02  2.0170e-02  -4.2264e-03  +9.9197e-04  +2.0192e-02  -1.9200e-02        1    +2.2239e-04  9.6973e-04  2.0170e-02  -1.9200e-02  1.0000e-01  
    284    1.5944e-02  1.5625e-02  9.1286e-03  1.9911e-02  -1.0782e-02  +9.7480e-04  +1.9928e-02  -1.8953e-02        1    +1.7512e-04  9.5729e-04  1.9911e-02  -1.8953e-02  1.0000e-01  
    285    9.1286e-03  3.1250e-02  1.7556e-02  2.0252e-02  -2.6955e-03  +9.5462e-04  +2.0275e-02  -1.9321e-02        1    +2.3450e-04  9.3117e-04  2.0252e-02  -1.9321e-02  1.0000e-01  
    286    1.7556e-02  1.5625e-02  1.0054e-02  1.9961e-02  -9.9071e-03  +9.3767e-04  +1.9979e-02  -1.9041e-02        1    +1.7688e-04  9.1998e-04  1.9961e-02  -1.9041e-02  1.0000e-01  
    287    1.0054e-02  3.1250e-02  1.9438e-02  2.0332e-02  -8.9437e-04  +9.2084e-04  +2.0357e-02  -1.9436e-02        1    +2.5016e-04  8.9582e-04  2.0332e-02  -1.9436e-02  1.0000e-01  
    288    1.9438e-02  1.5625e-02  1.1092e-02  2.0006e-02  -8.9144e-03  +9.0395e-04  +2.0024e-02  -1.9120e-02        1    +1.7972e-04  8.8598e-04  2.0006e-02  -1.9120e-02  1.0000e-01  
    289    1.1092e-02  3.1250e-02  2.1609e-02  2.1350e-02  +2.5948e-04  +8.9090e-04  +2.0438e-02  -1.9547e-02        1    +2.7024e-04  8.6387e-04  2.0411e-02  -1.9547e-02  1.0000e-01  
    290    2.1609e-02  1.5625e-02  1.2256e-02  2.0046e-02  -7.7908e-03  +8.7391e-04  +2.0065e-02  -1.9191e-02        1    +1.8389e-04  8.5552e-04  2.0046e-02  -1.9191e-02  1.0000e-01  
    291    1.2256e-02  3.1250e-02  2.4040e-02  2.3765e-02  +2.7547e-04  +8.6518e-04  +2.0519e-02  -1.9654e-02        1    +2.9582e-04  8.3560e-04  2.0489e-02  -1.9654e-02  1.0000e-01  
    292    2.4040e-02  1.5625e-02  1.3560e-02  2.0081e-02  -6.5207e-03  +8.4789e-04  +2.0100e-02  -1.9252e-02        1    +1.8969e-04  8.2892e-04  2.0081e-02  -1.9252e-02  1.0000e-01  
    293    1.3560e-02  3.1250e-02  2.6762e-02  2.6469e-02  +2.9335e-04  +8.4418e-04  +2.0599e-02  -1.9755e-02        1    +3.2824e-04  8.1136e-04  2.0566e-02  -1.9755e-02  1.0000e-01  
    294    2.6762e-02  1.5625e-02  1.5022e-02  2.0109e-02  -5.0866e-03  +8.2635e-04  +2.0128e-02  -1.9302e-02        1    +1.9752e-04  8.0660e-04  2.0109e-02  -1.9302e-02  1.0000e-01  
    295    1.5022e-02  1.5625e-02  8.0160e-03  2.0378e-02  -1.2362e-02  +8.1250e-04  +2.0394e-02  -1.9582e-02        1    +1.5948e-04  7.9655e-04  2.0378e-02  -1.9582e-02  1.0000e-01  
    296    8.0160e-03  6.2500e-02  4.0701e-02  4.0551e-02  +1.5022e-04  +8.1034e-04  +1.9961e-02  -1.9151e-02        1    +5.4133e-04  7.5621e-04  1.9907e-02  -1.9151e-02  1.0000e-01  
    297    4.0701e-02  1.5625e-02  2.1180e-02  2.0923e-02  +2.5692e-04  +7.8860e-04  +2.0628e-02  -1.9840e-02        1    +2.5597e-04  7.6300e-04  2.0603e-02  -1.9840e-02  1.0000e-01  
    298    2.1180e-02  1.5625e-02  1.2020e-02  2.0244e-02  -8.2238e-03  +7.7336e-04  +2.0261e-02  -1.9488e-02        1    +1.7331e-04  7.5603e-04  2.0244e-02  -1.9488e-02  1.0000e-01  
    299    1.2020e-02  3.1250e-02  2.3642e-02  2.3369e-02  +2.7306e-04  +7.6716e-04  +2.0704e-02  -1.9937e-02        1    +2.8158e-04  7.3900e-04  2.0676e-02  -1.9937e-02  1.0000e-01  
    300    2.3642e-02  1.5625e-02  1.3341e-02  2.0273e-02  -6.9315e-03  +7.5157e-04  +2.0291e-02  -1.9539e-02        1    +1.7930e-04  7.3364e-04  2.0273e-02  -1.9539e-02  1.0000e-01  
    301    1.3341e-02  3.1250e-02  2.6403e-02  2.6112e-02  +2.9114e-04  +7.5024e-04  +2.0780e-02  -2.0030e-02        1    +3.1418e-04  7.1882e-04  2.0748e-02  -2.0030e-02  1.0000e-01  
    302    2.6403e-02  1.5625e-02  1.4827e-02  2.0295e-02  -5.4689e-03  +7.3406e-04  +2.0314e-02  -1.9580e-02        1    +1.8737e-04  7.1533e-04  2.0295e-02  -1.9580e-02  1.0000e-01  
    303    1.4827e-02  1.5625e-02  7.9112e-03  2.0560e-02  -1.2649e-02  +7.2168e-04  +2.0575e-02  -1.9854e-02        1    +1.5034e-04  7.0665e-04  2.0560e-02  -1.9854e-02  1.0000e-01  
    304    7.9112e-03  3.1250e-02  1.6480e-02  2.0326e-02  -3.8467e-03  +7.0669e-04  +2.0346e-02  -1.9639e-02        1    +1.9790e-04  6.8690e-04  2.0326e-02  -1.9639e-02  1.0000e-01  
    305    1.6480e-02  1.5625e-02  8.7458e-03  2.0619e-02  -1.1873e-02  +6.9446e-04  +2.0634e-02  -1.9939e-02        1    +1.5203e-04  6.7925e-04  2.0619e-02  -1.9939e-02  1.0000e-01  
    306    8.7458e-03  3.1250e-02  1.8341e-02  2.0352e-02  -2.0111e-03  +6.8215e-04  +2.0373e-02  -1.9691e-02        1    +2.1165e-04  6.6099e-04  2.0352e-02  -1.9691e-02  1.0000e-01  
    307    1.8341e-02  1.5625e-02  9.6865e-03  2.0675e-02  -1.0989e-02  +6.6995e-04  +2.0691e-02  -2.0021e-02        1    +1.5470e-04  6.5448e-04  2.0675e-02  -2.0021e-02  1.0000e-01  
    308    9.6865e-03  3.1250e-02  2.0435e-02  2.0420e-02  +1.5078e-05  +6.6072e-04  +2.0395e-02  -1.9734e-02        1    +2.2945e-04  6.3777e-04  2.0372e-02  -1.9734e-02  1.0000e-01  
    309    2.0435e-02  1.5625e-02  1.0746e-02  2.0730e-02  -9.9845e-03  +6.4841e-04  +2.0746e-02  -2.0098e-02        1    +1.5859e-04  6.3255e-04  2.0730e-02  -2.0098e-02  1.0000e-01  
    310    1.0746e-02  3.1250e-02  2.2792e-02  2.2762e-02  +3.0313e-05  +6.4275e-04  +2.0411e-02  -1.9768e-02        1    +2.5234e-04  6.1752e-04  2.0386e-02  -1.9768e-02  1.0000e-01  
    311    2.2792e-02  1.5625e-02  1.1939e-02  2.0784e-02  -8.8447e-03  +6.3016e-04  +2.0800e-02  -2.0170e-02        1    +1.6398e-04  6.1377e-04  2.0784e-02  -2.0170e-02  1.0000e-01  
    312    1.1939e-02  3.1250e-02  2.5444e-02  2.5396e-02  +4.7472e-05  +6.2875e-04  +2.0421e-02  -1.9792e-02        1    +2.8165e-04  6.0058e-04  2.0393e-02  -1.9792e-02  1.0000e-01  
    313    2.5444e-02  1.5625e-02  1.3282e-02  2.0835e-02  -7.5528e-03  +6.1567e-04  +2.0852e-02  -2.0236e-02        1    +1.7128e-04  5.9855e-04  2.0835e-02  -2.0236e-02  1.0000e-01  
    314    1.3282e-02  1.5625e-02  7.6534e-03  2.0615e-02  -1.2962e-02  +6.0497e-04  +2.0629e-02  -2.0024e-02        1    +1.3879e-04  5.9109e-04  2.0615e-02  -2.0024e-02  1.0000e-01  
    315    7.6534e-03  3.1250e-02  1.4797e-02  2.0896e-02  -6.0995e-03  +5.9343e-04  +2.0914e-02  -2.0321e-02        1    +1.8097e-04  5.7533e-04  2.0896e-02  -2.0321e-02  1.0000e-01  
    316    1.4797e-02  1.5625e-02  8.5251e-03  2.0648e-02  -1.2123e-02  +5.8279e-04  +2.0662e-02  -2.0079e-02        1    +1.4042e-04  5.6875e-04  2.0648e-02  -2.0079e-02  1.0000e-01  
    317    8.5251e-03  3.1250e-02  1.6564e-02  2.0957e-02  -4.3926e-03  +5.7371e-04  +2.0976e-02  -2.0403e-02        1    +1.9373e-04  5.5434e-04  2.0957e-02  -2.0403e-02  1.0000e-01  
    318    1.6564e-02  1.5625e-02  9.5104e-03  2.0676e-02  -1.1166e-02  +5.6302e-04  +2.0690e-02  -2.0127e-02        1    +1.4298e-04  5.4872e-04  2.0676e-02  -2.0127e-02  1.0000e-01  
    319    9.5104e-03  3.1250e-02  1.8629e-02  2.1018e-02  -2.3891e-03  +5.5679e-04  +2.1039e-02  -2.0482e-02        1    +2.1035e-04  5.3575e-04  2.1018e-02  -2.0482e-02  1.0000e-01  
    320    1.8629e-02  1.5625e-02  1.0624e-02  2.0700e-02  -1.0076e-02  +5.4592e-04  +2.0715e-02  -2.0169e-02        1    +1.4669e-04  5.3125e-04  2.0700e-02  -2.0169e-02  1.0000e-01  
    321    1.0624e-02  3.1250e-02  2.0959e-02  2.1079e-02  -1.2038e-04  +5.4304e-04  +2.1102e-02  -2.0559e-02        1    +2.3188e-04  5.1985e-04  2.1079e-02  -2.0559e-02  1.0000e-01  
    322    2.0959e-02  1.5625e-02  1.1881e-02  2.0719e-02  -8.8384e-03  +5.3182e-04  +2.0735e-02  -2.0203e-02        1    +1.5188e-04  5.1663e-04  2.0719e-02  -2.0203e-02  1.0000e-01  
    323    1.1881e-02  1.5625e-02  6.4068e-03  2.0931e-02  -1.4525e-02  +5.2300e-04  +2.0944e-02  -2.0421e-02        1    +1.2823e-04  5.1018e-04  2.0931e-02  -2.0421e-02  1.0000e-01  
    324    6.4068e-03  6.2500e-02  3.2449e-02  3.2357e-02  +9.1780e-05  +5.2126e-04  +2.0589e-02  -2.0068e-02        1    +3.7040e-04  4.8422e-04  2.0552e-02  -2.0068e-02  1.0000e-01  
    325    3.2449e-02  1.5625e-02  1.6969e-02  2.1109e-02  -4.1394e-03  +5.0766e-04  +2.1128e-02  -2.0620e-02        1    +1.9018e-04  4.8864e-04  2.1109e-02  -2.0620e-02  1.0000e-01  
    326    1.6969e-02  1.5625e-02  9.7190e-03  2.0819e-02  -1.1100e-02  +4.9794e-04  +2.0833e-02  -2.0335e-02        1    +1.3724e-04  4.8422e-04  2.0819e-02  -2.0335e-02  1.0000e-01  
    327    9.7190e-03  3.1250e-02  1.9132e-02  2.1167e-02  -2.0350e-03  +4.9429e-04  +2.1187e-02  -2.0693e-02        1    +2.0827e-04  4.7346e-04  2.1167e-02  -2.0693e-02  1.0000e-01  
    328    1.9132e-02  1.5625e-02  1.0885e-02  2.0839e-02  -9.9531e-03  +4.8431e-04  +2.0853e-02  -2.0368e-02        1    +1.4151e-04  4.7016e-04  2.0839e-02  -2.0368e-02  1.0000e-01  
    329    1.0885e-02  3.1250e-02  2.1575e-02  2.1314e-02  +2.6027e-04  +4.8412e-04  +2.1248e-02  -2.0764e-02        1    +2.3173e-04  4.6094e-04  2.1225e-02  -2.0764e-02  1.0000e-01  
    330    2.1575e-02  1.5625e-02  1.2206e-02  2.0853e-02  -8.6470e-03  +4.7369e-04  +2.0868e-02  -2.0394e-02        1    +1.4738e-04  4.5895e-04  2.0853e-02  -2.0394e-02  1.0000e-01  
    331    1.2206e-02  1.5625e-02  6.5643e-03  2.1070e-02  -1.4505e-02  +4.6574e-04  +2.1082e-02  -2.0616e-02        1    +1.2241e-04  4.5350e-04  2.1070e-02  -2.0616e-02  1.0000e-01  
    332    6.5643e-03  3.1250e-02  1.3690e-02  2.0872e-02  -7.1817e-03  +4.5645e-04  +2.0888e-02  -2.0431e-02        1    +1.5521e-04  4.4093e-04  2.0872e-02  -2.0431e-02  1.0000e-01  
    333    1.3690e-02  1.5625e-02  7.3190e-03  2.1114e-02  -1.3795e-02  +4.4857e-04  +2.1126e-02  -2.0678e-02        1    +1.2372e-04  4.3620e-04  2.1114e-02  -2.0678e-02  1.0000e-01  
    334    7.3190e-03  3.1250e-02  1.5372e-02  2.0887e-02  -5.5147e-03  +4.4120e-04  +2.0904e-02  -2.0463e-02        1    +1.6562e-04  4.2464e-04  2.0887e-02  -2.0463e-02  1.0000e-01  
    335    1.5372e-02  1.5625e-02  8.1749e-03  2.1157e-02  -1.2982e-02  +4.3331e-04  +2.1170e-02  -2.0737e-02        1    +1.2581e-04  4.2072e-04  2.1157e-02  -2.0737e-02  1.0000e-01  
    336    8.1749e-03  3.1250e-02  1.7277e-02  2.0898e-02  -3.6202e-03  +4.2818e-04  +2.0915e-02  -2.0487e-02        1    +1.7931e-04  4.1025e-04  2.0898e-02  -2.0487e-02  1.0000e-01  
    337    1.7277e-02  1.5625e-02  9.1449e-03  2.1200e-02  -1.2055e-02  +4.2016e-04  +2.1213e-02  -2.0793e-02        1    +1.2888e-04  4.0727e-04  2.1200e-02  -2.0793e-02  1.0000e-01  
    338    9.1449e-03  3.1250e-02  1.9435e-02  2.0903e-02  -1.4681e-03  +4.1771e-04  +2.0922e-02  -2.0505e-02        1    +1.9718e-04  3.9799e-04  2.0903e-02  -2.0505e-02  1.0000e-01  
    339    1.9435e-02  1.5625e-02  1.0244e-02  2.1241e-02  -1.0997e-02  +4.0944e-04  +2.1255e-02  -2.0845e-02        1    +1.3321e-04  3.9612e-04  2.1241e-02  -2.0845e-02  1.0000e-01  
    340    1.0244e-02  1.5625e-02  5.9297e-03  2.1073e-02  -1.5143e-02  +4.0245e-04  +2.1084e-02  -2.0682e-02        1    +1.1412e-04  3.9104e-04  2.1073e-02  -2.0682e-02  1.0000e-01  
    341    5.9297e-03  3.1250e-02  1.1491e-02  2.1289e-02  -9.7980e-03  +3.9439e-04  +2.1303e-02  -2.0909e-02        1    +1.3914e-04  3.8048e-04  2.1289e-02  -2.0909e-02  1.0000e-01  
    342    1.1491e-02  1.5625e-02  6.6486e-03  2.1097e-02  -1.4448e-02  +3.8746e-04  +2.1108e-02  -2.0721e-02        1    +1.1496e-04  3.7597e-04  2.1097e-02  -2.0721e-02  1.0000e-01  
    343    6.6486e-03  3.1250e-02  1.2907e-02  2.1337e-02  -8.4298e-03  +3.8101e-04  +2.1352e-02  -2.0971e-02        1    +1.4712e-04  3.6630e-04  2.1337e-02  -2.0971e-02  1.0000e-01  
    344    1.2907e-02  1.5625e-02  7.4654e-03  2.1118e-02  -1.3653e-02  +3.7406e-04  +2.1130e-02  -2.0756e-02        1    +1.1643e-04  3.6242e-04  2.1118e-02  -2.0756e-02  1.0000e-01  
    345    7.4654e-03  3.1250e-02  1.4574e-02  2.1386e-02  -6.8116e-03  +3.6948e-04  +2.1401e-02  -2.1032e-02        1    +1.5773e-04  3.5371e-04  2.1386e-02  -2.1032e-02  1.0000e-01  
    346    1.4574e-02  1.5625e-02  8.3931e-03  2.1136e-02  -1.2743e-02  +3.6243e-04  +2.1148e-02  -2.0785e-02        1    +1.1870e-04  3.5056e-04  2.1136e-02  -2.0785e-02  1.0000e-01  
    347    8.3931e-03  3.1250e-02  1.6520e-02  2.1435e-02  -4.9150e-03  +3.6007e-04  +2.1452e-02  -2.1092e-02        1    +1.7171e-04  3.4290e-04  2.1435e-02  -2.1092e-02  1.0000e-01  
    348    1.6520e-02  1.5625e-02  9.4467e-03  2.1150e-02  -1.1704e-02  +3.5281e-04  +2.1163e-02  -2.0810e-02        1    +1.2198e-04  3.4061e-04  2.1150e-02  -2.0810e-02  1.0000e-01  
    349    9.4467e-03  1.5625e-02  5.1420e-03  2.1319e-02  -1.6177e-02  +3.4704e-04  +2.1329e-02  -2.0982e-02        1    +1.0710e-04  3.3633e-04  2.1319e-02  -2.0982e-02  1.0000e-01  
    350    5.1420e-03  6.2500e-02  2.5923e-02  2.5877e-02  +4.6270e-05  +3.4514e-04  +2.1040e-02  -2.0695e-02        1    +2.6116e-04  3.1903e-04  2.1014e-02  -2.0695e-02  1.0000e-01  
    351    2.5923e-02  1.5625e-02  1.3586e-02  2.1460e-02  -7.8744e-03  +3.3645e-04  +2.1475e-02  -2.1139e-02        1    +1.4671e-04  3.2177e-04  2.1460e-02  -2.1139e-02  1.0000e-01  
    352    1.3586e-02  1.5625e-02  7.8475e-03  2.1228e-02  -1.3380e-02  +3.3009e-04  +2.1239e-02  -2.0909e-02        1    +1.1274e-04  3.1881e-04  2.1228e-02  -2.0909e-02  1.0000e-01  
    353    7.8475e-03  3.1250e-02  1.5424e-02  2.1507e-02  -6.0832e-03  +3.2764e-04  +2.1523e-02  -2.1195e-02        1    +1.5897e-04  3.1175e-04  2.1507e-02  -2.1195e-02  1.0000e-01  
    354    1.5424e-02  1.5625e-02  8.8423e-03  2.1242e-02  -1.2399e-02  +3.2111e-04  +2.1253e-02  -2.0932e-02        1    +1.1557e-04  3.0955e-04  2.1242e-02  -2.0932e-02  1.0000e-01  
    355    8.8423e-03  3.1250e-02  1.7511e-02  2.1554e-02  -4.0436e-03  +3.2105e-04  +2.1572e-02  -2.1251e-02        1    +1.7509e-04  3.0354e-04  2.1554e-02  -2.1251e-02  1.0000e-01  
    356    1.7511e-02  1.5625e-02  9.9738e-03  2.1252e-02  -1.1278e-02  +3.1421e-04  +2.1264e-02  -2.0950e-02        1    +1.1957e-04  3.0225e-04  2.1252e-02  -2.0950e-02  1.0000e-01  
    357    9.9738e-03  1.5625e-02  5.4030e-03  2.1428e-02  -1.6025e-02  +3.0899e-04  +2.1439e-02  -2.1130e-02        1    +1.0296e-04  2.9869e-04  2.1428e-02  -2.1130e-02  1.0000e-01  
    358    5.4030e-03  3.1250e-02  1.1255e-02  2.1265e-02  -1.0010e-02  +3.0293e-04  +2.1277e-02  -2.0974e-02        1    +1.2502e-04  2.9043e-04  2.1265e-02  -2.0974e-02  1.0000e-01  
    359    1.1255e-02  1.5625e-02  6.0572e-03  2.1463e-02  -1.5406e-02  +2.9775e-04  +2.1474e-02  -2.1176e-02        1    +1.0382e-04  2.8737e-04  2.1463e-02  -2.1176e-02  1.0000e-01  
    360    6.0572e-03  3.1250e-02  1.2712e-02  2.1275e-02  -8.5624e-03  +2.9303e-04  +2.1288e-02  -2.0995e-02        1    +1.3238e-04  2.7979e-04  2.1275e-02  -2.0995e-02  1.0000e-01  
    361    1.2712e-02  1.5625e-02  6.8023e-03  2.1498e-02  -1.4695e-02  +2.8782e-04  +2.1508e-02  -2.1220e-02        1    +1.0525e-04  2.7730e-04  2.1498e-02  -2.1220e-02  1.0000e-01  
    362    6.8023e-03  3.1250e-02  1.4370e-02  2.1280e-02  -6.9103e-03  +2.8469e-04  +2.1295e-02  -2.1010e-02        1    +1.4219e-04  2.7047e-04  2.1280e-02  -2.1010e-02  1.0000e-01  
    363    1.4370e-02  1.5625e-02  7.6505e-03  2.1531e-02  -1.3881e-02  +2.7939e-04  +2.1542e-02  -2.1263e-02        1    +1.0743e-04  2.6864e-04  2.1531e-02  -2.1263e-02  1.0000e-01  
    364    7.6505e-03  3.1250e-02  1.6256e-02  2.1282e-02  -5.0260e-03  +2.7816e-04  +2.1297e-02  -2.1019e-02        1    +1.5516e-04  2.6265e-04  2.1282e-02  -2.1019e-02  1.0000e-01  
    365    1.6256e-02  1.5625e-02  8.6158e-03  2.1565e-02  -1.2949e-02  +2.7267e-04  +2.1576e-02  -2.1303e-02        1    +1.1056e-04  2.6161e-04  2.1565e-02  -2.1303e-02  1.0000e-01  
    366    8.6158e-03  1.5625e-02  5.0019e-03  2.1423e-02  -1.6421e-02  +2.6802e-04  +2.1432e-02  -2.1164e-02        1    +9.7138e-05  2.5831e-04  2.1423e-02  -2.1164e-02  1.0000e-01  
    367    5.0019e-03  3.1250e-02  9.7153e-03  2.1603e-02  -1.1888e-02  +2.6293e-04  +2.1615e-02  -2.1352e-02        1    +1.1492e-04  2.5144e-04  2.1603e-02  -2.1352e-02  1.0000e-01  
    368    9.7153e-03  1.5625e-02  5.6365e-03  2.1440e-02  -1.5804e-02  +2.5831e-04  +2.1450e-02  -2.1192e-02        1    +9.7736e-05  2.4853e-04  2.1440e-02  -2.1192e-02  1.0000e-01  
    369    5.6365e-03  3.1250e-02  1.0969e-02  2.1642e-02  -1.0674e-02  +2.5437e-04  +2.1654e-02  -2.1400e-02        1    +1.2085e-04  2.4228e-04  2.1642e-02  -2.1400e-02  1.0000e-01  
    370    1.0969e-02  1.5625e-02  6.3601e-03  2.1455e-02  -1.5095e-02  +2.4971e-04  +2.1465e-02  -2.1215e-02        1    +9.8818e-05  2.3983e-04  2.1455e-02  -2.1215e-02  1.0000e-01  
    371    6.3601e-03  3.1250e-02  1.2424e-02  2.1682e-02  -9.2579e-03  +2.4714e-04  +2.1695e-02  -2.1447e-02        1    +1.2884e-04  2.3426e-04  2.1682e-02  -2.1447e-02  1.0000e-01  
    372    1.2424e-02  1.5625e-02  7.1848e-03  2.1468e-02  -1.4283e-02  +2.4239e-04  +2.1478e-02  -2.1236e-02        1    +1.0052e-04  2.3233e-04  2.1468e-02  -2.1236e-02  1.0000e-01  
    373    7.1848e-03  3.1250e-02  1.4155e-02  2.1722e-02  -7.5669e-03  +2.4147e-04  +2.1736e-02  -2.1495e-02        1    +1.3946e-04  2.2752e-04  2.1722e-02  -2.1495e-02  1.0000e-01  
    374    1.4155e-02  1.5625e-02  8.1248e-03  2.1478e-02  -1.3353e-02  +2.3653e-04  +2.1488e-02  -2.1252e-02        1    +1.0302e-04  2.2623e-04  2.1478e-02  -2.1252e-02  1.0000e-01  
    375    8.1248e-03  1.5625e-02  4.4386e-03  2.1622e-02  -1.7183e-02  +2.3267e-04  +2.1631e-02  -2.1398e-02        1    +9.2028e-05  2.2347e-04  2.1622e-02  -2.1398e-02  1.0000e-01  
    376    4.4386e-03  3.1250e-02  9.1926e-03  2.1489e-02  -1.2297e-02  +2.2783e-04  +2.1500e-02  -2.1272e-02        1    +1.0654e-04  2.1718e-04  2.1489e-02  -2.1272e-02  1.0000e-01  
    377    9.1926e-03  1.5625e-02  4.9851e-03  2.1651e-02  -1.6666e-02  +2.2402e-04  +2.1660e-02  -2.1436e-02        1    +9.2434e-05  2.1478e-04  2.1651e-02  -2.1436e-02  1.0000e-01  
    378    4.9851e-03  3.1250e-02  1.0410e-02  2.1498e-02  -1.1087e-02  +2.2012e-04  +2.1509e-02  -2.1289e-02        1    +1.1137e-04  2.0899e-04  2.1498e-02  -2.1289e-02  1.0000e-01  
    379    1.0410e-02  1.5625e-02  5.6089e-03  2.1680e-02  -1.6072e-02  +2.1632e-04  +2.1690e-02  -2.1473e-02        1    +9.3245e-05  2.0699e-04  2.1680e-02  -2.1473e-02  1.0000e-01  
    380    5.6089e-03  3.1250e-02  1.1798e-02  2.1503e-02  -9.7047e-03  +2.1353e-04  +2.1515e-02  -2.1301e-02        1    +1.1792e-04  2.0174e-04  2.1503e-02  -2.1301e-02  1.0000e-01  
    381    1.1798e-02  1.5625e-02  6.3206e-03  2.1710e-02  -1.5389e-02  +2.0967e-04  +2.1719e-02  -2.1509e-02        1    +9.4576e-05  2.0022e-04  2.1710e-02  -2.1509e-02  1.0000e-01  
    382    6.3206e-03  3.1250e-02  1.3381e-02  2.1505e-02  -8.1242e-03  +2.0823e-04  +2.1518e-02  -2.1310e-02        1    +1.2669e-04  1.9556e-04  2.1505e-02  -2.1310e-02  1.0000e-01  
    383    1.3381e-02  1.5625e-02  7.1325e-03  2.1739e-02  -1.4606e-02  +2.0426e-04  +2.1748e-02  -2.1544e-02        1    +9.6577e-05  1.9460e-04  2.1739e-02  -2.1544e-02  1.0000e-01  
    384    7.1325e-03  1.5625e-02  4.1492e-03  2.1622e-02  -1.7472e-02  +2.0083e-04  +2.1630e-02  -2.1429e-02        1    +8.7438e-05  1.9209e-04  2.1622e-02  -2.1429e-02  1.0000e-01  
    385    4.1492e-03  3.1250e-02  8.0590e-03  2.1771e-02  -1.3712e-02  +1.9686e-04  +2.1781e-02  -2.1584e-02        1    +9.9444e-05  1.8692e-04  2.1771e-02  -2.1584e-02  1.0000e-01  
    386    8.0590e-03  1.5625e-02  4.6842e-03  2.1637e-02  -1.6952e-02  +1.9346e-04  +2.1645e-02  -2.1452e-02        1    +8.7702e-05  1.8469e-04  2.1637e-02  -2.1452e-02  1.0000e-01  
    387    4.6842e-03  3.1250e-02  9.1171e-03  2.1804e-02  -1.2687e-02  +1.9032e-04  +2.1814e-02  -2.1624e-02        1    +1.0343e-04  1.7998e-04  2.1804e-02  -2.1624e-02  1.0000e-01  
    388    9.1171e-03  1.5625e-02  5.2952e-03  2.1650e-02  -1.6354e-02  +1.8691e-04  +2.1658e-02  -2.1472e-02        1    +8.8311e-05  1.7808e-04  2.1650e-02  -2.1472e-02  1.0000e-01  
    389    5.2952e-03  3.1250e-02  1.0325e-02  2.1838e-02  -1.1513e-02  +1.8475e-04  +2.1849e-02  -2.1664e-02        1    +1.0888e-04  1.7386e-04  2.1838e-02  -2.1664e-02  1.0000e-01  
    390    1.0325e-02  1.5625e-02  5.9929e-03  2.1661e-02  -1.5668e-02  +1.8127e-04  +2.1670e-02  -2.1488e-02        1    +8.9363e-05  1.7233e-04  2.1661e-02  -2.1488e-02  1.0000e-01  
    391    5.9929e-03  3.1250e-02  1.1751e-02  2.1873e-02  -1.0121e-02  +1.8029e-04  +2.1884e-02  -2.1704e-02        1    +1.1621e-04  1.6867e-04  2.1873e-02  -2.1704e-02  1.0000e-01  
    392    1.1751e-02  1.5625e-02  6.7895e-03  2.1670e-02  -1.4880e-02  +1.7669e-04  +2.1679e-02  -2.1502e-02        1    +9.0988e-05  1.6759e-04  2.1670e-02  -2.1502e-02  1.0000e-01  
    393    6.7895e-03  1.5625e-02  3.7348e-03  2.1790e-02  -1.8055e-02  +1.7386e-04  +2.1798e-02  -2.1624e-02        1    +8.3320e-05  1.6552e-04  2.1790e-02  -2.1624e-02  1.0000e-01  
    394    3.7348e-03  6.2500e-02  1.8714e-02  2.1568e-02  -2.8538e-03  +1.7338e-04  +2.1584e-02  -2.1411e-02        1    +1.6321e-04  1.5706e-04  2.1568e-02  -2.1411e-02  1.0000e-01  
    395    1.8714e-02  1.5625e-02  9.8695e-03  2.1891e-02  -1.2022e-02  +1.6909e-04  +2.1902e-02  -2.1732e-02        1    +1.0387e-04  1.5870e-04  2.1891e-02  -2.1732e-02  1.0000e-01  
    396    9.8695e-03  1.5625e-02  5.7302e-03  2.1722e-02  -1.5992e-02  +1.6591e-04  +2.1731e-02  -2.1565e-02        1    +8.6063e-05  1.5731e-04  2.1722e-02  -2.1565e-02  1.0000e-01  
    397    5.7302e-03  3.1250e-02  1.1230e-02  2.1925e-02  -1.0694e-02  +1.6503e-04  +2.1936e-02  -2.1771e-02        1    +1.1058e-04  1.5397e-04  2.1925e-02  -2.1771e-02  1.0000e-01  
    398    1.1230e-02  1.5625e-02  6.4951e-03  2.1730e-02  -1.5235e-02  +1.6174e-04  +2.1739e-02  -2.1577e-02        1    +8.7535e-05  1.5299e-04  2.1730e-02  -2.1577e-02  1.0000e-01  
    399    6.4951e-03  1.5625e-02  3.5764e-03  2.1845e-02  -1.8269e-02  +1.5916e-04  +2.1853e-02  -2.1694e-02        1    +8.0517e-05  1.5110e-04  2.1845e-02  -2.1694e-02  1.0000e-01  
    400    3.5764e-03  6.2500e-02  1.7908e-02  2.1633e-02  -3.7245e-03  +1.5874e-04  +2.1648e-02  -2.1489e-02        1    +1.5363e-04  1.4338e-04  2.1633e-02  -2.1489e-02  1.0000e-01  
    401    1.7908e-02  1.5625e-02  9.4521e-03  2.1942e-02  -1.2490e-02  +1.5482e-04  +2.1952e-02  -2.1797e-02        1    +9.9314e-05  1.4489e-04  2.1942e-02  -2.1797e-02  1.0000e-01  
    402    9.4521e-03  1.5625e-02  5.4891e-03  2.1780e-02  -1.6291e-02  +1.5192e-04  +2.1789e-02  -2.1637e-02        1    +8.2995e-05  1.4362e-04  2.1780e-02  -2.1637e-02  1.0000e-01  
    403    5.4891e-03  3.1250e-02  1.0753e-02  2.1974e-02  -1.1221e-02  +1.5113e-04  +2.1985e-02  -2.1834e-02        1    +1.0547e-04  1.4059e-04  2.1974e-02  -2.1834e-02  1.0000e-01  
    404    1.0753e-02  1.5625e-02  6.2248e-03  2.1788e-02  -1.5563e-02  +1.4813e-04  +2.1797e-02  -2.1648e-02        1    +8.4332e-05  1.3970e-04  2.1788e-02  -2.1648e-02  1.0000e-01  
    405    6.2248e-03  1.5625e-02  3.4306e-03  2.1898e-02  -1.8468e-02  +1.4577e-04  +2.1906e-02  -2.1760e-02        1    +7.7885e-05  1.3798e-04  2.1898e-02  -2.1760e-02  1.0000e-01  
    406    3.4306e-03  6.2500e-02  1.7167e-02  2.1694e-02  -4.5270e-03  +1.4543e-04  +2.1709e-02  -2.1563e-02        1    +1.4503e-04  1.3093e-04  2.1694e-02  -2.1563e-02  1.0000e-01  
    407    1.7167e-02  1.5625e-02  9.0674e-03  2.1991e-02  -1.2924e-02  +1.4186e-04  +2.2001e-02  -2.1859e-02        1    +9.5137e-05  1.3234e-04  2.1991e-02  -2.1859e-02  1.0000e-01  
    408    9.0674e-03  1.5625e-02  5.2666e-03  2.1836e-02  -1.6569e-02  +1.3920e-04  +2.1844e-02  -2.1704e-02        1    +8.0130e-05  1.3119e-04  2.1836e-02  -2.1704e-02  1.0000e-01  
    409    5.2666e-03  3.1250e-02  1.0314e-02  2.2022e-02  -1.1708e-02  +1.3851e-04  +2.2032e-02  -2.1893e-02        1    +1.0080e-04  1.2843e-04  2.2022e-02  -2.1893e-02  1.0000e-01  
    410    1.0314e-02  1.5625e-02  5.9747e-03  2.1843e-02  -1.5868e-02  +1.3576e-04  +2.1851e-02  -2.1716e-02        1    +8.1349e-05  1.2763e-04  2.1843e-02  -2.1716e-02  1.0000e-01  
    411    5.9747e-03  1.5625e-02  3.2952e-03  2.1949e-02  -1.8653e-02  +1.3361e-04  +2.1956e-02  -2.1823e-02        1    +7.5408e-05  1.2606e-04  2.1949e-02  -2.1823e-02  1.0000e-01  
    412    3.2952e-03  6.2500e-02  1.6481e-02  2.1753e-02  -5.2715e-03  +1.3335e-04  +2.1766e-02  -2.1633e-02        1    +1.3726e-04  1.1963e-04  2.1753e-02  -2.1633e-02  1.0000e-01  
    413    1.6481e-02  1.5625e-02  8.7104e-03  2.2038e-02  -1.3327e-02  +1.3008e-04  +2.2047e-02  -2.1917e-02        1    +9.1286e-05  1.2095e-04  2.2038e-02  -2.1917e-02  1.0000e-01  
    414    8.7104e-03  1.5625e-02  5.0598e-03  2.1889e-02  -1.6829e-02  +1.2765e-04  +2.1896e-02  -2.1769e-02        1    +7.7448e-05  1.1991e-04  2.1889e-02  -2.1769e-02  1.0000e-01  
    415    5.0598e-03  3.1250e-02  9.9053e-03  2.2067e-02  -1.2162e-02  +1.2705e-04  +2.2077e-02  -2.1950e-02        1    +9.6512e-05  1.1740e-04  2.2067e-02  -2.1950e-02  1.0000e-01  
    416    9.9053e-03  1.5625e-02  5.7419e-03  2.1896e-02  -1.6154e-02  +1.2454e-04  +2.1904e-02  -2.1779e-02        1    +7.8560e-05  1.1668e-04  2.1896e-02  -2.1779e-02  1.0000e-01  
    417    5.7419e-03  1.5625e-02  3.1688e-03  2.1997e-02  -1.8828e-02  +1.2256e-04  +2.2004e-02  -2.1882e-02        1    +7.3071e-05  1.1525e-04  2.1997e-02  -2.1882e-02  1.0000e-01  
=========================================================
Total gradient evaluations: 1.070e+05 
