=========================================================
*                                                       *
*  Samples: 5.12e+02; epsilon: 4.5211e-04; varepson:4.5211e-04 *
*                                                       *
=========================================================
     Iter   search_dire    stepsize    KKT_inf    eKKT_inf    KKT-eKKT      merit     e_merit     mrt-emrt      rank          f           c           ec        c-ec         tau    
initial    0.0000e+00  0.0000e+00  4.4207e-03  1.5825e-02  -1.1405e-02  +4.4223e-03  +1.5827e-02  -1.1405e-02        1    +1.6331e-05  4.4207e-03  1.5825e-02  -1.1405e-02  1.0000e-01  
      1    1.0962e-03  1.0000e+00  1.0135e-01  1.0132e-01  +2.9962e-05  +4.3523e-04  +1.2657e-02  -1.2222e-02        1    +3.8737e-03  4.7866e-05  1.2270e-02  -1.2222e-02  1.0000e-01  
      2    1.0135e-01  1.5625e-02  4.9772e-02  4.9822e-02  -4.9659e-05  +2.3126e-04  +1.1262e-02  -1.1030e-02        1    +9.3847e-04  1.3741e-04  1.1168e-02  -1.1030e-02  1.0000e-01  
      3    4.9772e-02  1.5625e-02  2.4417e-02  2.4379e-02  +3.8878e-05  +1.8277e-04  +1.1803e-02  -1.1621e-02        1    +2.3929e-04  1.5884e-04  1.1780e-02  -1.1621e-02  1.0000e-01  
      4    2.4417e-02  1.5625e-02  1.2074e-02  1.2117e-02  -4.3917e-05  +1.6845e-04  +1.1503e-02  -1.1334e-02        1    +6.8639e-05  1.6158e-04  1.1496e-02  -1.1334e-02  1.0000e-01  
      5    1.2074e-02  1.5625e-02  5.9077e-03  1.1638e-02  -5.7300e-03  +1.6318e-04  +1.1640e-02  -1.1477e-02        1    +2.7468e-05  1.6043e-04  1.1638e-02  -1.1477e-02  1.0000e-01  
      6    5.9077e-03  1.5625e-02  2.9210e-03  1.1566e-02  -8.6449e-03  +1.5999e-04  +1.1568e-02  -1.1408e-02        1    +1.7466e-05  1.5824e-04  1.1566e-02  -1.1408e-02  1.0000e-01  
      7    2.9210e-03  6.2500e-02  1.4505e-02  1.4465e-02  +4.0285e-05  +1.5887e-04  +1.1704e-02  -1.1545e-02        1    +9.2826e-05  1.4959e-04  1.1695e-02  -1.1545e-02  1.0000e-01  
      8    1.4505e-02  1.5625e-02  7.1116e-03  1.1523e-02  -4.4109e-03  +1.5253e-04  +1.1526e-02  -1.1373e-02        1    +3.3203e-05  1.4921e-04  1.1523e-02  -1.1373e-02  1.0000e-01  
      9    7.1116e-03  1.5625e-02  3.5193e-03  1.1604e-02  -8.0848e-03  +1.4920e-04  +1.1606e-02  -1.1457e-02        1    +1.8769e-05  1.4733e-04  1.1604e-02  -1.1457e-02  1.0000e-01  
     10    3.5193e-03  3.1250e-02  6.9550e-03  1.1516e-02  -4.5613e-03  +1.4643e-04  +1.1520e-02  -1.1373e-02        1    +3.2295e-05  1.4320e-04  1.1516e-02  -1.1373e-02  1.0000e-01  
     11    6.9550e-03  1.5625e-02  3.4379e-03  1.1596e-02  -8.1584e-03  +1.4325e-04  +1.1598e-02  -1.1455e-02        1    +1.8507e-05  1.4140e-04  1.1596e-02  -1.1455e-02  1.0000e-01  
     12    3.4379e-03  3.1250e-02  6.7981e-03  1.1511e-02  -4.7125e-03  +1.4058e-04  +1.1514e-02  -1.1373e-02        1    +3.1431e-05  1.3743e-04  1.1511e-02  -1.1373e-02  1.0000e-01  
     13    6.7981e-03  1.5625e-02  3.3609e-03  1.1589e-02  -8.2279e-03  +1.3753e-04  +1.1591e-02  -1.1453e-02        1    +1.8257e-05  1.3570e-04  1.1589e-02  -1.1453e-02  1.0000e-01  
     14    3.3609e-03  3.1250e-02  6.6457e-03  1.1505e-02  -4.8595e-03  +1.3495e-04  +1.1508e-02  -1.1373e-02        1    +3.0607e-05  1.3189e-04  1.1505e-02  -1.1373e-02  1.0000e-01  
     15    6.6457e-03  1.5625e-02  3.2861e-03  1.1582e-02  -8.2956e-03  +1.3203e-04  +1.1584e-02  -1.1451e-02        1    +1.8017e-05  1.3023e-04  1.1582e-02  -1.1451e-02  1.0000e-01  
     16    3.2861e-03  3.1250e-02  6.4975e-03  1.1500e-02  -5.0025e-03  +1.2956e-04  +1.1503e-02  -1.1373e-02        1    +2.9821e-05  1.2657e-04  1.1500e-02  -1.1373e-02  1.0000e-01  
     17    6.4975e-03  1.5625e-02  3.2132e-03  1.1575e-02  -8.3615e-03  +1.2675e-04  +1.1577e-02  -1.1450e-02        1    +1.7786e-05  1.2497e-04  1.1575e-02  -1.1450e-02  1.0000e-01  
     18    3.2132e-03  3.1250e-02  6.3534e-03  1.1495e-02  -5.1415e-03  +1.2437e-04  +1.1498e-02  -1.1373e-02        1    +2.9073e-05  1.2147e-04  1.1495e-02  -1.1373e-02  1.0000e-01  
     19    6.3534e-03  1.5625e-02  3.1426e-03  1.1568e-02  -8.4255e-03  +1.2169e-04  +1.1570e-02  -1.1448e-02        1    +1.7565e-05  1.1993e-04  1.1568e-02  -1.1448e-02  1.0000e-01  
     20    3.1426e-03  3.1250e-02  6.2132e-03  1.1490e-02  -5.2769e-03  +1.1940e-04  +1.1493e-02  -1.1373e-02        1    +2.8358e-05  1.1656e-04  1.1490e-02  -1.1373e-02  1.0000e-01  
     21    6.2132e-03  1.5625e-02  3.0741e-03  1.1562e-02  -8.4875e-03  +1.1682e-04  +1.1563e-02  -1.1447e-02        1    +1.7353e-05  1.1509e-04  1.1562e-02  -1.1447e-02  1.0000e-01  
     22    3.0741e-03  3.1250e-02  6.0767e-03  1.1485e-02  -5.4086e-03  +1.1462e-04  +1.1488e-02  -1.1373e-02        1    +2.7676e-05  1.1185e-04  1.1485e-02  -1.1373e-02  1.0000e-01  
     23    6.0767e-03  1.5625e-02  3.0075e-03  1.1555e-02  -8.5478e-03  +1.1215e-04  +1.1557e-02  -1.1445e-02        1    +1.7149e-05  1.1044e-04  1.1555e-02  -1.1445e-02  1.0000e-01  
     24    3.0075e-03  3.1250e-02  5.9440e-03  1.1481e-02  -5.5368e-03  +1.1004e-04  +1.1483e-02  -1.1373e-02        1    +2.7026e-05  1.0734e-04  1.1481e-02  -1.1373e-02  1.0000e-01  
     25    5.9440e-03  1.5625e-02  2.9426e-03  1.1549e-02  -8.6066e-03  +1.0767e-04  +1.1551e-02  -1.1443e-02        1    +1.6952e-05  1.0597e-04  1.1549e-02  -1.1443e-02  1.0000e-01  
     26    2.9426e-03  3.1250e-02  5.8148e-03  1.1476e-02  -5.6616e-03  +1.0564e-04  +1.1479e-02  -1.1373e-02        1    +2.6404e-05  1.0300e-04  1.1476e-02  -1.1373e-02  1.0000e-01  
     27    5.8148e-03  1.5625e-02  2.8795e-03  1.1543e-02  -8.6639e-03  +1.0337e-04  +1.1545e-02  -1.1442e-02        1    +1.6764e-05  1.0169e-04  1.1543e-02  -1.1442e-02  1.0000e-01  
     28    2.8795e-03  3.1250e-02  5.6890e-03  1.1472e-02  -5.7831e-03  +1.0141e-04  +1.1475e-02  -1.1373e-02        1    +2.5811e-05  9.8833e-05  1.1472e-02  -1.1373e-02  1.0000e-01  
     29    5.6890e-03  1.5625e-02  2.8181e-03  1.1538e-02  -8.7196e-03  +9.9237e-05  +1.1539e-02  -1.1440e-02        1    +1.6582e-05  9.7579e-05  1.1538e-02  -1.1440e-02  1.0000e-01  
     30    2.8181e-03  3.1250e-02  5.5666e-03  1.1468e-02  -5.9013e-03  +9.7361e-05  +1.1470e-02  -1.1373e-02        1    +2.5243e-05  9.4837e-05  1.1468e-02  -1.1373e-02  1.0000e-01  
     31    5.5666e-03  1.5625e-02  2.7582e-03  1.1532e-02  -8.7739e-03  +9.5273e-05  +1.1534e-02  -1.1439e-02        1    +1.6407e-05  9.3632e-05  1.1532e-02  -1.1439e-02  1.0000e-01  
     32    2.7582e-03  3.1250e-02  5.4474e-03  1.1464e-02  -6.0165e-03  +9.3471e-05  +1.1466e-02  -1.1373e-02        1    +2.4701e-05  9.1001e-05  1.1464e-02  -1.1373e-02  1.0000e-01  
     33    5.4474e-03  1.5625e-02  2.7000e-03  1.1527e-02  -8.8268e-03  +9.1468e-05  +1.1528e-02  -1.1437e-02        1    +1.6239e-05  8.9845e-05  1.1527e-02  -1.1437e-02  1.0000e-01  
     34    2.7000e-03  3.1250e-02  5.3314e-03  1.1460e-02  -6.1287e-03  +8.9738e-05  +1.1462e-02  -1.1373e-02        1    +2.4183e-05  8.7320e-05  1.1460e-02  -1.1373e-02  1.0000e-01  
     35    5.3314e-03  1.5625e-02  2.6433e-03  1.1522e-02  -8.8783e-03  +8.7817e-05  +1.1523e-02  -1.1435e-02        1    +1.6077e-05  8.6210e-05  1.1522e-02  -1.1435e-02  1.0000e-01  
     36    2.6433e-03  3.1250e-02  5.2184e-03  1.1456e-02  -6.2379e-03  +8.6156e-05  +1.1459e-02  -1.1373e-02        1    +2.3687e-05  8.3787e-05  1.1456e-02  -1.1373e-02  1.0000e-01  
     37    5.2184e-03  1.5625e-02  2.5880e-03  1.1517e-02  -8.9285e-03  +8.4313e-05  +1.1518e-02  -1.1434e-02        1    +1.5920e-05  8.2721e-05  1.1517e-02  -1.1434e-02  1.0000e-01  
     38    2.5880e-03  3.1250e-02  5.1084e-03  1.1453e-02  -6.3443e-03  +8.2718e-05  +1.1455e-02  -1.1372e-02        1    +2.3212e-05  8.0397e-05  1.1453e-02  -1.1372e-02  1.0000e-01  
     39    5.1084e-03  1.5625e-02  2.5342e-03  1.1512e-02  -8.9774e-03  +8.0951e-05  +1.1513e-02  -1.1432e-02        1    +1.5769e-05  7.9374e-05  1.1512e-02  -1.1432e-02  1.0000e-01  
     40    2.5342e-03  3.1250e-02  5.0013e-03  1.1449e-02  -6.4479e-03  +7.9419e-05  +1.1451e-02  -1.1372e-02        1    +2.2758e-05  7.7144e-05  1.1449e-02  -1.1372e-02  1.0000e-01  
     41    5.0013e-03  1.5625e-02  2.4819e-03  1.1507e-02  -9.0251e-03  +7.7724e-05  +1.1509e-02  -1.1431e-02        1    +1.5624e-05  7.6162e-05  1.1507e-02  -1.1431e-02  1.0000e-01  
     42    2.4819e-03  3.1250e-02  4.8969e-03  1.1446e-02  -6.5489e-03  +7.6254e-05  +1.1448e-02  -1.1372e-02        1    +2.2324e-05  7.4022e-05  1.1446e-02  -1.1372e-02  1.0000e-01  
     43    4.8969e-03  1.5625e-02  2.4308e-03  1.1502e-02  -9.0716e-03  +7.4628e-05  +1.1504e-02  -1.1429e-02        1    +1.5483e-05  7.3079e-05  1.1502e-02  -1.1429e-02  1.0000e-01  
     44    2.4308e-03  3.1250e-02  4.7953e-03  1.1443e-02  -6.6472e-03  +7.3217e-05  +1.1445e-02  -1.1371e-02        1    +2.1907e-05  7.1026e-05  1.1443e-02  -1.1371e-02  1.0000e-01  
     45    4.7953e-03  1.5625e-02  2.3811e-03  1.1498e-02  -9.1168e-03  +7.1657e-05  +1.1499e-02  -1.1428e-02        1    +1.5347e-05  7.0122e-05  1.1498e-02  -1.1428e-02  1.0000e-01  
     46    2.3811e-03  3.1250e-02  4.6963e-03  1.1439e-02  -6.7431e-03  +7.0303e-05  +1.1441e-02  -1.1371e-02        1    +2.1509e-05  6.8152e-05  1.1439e-02  -1.1371e-02  1.0000e-01  
     47    4.6963e-03  1.5625e-02  2.3326e-03  1.1494e-02  -9.1610e-03  +6.8806e-05  +1.1495e-02  -1.1426e-02        1    +1.5216e-05  6.7284e-05  1.1494e-02  -1.1426e-02  1.0000e-01  
     48    2.3326e-03  3.1250e-02  4.5998e-03  1.1436e-02  -6.8365e-03  +6.7507e-05  +1.1438e-02  -1.1371e-02        1    +2.1126e-05  6.5395e-05  1.1436e-02  -1.1371e-02  1.0000e-01  
     49    4.5998e-03  1.5625e-02  2.2854e-03  1.1489e-02  -9.2040e-03  +6.6071e-05  +1.1491e-02  -1.1425e-02        1    +1.5089e-05  6.4562e-05  1.1489e-02  -1.1425e-02  1.0000e-01  
     50    2.2854e-03  3.1250e-02  4.5058e-03  1.1433e-02  -6.9275e-03  +6.4825e-05  +1.1435e-02  -1.1370e-02        1    +2.0760e-05  6.2749e-05  1.1433e-02  -1.1370e-02  1.0000e-01  
     51    4.5058e-03  1.5625e-02  2.2394e-03  1.1485e-02  -9.2459e-03  +6.3446e-05  +1.1487e-02  -1.1423e-02        1    +1.4967e-05  6.1950e-05  1.1485e-02  -1.1423e-02  1.0000e-01  
     52    2.2394e-03  3.1250e-02  4.4141e-03  1.1430e-02  -7.0162e-03  +6.2251e-05  +1.1432e-02  -1.1370e-02        1    +2.0409e-05  6.0211e-05  1.1430e-02  -1.1370e-02  1.0000e-01  
     53    4.4141e-03  1.5625e-02  2.1946e-03  1.1481e-02  -9.2868e-03  +6.0928e-05  +1.1483e-02  -1.1422e-02        1    +1.4848e-05  5.9444e-05  1.1481e-02  -1.1422e-02  1.0000e-01  
     54    2.1946e-03  3.1250e-02  4.3249e-03  1.1428e-02  -7.1027e-03  +5.9782e-05  +1.1430e-02  -1.1370e-02        1    +2.0072e-05  5.7775e-05  1.1428e-02  -1.1370e-02  1.0000e-01  
     55    4.3249e-03  1.5625e-02  2.1509e-03  1.1478e-02  -9.3267e-03  +5.8513e-05  +1.1479e-02  -1.1421e-02        1    +1.4733e-05  5.7039e-05  1.1478e-02  -1.1421e-02  1.0000e-01  
     56    2.1509e-03  3.1250e-02  4.2378e-03  1.1425e-02  -7.1870e-03  +5.7414e-05  +1.1427e-02  -1.1369e-02        1    +1.9748e-05  5.5439e-05  1.1425e-02  -1.1369e-02  1.0000e-01  
     57    4.2378e-03  1.5625e-02  2.1083e-03  1.1474e-02  -9.3655e-03  +5.6195e-05  +1.1475e-02  -1.1419e-02        1    +1.4622e-05  5.4733e-05  1.1474e-02  -1.1419e-02  1.0000e-01  
     58    2.1083e-03  3.1250e-02  4.1530e-03  1.1422e-02  -7.2691e-03  +5.5141e-05  +1.1424e-02  -1.1369e-02        1    +1.9438e-05  5.3198e-05  1.1422e-02  -1.1369e-02  1.0000e-01  
     59    4.1530e-03  1.5625e-02  2.0668e-03  1.1470e-02  -9.4035e-03  +5.3971e-05  +1.1472e-02  -1.1418e-02        1    +1.4514e-05  5.2520e-05  1.1470e-02  -1.1418e-02  1.0000e-01  
     60    2.0668e-03  3.1250e-02  4.0703e-03  1.1420e-02  -7.3493e-03  +5.2961e-05  +1.1421e-02  -1.1369e-02        1    +1.9139e-05  5.1047e-05  1.1420e-02  -1.1369e-02  1.0000e-01  
     61    4.0703e-03  1.5625e-02  2.0263e-03  1.1467e-02  -9.4404e-03  +5.1838e-05  +1.1468e-02  -1.1416e-02        1    +1.4410e-05  5.0397e-05  1.1467e-02  -1.1416e-02  1.0000e-01  
     62    2.0263e-03  3.1250e-02  3.9897e-03  1.1417e-02  -7.4274e-03  +5.0870e-05  +1.1419e-02  -1.1368e-02        1    +1.8853e-05  4.8985e-05  1.1417e-02  -1.1368e-02  1.0000e-01  
     63    3.9897e-03  1.5625e-02  1.9868e-03  1.1463e-02  -9.4765e-03  +4.9792e-05  +1.1465e-02  -1.1415e-02        1    +1.4308e-05  4.8361e-05  1.1463e-02  -1.1415e-02  1.0000e-01  
     64    1.9868e-03  3.1250e-02  3.9110e-03  1.1415e-02  -7.5036e-03  +4.8864e-05  +1.1417e-02  -1.1368e-02        1    +1.8578e-05  4.7006e-05  1.1415e-02  -1.1368e-02  1.0000e-01  
     65    3.9110e-03  1.5625e-02  1.9483e-03  1.1460e-02  -9.5117e-03  +4.7829e-05  +1.1461e-02  -1.1414e-02        1    +1.4210e-05  4.6408e-05  1.1460e-02  -1.1414e-02  1.0000e-01  
     66    1.9483e-03  3.1250e-02  3.8344e-03  1.1412e-02  -7.5779e-03  +4.6939e-05  +1.1414e-02  -1.1367e-02        1    +1.8313e-05  4.5108e-05  1.1412e-02  -1.1367e-02  1.0000e-01  
     67    3.8344e-03  1.5625e-02  1.9107e-03  1.1457e-02  -9.5460e-03  +4.5945e-05  +1.1458e-02  -1.1412e-02        1    +1.4115e-05  4.4534e-05  1.1457e-02  -1.1412e-02  1.0000e-01  
     68    1.9107e-03  3.1250e-02  3.7596e-03  1.1410e-02  -7.6504e-03  +4.5093e-05  +1.1412e-02  -1.1367e-02        1    +1.8059e-05  4.3287e-05  1.1410e-02  -1.1367e-02  1.0000e-01  
     69    3.7596e-03  1.5625e-02  1.8741e-03  1.1454e-02  -9.5795e-03  +4.4139e-05  +1.1455e-02  -1.1411e-02        1    +1.4022e-05  4.2737e-05  1.1454e-02  -1.1411e-02  1.0000e-01  
     70    1.8741e-03  3.1250e-02  3.6867e-03  1.1408e-02  -7.7211e-03  +4.3322e-05  +1.1410e-02  -1.1366e-02        1    +1.7814e-05  4.1541e-05  1.1408e-02  -1.1366e-02  1.0000e-01  
     71    3.6867e-03  1.5625e-02  1.8383e-03  1.1451e-02  -9.6122e-03  +4.2406e-05  +1.1452e-02  -1.1409e-02        1    +1.3932e-05  4.1012e-05  1.1451e-02  -1.1409e-02  1.0000e-01  
     72    1.8383e-03  3.1250e-02  3.6155e-03  1.1406e-02  -7.7901e-03  +4.1623e-05  +1.1407e-02  -1.1366e-02        1    +1.7579e-05  3.9865e-05  1.1406e-02  -1.1366e-02  1.0000e-01  
     73    3.6155e-03  1.5625e-02  1.8034e-03  1.1448e-02  -9.6441e-03  +4.0743e-05  +1.1449e-02  -1.1408e-02        1    +1.3845e-05  3.9359e-05  1.1448e-02  -1.1408e-02  1.0000e-01  
     74    1.8034e-03  3.1250e-02  3.5461e-03  1.1403e-02  -7.8574e-03  +3.9994e-05  +1.1405e-02  -1.1365e-02        1    +1.7353e-05  3.8258e-05  1.1403e-02  -1.1365e-02  1.0000e-01  
     75    3.5461e-03  1.5625e-02  1.7694e-03  1.1445e-02  -9.6752e-03  +3.9148e-05  +1.1446e-02  -1.1407e-02        1    +1.3760e-05  3.7772e-05  1.1445e-02  -1.1407e-02  1.0000e-01  
     76    1.7694e-03  3.1250e-02  3.4784e-03  1.1401e-02  -7.9230e-03  +3.8430e-05  +1.1403e-02  -1.1365e-02        1    +1.7134e-05  3.6717e-05  1.1401e-02  -1.1365e-02  1.0000e-01  
     77    3.4784e-03  1.5625e-02  1.7362e-03  1.1442e-02  -9.7056e-03  +3.7619e-05  +1.1443e-02  -1.1406e-02        1    +1.3677e-05  3.6251e-05  1.1442e-02  -1.1406e-02  1.0000e-01  
     78    1.7362e-03  3.1250e-02  3.4123e-03  1.1399e-02  -7.9871e-03  +3.6931e-05  +1.1401e-02  -1.1364e-02        1    +1.6924e-05  3.5239e-05  1.1399e-02  -1.1364e-02  1.0000e-01  
     79    3.4123e-03  1.5625e-02  1.7038e-03  1.1439e-02  -9.7352e-03  +3.6151e-05  +1.1440e-02  -1.1404e-02        1    +1.3597e-05  3.4791e-05  1.1439e-02  -1.1404e-02  1.0000e-01  
     80    1.7038e-03  3.1250e-02  3.3479e-03  1.1397e-02  -8.0496e-03  +3.5493e-05  +1.1399e-02  -1.1364e-02        1    +1.6722e-05  3.3820e-05  1.1397e-02  -1.1364e-02  1.0000e-01  
     81    3.3479e-03  1.5625e-02  1.6722e-03  1.1436e-02  -9.7641e-03  +3.4743e-05  +1.1438e-02  -1.1403e-02        1    +1.3518e-05  3.3391e-05  1.1436e-02  -1.1403e-02  1.0000e-01  
     82    1.6722e-03  3.1250e-02  3.2849e-03  1.1396e-02  -8.1107e-03  +3.4113e-05  +1.1397e-02  -1.1363e-02        1    +1.6527e-05  3.2460e-05  1.1396e-02  -1.1363e-02  1.0000e-01  
     83    3.2849e-03  1.5625e-02  1.6413e-03  1.1434e-02  -9.7924e-03  +3.3393e-05  +1.1435e-02  -1.1402e-02        1    +1.3442e-05  3.2049e-05  1.1434e-02  -1.1402e-02  1.0000e-01  
     84    1.6413e-03  3.1250e-02  3.2235e-03  1.1394e-02  -8.1702e-03  +3.2789e-05  +1.1395e-02  -1.1363e-02        1    +1.6339e-05  3.1155e-05  1.1394e-02  -1.1363e-02  1.0000e-01  
     85    3.2235e-03  1.5625e-02  1.6112e-03  1.1431e-02  -9.8200e-03  +3.2098e-05  +1.1432e-02  -1.1400e-02        1    +1.3368e-05  3.0761e-05  1.1431e-02  -1.1400e-02  1.0000e-01  
     86    1.6112e-03  3.1250e-02  3.1636e-03  1.1392e-02  -8.2284e-03  +3.1520e-05  +1.1394e-02  -1.1362e-02        1    +1.6157e-05  2.9904e-05  1.1392e-02  -1.1362e-02  1.0000e-01  
     87    3.1636e-03  1.5625e-02  1.5818e-03  1.1429e-02  -9.8469e-03  +3.0855e-05  +1.1430e-02  -1.1399e-02        1    +1.3296e-05  2.9526e-05  1.1429e-02  -1.1399e-02  1.0000e-01  
     88    1.5818e-03  3.1250e-02  3.1051e-03  1.1390e-02  -8.2851e-03  +3.0302e-05  +1.1392e-02  -1.1361e-02        1    +1.5982e-05  2.8704e-05  1.1390e-02  -1.1361e-02  1.0000e-01  
     89    3.1051e-03  1.5625e-02  1.5531e-03  1.1426e-02  -9.8732e-03  +2.9663e-05  +1.1428e-02  -1.1398e-02        1    +1.3225e-05  2.8341e-05  1.1426e-02  -1.1398e-02  1.0000e-01  
     90    1.5531e-03  3.1250e-02  3.0479e-03  1.1388e-02  -8.3405e-03  +2.9134e-05  +1.1390e-02  -1.1361e-02        1    +1.5813e-05  2.7552e-05  1.1388e-02  -1.1361e-02  1.0000e-01  
     91    3.0479e-03  1.5625e-02  1.5250e-03  1.1424e-02  -9.8988e-03  +2.8520e-05  +1.1425e-02  -1.1397e-02        1    +1.3156e-05  2.7204e-05  1.1424e-02  -1.1397e-02  1.0000e-01  
     92    1.5250e-03  3.1250e-02  2.9921e-03  1.1387e-02  -8.3946e-03  +2.8013e-05  +1.1388e-02  -1.1360e-02        1    +1.5650e-05  2.6448e-05  1.1387e-02  -1.1360e-02  1.0000e-01  
     93    2.9921e-03  1.5625e-02  1.4976e-03  1.1422e-02  -9.9239e-03  +2.7423e-05  +1.1423e-02  -1.1395e-02        1    +1.3089e-05  2.6114e-05  1.1422e-02  -1.1395e-02  1.0000e-01  
     94    1.4976e-03  3.1250e-02  2.9377e-03  1.1385e-02  -8.4475e-03  +2.6938e-05  +1.1387e-02  -1.1360e-02        1    +1.5493e-05  2.5389e-05  1.1385e-02  -1.1360e-02  1.0000e-01  
     95    2.9377e-03  1.5625e-02  1.4709e-03  1.1419e-02  -9.9484e-03  +2.6371e-05  +1.1421e-02  -1.1394e-02        1    +1.3024e-05  2.5069e-05  1.1419e-02  -1.1394e-02  1.0000e-01  
     96    1.4709e-03  3.1250e-02  2.8844e-03  1.1384e-02  -8.4991e-03  +2.5907e-05  +1.1385e-02  -1.1359e-02        1    +1.5340e-05  2.4373e-05  1.1384e-02  -1.1359e-02  1.0000e-01  
     97    2.8844e-03  1.5625e-02  1.4447e-03  1.1417e-02  -9.9723e-03  +2.5362e-05  +1.1418e-02  -1.1393e-02        1    +1.2960e-05  2.4066e-05  1.1417e-02  -1.1393e-02  1.0000e-01  
     98    1.4447e-03  3.1250e-02  2.8325e-03  1.1382e-02  -8.5495e-03  +2.4918e-05  +1.1383e-02  -1.1359e-02        1    +1.5193e-05  2.3399e-05  1.1382e-02  -1.1359e-02  1.0000e-01  
     99    2.8325e-03  1.5625e-02  1.4192e-03  1.1415e-02  -9.9956e-03  +2.4394e-05  +1.1416e-02  -1.1392e-02        1    +1.2897e-05  2.3104e-05  1.1415e-02  -1.1392e-02  1.0000e-01  
    100    1.4192e-03  3.1250e-02  2.7817e-03  1.1380e-02  -8.5987e-03  +2.3969e-05  +1.1382e-02  -1.1358e-02        1    +1.5051e-05  2.2464e-05  1.1380e-02  -1.1358e-02  1.0000e-01  
    101    2.7817e-03  1.5625e-02  1.3943e-03  1.1413e-02  -1.0018e-02  +2.3465e-05  +1.1414e-02  -1.1391e-02        1    +1.2836e-05  2.2182e-05  1.1413e-02  -1.1391e-02  1.0000e-01  
    102    1.3943e-03  3.1250e-02  2.7322e-03  1.1379e-02  -8.6468e-03  +2.3059e-05  +1.1380e-02  -1.1357e-02        1    +1.4913e-05  2.1568e-05  1.1379e-02  -1.1357e-02  1.0000e-01  
    103    2.7322e-03  1.5625e-02  1.3699e-03  1.1411e-02  -1.0041e-02  +2.2574e-05  +1.1412e-02  -1.1389e-02        1    +1.2776e-05  2.1297e-05  1.1411e-02  -1.1389e-02  1.0000e-01  
    104    1.3699e-03  3.1250e-02  2.6837e-03  1.1377e-02  -8.6937e-03  +2.2186e-05  +1.1379e-02  -1.1357e-02        1    +1.4780e-05  2.0708e-05  1.1377e-02  -1.1357e-02  1.0000e-01  
    105    2.6837e-03  1.5625e-02  1.3461e-03  1.1409e-02  -1.0063e-02  +2.1720e-05  +1.1410e-02  -1.1388e-02        1    +1.2718e-05  2.0448e-05  1.1409e-02  -1.1388e-02  1.0000e-01  
    106    1.3461e-03  3.1250e-02  2.6364e-03  1.1376e-02  -8.7396e-03  +2.1348e-05  +1.1377e-02  -1.1356e-02        1    +1.4651e-05  1.9883e-05  1.1376e-02  -1.1356e-02  1.0000e-01  
    107    2.6364e-03  1.5625e-02  1.3229e-03  1.1407e-02  -1.0084e-02  +2.0900e-05  +1.1408e-02  -1.1387e-02        1    +1.2661e-05  1.9634e-05  1.1407e-02  -1.1387e-02  1.0000e-01  
    108    1.3229e-03  3.1250e-02  2.5902e-03  1.1375e-02  -8.7845e-03  +2.0545e-05  +1.1376e-02  -1.1356e-02        1    +1.4527e-05  1.9092e-05  1.1375e-02  -1.1356e-02  1.0000e-01  
    109    2.5902e-03  1.5625e-02  1.3001e-03  1.1405e-02  -1.0105e-02  +2.0113e-05  +1.1406e-02  -1.1386e-02        1    +1.2605e-05  1.8853e-05  1.1405e-02  -1.1386e-02  1.0000e-01  
    110    1.3001e-03  3.1250e-02  2.5450e-03  1.1373e-02  -8.8283e-03  +1.9774e-05  +1.1375e-02  -1.1355e-02        1    +1.4406e-05  1.8333e-05  1.1373e-02  -1.1355e-02  1.0000e-01  
    111    2.5450e-03  1.5625e-02  1.2779e-03  1.1403e-02  -1.0125e-02  +1.9359e-05  +1.1404e-02  -1.1385e-02        1    +1.2551e-05  1.8104e-05  1.1403e-02  -1.1385e-02  1.0000e-01  
    112    1.2779e-03  3.1250e-02  2.5008e-03  1.1372e-02  -8.8711e-03  +1.9034e-05  +1.1373e-02  -1.1354e-02        1    +1.4289e-05  1.7605e-05  1.1372e-02  -1.1354e-02  1.0000e-01  
    113    2.5008e-03  1.5625e-02  1.2562e-03  1.1401e-02  -1.0145e-02  +1.8635e-05  +1.1402e-02  -1.1384e-02        1    +1.2497e-05  1.7385e-05  1.1401e-02  -1.1384e-02  1.0000e-01  
    114    1.2562e-03  3.1250e-02  2.4576e-03  1.1371e-02  -8.9129e-03  +1.8325e-05  +1.1372e-02  -1.1354e-02        1    +1.4176e-05  1.6907e-05  1.1371e-02  -1.1354e-02  1.0000e-01  
    115    2.4576e-03  1.5625e-02  1.2350e-03  1.1399e-02  -1.0164e-02  +1.7941e-05  +1.1400e-02  -1.1382e-02        1    +1.2445e-05  1.6696e-05  1.1399e-02  -1.1382e-02  1.0000e-01  
    116    1.2350e-03  3.1250e-02  2.4154e-03  1.1369e-02  -8.9538e-03  +1.7644e-05  +1.1371e-02  -1.1353e-02        1    +1.4066e-05  1.6237e-05  1.1369e-02  -1.1353e-02  1.0000e-01  
    117    2.4154e-03  1.5625e-02  1.2142e-03  1.1397e-02  -1.0183e-02  +1.7275e-05  +1.1399e-02  -1.1381e-02        1    +1.2393e-05  1.6035e-05  1.1397e-02  -1.1381e-02  1.0000e-01  
    118    1.2142e-03  3.1250e-02  2.3742e-03  1.1368e-02  -8.9938e-03  +1.6991e-05  +1.1369e-02  -1.1352e-02        1    +1.3959e-05  1.5595e-05  1.1368e-02  -1.1352e-02  1.0000e-01  
    119    2.3742e-03  1.5625e-02  1.1939e-03  1.1396e-02  -1.0202e-02  +1.6635e-05  +1.1397e-02  -1.1380e-02        1    +1.2343e-05  1.5401e-05  1.1396e-02  -1.1380e-02  1.0000e-01  
    120    1.1939e-03  3.1250e-02  2.3339e-03  1.1367e-02  -9.0328e-03  +1.6364e-05  +1.1368e-02  -1.1352e-02        1    +1.3856e-05  1.4979e-05  1.1367e-02  -1.1352e-02  1.0000e-01  
    121    2.3339e-03  1.5625e-02  1.1741e-03  1.1394e-02  -1.0220e-02  +1.6022e-05  +1.1395e-02  -1.1379e-02        1    +1.2294e-05  1.4793e-05  1.1394e-02  -1.1379e-02  1.0000e-01  
    122    1.1741e-03  3.1250e-02  2.2944e-03  1.1365e-02  -9.0710e-03  +1.5763e-05  +1.1367e-02  -1.1351e-02        1    +1.3755e-05  1.4388e-05  1.1365e-02  -1.1351e-02  1.0000e-01  
    123    2.2944e-03  1.5625e-02  1.1547e-03  1.1392e-02  -1.0237e-02  +1.5434e-05  +1.1393e-02  -1.1378e-02        1    +1.2245e-05  1.4209e-05  1.1392e-02  -1.1378e-02  1.0000e-01  
    124    1.1547e-03  3.1250e-02  2.2559e-03  1.1364e-02  -9.1083e-03  +1.5186e-05  +1.1366e-02  -1.1350e-02        1    +1.3658e-05  1.3821e-05  1.1364e-02  -1.1350e-02  1.0000e-01  
    125    2.2559e-03  1.5625e-02  1.1357e-03  1.1390e-02  -1.0255e-02  +1.4869e-05  +1.1392e-02  -1.1377e-02        1    +1.2198e-05  1.3650e-05  1.1390e-02  -1.1377e-02  1.0000e-01  
    126    1.1357e-03  3.1250e-02  2.2182e-03  1.1363e-02  -9.1448e-03  +1.4633e-05  +1.1364e-02  -1.1350e-02        1    +1.3563e-05  1.3277e-05  1.1363e-02  -1.1350e-02  1.0000e-01  
    127    2.2182e-03  1.5625e-02  1.1171e-03  1.1389e-02  -1.0272e-02  +1.4328e-05  +1.1390e-02  -1.1376e-02        1    +1.2152e-05  1.3113e-05  1.1389e-02  -1.1376e-02  1.0000e-01  
    128    1.1171e-03  3.1250e-02  2.1813e-03  1.1362e-02  -9.1805e-03  +1.4102e-05  +1.1363e-02  -1.1349e-02        1    +1.3471e-05  1.2755e-05  1.1362e-02  -1.1349e-02  1.0000e-01  
    129    2.1813e-03  1.5625e-02  1.0990e-03  1.1387e-02  -1.0288e-02  +1.3808e-05  +1.1388e-02  -1.1375e-02        1    +1.2106e-05  1.2597e-05  1.1387e-02  -1.1375e-02  1.0000e-01  
    130    1.0990e-03  3.1250e-02  2.1453e-03  1.1361e-02  -9.2154e-03  +1.3592e-05  +1.1362e-02  -1.1348e-02        1    +1.3382e-05  1.2254e-05  1.1361e-02  -1.1348e-02  1.0000e-01  
    131    2.1453e-03  1.5625e-02  1.0812e-03  1.1386e-02  -1.0304e-02  +1.3309e-05  +1.1387e-02  -1.1374e-02        1    +1.2061e-05  1.2103e-05  1.1386e-02  -1.1374e-02  1.0000e-01  
    132    1.0812e-03  3.1250e-02  2.1100e-03  1.1360e-02  -9.2496e-03  +1.3103e-05  +1.1361e-02  -1.1348e-02        1    +1.3295e-05  1.1774e-05  1.1360e-02  -1.1348e-02  1.0000e-01  
    133    2.1100e-03  1.5625e-02  1.0638e-03  1.1384e-02  -1.0320e-02  +1.2831e-05  +1.1385e-02  -1.1372e-02        1    +1.2017e-05  1.1629e-05  1.1384e-02  -1.1372e-02  1.0000e-01  
    134    1.0638e-03  3.1250e-02  2.0755e-03  1.1358e-02  -9.2830e-03  +1.2634e-05  +1.1360e-02  -1.1347e-02        1    +1.3211e-05  1.1313e-05  1.1358e-02  -1.1347e-02  1.0000e-01  
    135    2.0755e-03  1.5625e-02  1.0468e-03  1.1383e-02  -1.0336e-02  +1.2372e-05  +1.1384e-02  -1.1371e-02        1    +1.1974e-05  1.1174e-05  1.1383e-02  -1.1371e-02  1.0000e-01  
    136    1.0468e-03  3.1250e-02  2.0417e-03  1.1357e-02  -9.3156e-03  +1.2184e-05  +1.1359e-02  -1.1346e-02        1    +1.3129e-05  1.0871e-05  1.1357e-02  -1.1346e-02  1.0000e-01  
    137    2.0417e-03  1.5625e-02  1.0302e-03  1.1381e-02  -1.0351e-02  +1.1931e-05  +1.1382e-02  -1.1370e-02        1    +1.1931e-05  1.0738e-05  1.1381e-02  -1.1370e-02  1.0000e-01  
    138    1.0302e-03  3.1250e-02  2.0087e-03  1.1356e-02  -9.3476e-03  +1.1752e-05  +1.1358e-02  -1.1346e-02        1    +1.3049e-05  1.0447e-05  1.1356e-02  -1.1346e-02  1.0000e-01  
    139    2.0087e-03  1.5625e-02  1.0139e-03  1.1380e-02  -1.0366e-02  +1.1508e-05  +1.1381e-02  -1.1369e-02        1    +1.1890e-05  1.0319e-05  1.1380e-02  -1.1369e-02  1.0000e-01  
    140    1.0139e-03  3.1250e-02  1.9764e-03  1.1355e-02  -9.3788e-03  +1.1337e-05  +1.1356e-02  -1.1345e-02        1    +1.2971e-05  1.0040e-05  1.1355e-02  -1.1345e-02  1.0000e-01  
    141    1.9764e-03  1.5625e-02  9.9797e-04  1.1378e-02  -1.0380e-02  +1.1102e-05  +1.1379e-02  -1.1368e-02        1    +1.1849e-05  9.9176e-06  1.1378e-02  -1.1368e-02  1.0000e-01  
    142    9.9797e-04  3.1250e-02  1.9447e-03  1.1354e-02  -9.4094e-03  +1.0939e-05  +1.1355e-02  -1.1344e-02        1    +1.2896e-05  9.6497e-06  1.1354e-02  -1.1344e-02  1.0000e-01  
    143    1.9447e-03  1.5625e-02  9.8237e-04  1.1377e-02  -1.0394e-02  +1.0713e-05  +1.1378e-02  -1.1367e-02        1    +1.1808e-05  9.5322e-06  1.1377e-02  -1.1367e-02  1.0000e-01  
    144    9.8237e-04  3.1250e-02  1.9138e-03  1.1353e-02  -9.4393e-03  +1.0557e-05  +1.1354e-02  -1.1344e-02        1    +1.2822e-05  9.2751e-06  1.1353e-02  -1.1344e-02  1.0000e-01  
    145    1.9138e-03  1.5625e-02  9.6711e-04  1.1375e-02  -1.0408e-02  +1.0339e-05  +1.1377e-02  -1.1366e-02        1    +1.1769e-05  9.1624e-06  1.1375e-02  -1.1366e-02  1.0000e-01  
    146    9.6711e-04  3.1250e-02  1.8835e-03  1.1352e-02  -9.4686e-03  +1.0191e-05  +1.1353e-02  -1.1343e-02        1    +1.2750e-05  8.9157e-06  1.1352e-02  -1.1343e-02  1.0000e-01  
    147    1.8835e-03  1.5625e-02  9.5216e-04  1.1374e-02  -1.0422e-02  +9.9805e-06  +1.1375e-02  -1.1365e-02        1    +1.1730e-05  8.8076e-06  1.1374e-02  -1.1365e-02  1.0000e-01  
    148    9.5216e-04  3.1250e-02  1.8538e-03  1.1351e-02  -9.4972e-03  +9.8388e-06  +1.1352e-02  -1.1342e-02        1    +1.2680e-05  8.5708e-06  1.1351e-02  -1.1342e-02  1.0000e-01  
    149    1.8538e-03  1.5625e-02  9.3753e-04  1.1373e-02  -1.0435e-02  +9.6362e-06  +1.1374e-02  -1.1364e-02        1    +1.1691e-05  8.4671e-06  1.1373e-02  -1.1364e-02  1.0000e-01  
    150    9.3753e-04  3.1250e-02  1.8248e-03  1.1350e-02  -9.5252e-03  +9.5011e-06  +1.1351e-02  -1.1342e-02        1    +1.2612e-05  8.2399e-06  1.1350e-02  -1.1342e-02  1.0000e-01  
    151    1.8248e-03  1.5625e-02  9.2321e-04  1.1371e-02  -1.0448e-02  +9.3057e-06  +1.1372e-02  -1.1363e-02        1    +1.1654e-05  8.1404e-06  1.1371e-02  -1.1363e-02  1.0000e-01  
    152    9.2321e-04  3.1250e-02  1.7964e-03  1.1349e-02  -9.5526e-03  +9.1768e-06  +1.1350e-02  -1.1341e-02        1    +1.2545e-05  7.9223e-06  1.1349e-02  -1.1341e-02  1.0000e-01  
    153    1.7964e-03  1.5625e-02  9.0918e-04  1.1370e-02  -1.0461e-02  +8.9885e-06  +1.1371e-02  -1.1362e-02        1    +1.1617e-05  7.8268e-06  1.1370e-02  -1.1362e-02  1.0000e-01  
    154    9.0918e-04  3.1250e-02  1.7685e-03  1.1348e-02  -9.5795e-03  +8.8656e-06  +1.1349e-02  -1.1340e-02        1    +1.2481e-05  7.6175e-06  1.1348e-02  -1.1340e-02  1.0000e-01  
    155    1.7685e-03  1.5625e-02  8.9544e-04  1.1369e-02  -1.0473e-02  +8.6840e-06  +1.1370e-02  -1.1361e-02        1    +1.1580e-05  7.5260e-06  1.1369e-02  -1.1361e-02  1.0000e-01  
    156    8.9544e-04  3.1250e-02  1.7413e-03  1.1347e-02  -9.6058e-03  +8.5668e-06  +1.1348e-02  -1.1340e-02        1    +1.2417e-05  7.3251e-06  1.1347e-02  -1.1340e-02  1.0000e-01  
    157    1.7413e-03  1.5625e-02  8.8199e-04  1.1367e-02  -1.0485e-02  +8.3916e-06  +1.1368e-02  -1.1360e-02        1    +1.1544e-05  7.2372e-06  1.1367e-02  -1.1360e-02  1.0000e-01  
    158    8.8199e-04  3.1250e-02  1.7146e-03  1.1346e-02  -9.6315e-03  +8.2799e-06  +1.1347e-02  -1.1339e-02        1    +1.2355e-05  7.0444e-06  1.1346e-02  -1.1339e-02  1.0000e-01  
    159    1.7146e-03  1.5625e-02  8.6882e-04  1.1366e-02  -1.0497e-02  +8.1110e-06  +1.1367e-02  -1.1359e-02        1    +1.1509e-05  6.9601e-06  1.1366e-02  -1.1359e-02  1.0000e-01  
    160    8.6882e-04  3.1250e-02  1.6885e-03  1.1345e-02  -9.6567e-03  +8.0045e-06  +1.1346e-02  -1.1338e-02        1    +1.2295e-05  6.7750e-06  1.1345e-02  -1.1338e-02  1.0000e-01  
    161    1.6885e-03  1.5625e-02  8.5591e-04  1.1365e-02  -1.0509e-02  +7.8415e-06  +1.1366e-02  -1.1358e-02        1    +1.1474e-05  6.6942e-06  1.1365e-02  -1.1358e-02  1.0000e-01  
    162    8.5591e-04  3.1250e-02  1.6629e-03  1.1344e-02  -9.6813e-03  +7.7401e-06  +1.1345e-02  -1.1338e-02        1    +1.2236e-05  6.5165e-06  1.1344e-02  -1.1338e-02  1.0000e-01  
    163    1.6629e-03  1.5625e-02  8.4327e-04  1.1364e-02  -1.0520e-02  +7.5828e-06  +1.1365e-02  -1.1357e-02        1    +1.1439e-05  6.4389e-06  1.1364e-02  -1.1357e-02  1.0000e-01  
    164    8.4327e-04  3.1250e-02  1.6378e-03  1.1343e-02  -9.7054e-03  +7.4862e-06  +1.1345e-02  -1.1337e-02        1    +1.2179e-05  6.2683e-06  1.1343e-02  -1.1337e-02  1.0000e-01  
    165    1.6378e-03  1.5625e-02  8.3089e-04  1.1362e-02  -1.0531e-02  +7.3344e-06  +1.1363e-02  -1.1356e-02        1    +1.1405e-05  6.1939e-06  1.1362e-02  -1.1356e-02  1.0000e-01  
    166    8.3089e-04  3.1250e-02  1.6133e-03  1.1342e-02  -9.7291e-03  +7.2424e-06  +1.1344e-02  -1.1336e-02        1    +1.2123e-05  6.0302e-06  1.1342e-02  -1.1336e-02  1.0000e-01  
    167    1.6133e-03  1.5625e-02  8.1875e-04  1.1361e-02  -1.0542e-02  +7.0959e-06  +1.1362e-02  -1.1355e-02        1    +1.1372e-05  5.9587e-06  1.1361e-02  -1.1355e-02  1.0000e-01  
    168    8.1875e-04  3.1250e-02  1.5892e-03  1.1341e-02  -9.7522e-03  +7.0083e-06  +1.1343e-02  -1.1336e-02        1    +1.2068e-05  5.8015e-06  1.1341e-02  -1.1336e-02  1.0000e-01  
    169    1.5892e-03  1.5625e-02  8.0686e-04  1.1360e-02  -1.0553e-02  +6.8669e-06  +1.1361e-02  -1.1354e-02        1    +1.1339e-05  5.7330e-06  1.1360e-02  -1.1354e-02  1.0000e-01  
    170    8.0686e-04  3.1250e-02  1.5657e-03  1.1341e-02  -9.7749e-03  +6.7835e-06  +1.1342e-02  -1.1335e-02        1    +1.2014e-05  5.5821e-06  1.1341e-02  -1.1335e-02  1.0000e-01  
    171    1.5657e-03  1.5625e-02  7.9522e-04  1.1359e-02  -1.0564e-02  +6.6469e-06  +1.1360e-02  -1.1353e-02        1    +1.1306e-05  5.5163e-06  1.1359e-02  -1.1353e-02  1.0000e-01  
    172    7.9522e-04  3.1250e-02  1.5426e-03  1.1340e-02  -9.7971e-03  +6.5675e-06  +1.1341e-02  -1.1334e-02        1    +1.1961e-05  5.3714e-06  1.1340e-02  -1.1334e-02  1.0000e-01  
    173    1.5426e-03  1.5625e-02  7.8380e-04  1.1358e-02  -1.0574e-02  +6.4357e-06  +1.1359e-02  -1.1352e-02        1    +1.1274e-05  5.3083e-06  1.1358e-02  -1.1352e-02  1.0000e-01  
    174    7.8380e-04  3.1250e-02  1.5200e-03  1.1339e-02  -9.8188e-03  +6.3602e-06  +1.1340e-02  -1.1334e-02        1    +1.1910e-05  5.1692e-06  1.1339e-02  -1.1334e-02  1.0000e-01  
    175    1.5200e-03  1.5625e-02  7.7261e-04  1.1356e-02  -1.0584e-02  +6.2329e-06  +1.1358e-02  -1.1351e-02        1    +1.1243e-05  5.1086e-06  1.1356e-02  -1.1351e-02  1.0000e-01  
    176    7.7261e-04  3.1250e-02  1.4978e-03  1.1338e-02  -9.8401e-03  +6.1610e-06  +1.1339e-02  -1.1333e-02        1    +1.1860e-05  4.9750e-06  1.1338e-02  -1.1333e-02  1.0000e-01  
    177    1.4978e-03  1.5625e-02  7.6165e-04  1.1355e-02  -1.0594e-02  +6.0380e-06  +1.1356e-02  -1.1350e-02        1    +1.1212e-05  4.9169e-06  1.1355e-02  -1.1350e-02  1.0000e-01  
    178    7.6165e-04  3.1250e-02  1.4761e-03  1.1337e-02  -9.8609e-03  +5.9696e-06  +1.1338e-02  -1.1332e-02        1    +1.1810e-05  4.7886e-06  1.1337e-02  -1.1332e-02  1.0000e-01  
    179    1.4761e-03  1.5625e-02  7.5090e-04  1.1354e-02  -1.0603e-02  +5.8509e-06  +1.1355e-02  -1.1349e-02        1    +1.1181e-05  4.7328e-06  1.1354e-02  -1.1349e-02  1.0000e-01  
    180    7.5090e-04  3.1250e-02  1.4548e-03  1.1336e-02  -9.8814e-03  +5.7858e-06  +1.1337e-02  -1.1332e-02        1    +1.1762e-05  4.6096e-06  1.1336e-02  -1.1332e-02  1.0000e-01  
    181    1.4548e-03  1.5625e-02  7.4036e-04  1.1353e-02  -1.0613e-02  +5.6711e-06  +1.1354e-02  -1.1349e-02        1    +1.1150e-05  4.5561e-06  1.1353e-02  -1.1349e-02  1.0000e-01  
    182    7.4036e-04  3.1250e-02  1.4339e-03  1.1335e-02  -9.9014e-03  +5.6093e-06  +1.1336e-02  -1.1331e-02        1    +1.1715e-05  4.4378e-06  1.1335e-02  -1.1331e-02  1.0000e-01  
    183    1.4339e-03  1.5625e-02  7.3004e-04  1.1352e-02  -1.0622e-02  +5.4984e-06  +1.1353e-02  -1.1348e-02        1    +1.1120e-05  4.3864e-06  1.1352e-02  -1.1348e-02  1.0000e-01  
    184    7.3004e-04  3.1250e-02  1.4135e-03  1.1334e-02  -9.9210e-03  +5.4396e-06  +1.1336e-02  -1.1330e-02        1    +1.1669e-05  4.2728e-06  1.1334e-02  -1.1330e-02  1.0000e-01  
    185    1.4135e-03  1.5625e-02  7.1991e-04  1.1351e-02  -1.0631e-02  +5.3325e-06  +1.1352e-02  -1.1347e-02        1    +1.1091e-05  4.2234e-06  1.1351e-02  -1.1347e-02  1.0000e-01  
    186    7.1991e-04  3.1250e-02  1.3934e-03  1.1334e-02  -9.9402e-03  +5.2766e-06  +1.1335e-02  -1.1330e-02        1    +1.1623e-05  4.1143e-06  1.1334e-02  -1.1330e-02  1.0000e-01  
    187    1.3934e-03  1.5625e-02  7.0998e-04  1.1350e-02  -1.0640e-02  +5.1731e-06  +1.1351e-02  -1.1346e-02        1    +1.1062e-05  4.0670e-06  1.1350e-02  -1.1346e-02  1.0000e-01  
    188    7.0998e-04  3.1250e-02  1.3738e-03  1.1333e-02  -9.9590e-03  +5.1200e-06  +1.1334e-02  -1.1329e-02        1    +1.1579e-05  3.9621e-06  1.1333e-02  -1.1329e-02  1.0000e-01  
    189    1.3738e-03  1.5625e-02  7.0024e-04  1.1349e-02  -1.0649e-02  +5.0200e-06  +1.1350e-02  -1.1345e-02        1    +1.1033e-05  3.9167e-06  1.1349e-02  -1.1345e-02  1.0000e-01  
    190    7.0024e-04  3.1250e-02  1.3545e-03  1.1332e-02  -9.9774e-03  +4.9695e-06  +1.1333e-02  -1.1328e-02        1    +1.1536e-05  3.8160e-06  1.1332e-02  -1.1328e-02  1.0000e-01  
    191    1.3545e-03  1.5625e-02  6.9070e-04  1.1348e-02  -1.0657e-02  +4.8728e-06  +1.1349e-02  -1.1344e-02        1    +1.1004e-05  3.7724e-06  1.1348e-02  -1.1344e-02  1.0000e-01  
    192    6.9070e-04  3.1250e-02  1.3356e-03  1.1331e-02  -9.9955e-03  +4.8249e-06  +1.1332e-02  -1.1327e-02        1    +1.1493e-05  3.6756e-06  1.1331e-02  -1.1327e-02  1.0000e-01  
    193    1.3356e-03  1.5625e-02  6.8133e-04  1.1347e-02  -1.0665e-02  +4.7314e-06  +1.1348e-02  -1.1343e-02        1    +1.0976e-05  3.6338e-06  1.1347e-02  -1.1343e-02  1.0000e-01  
    194    6.8133e-04  3.1250e-02  1.3171e-03  1.1330e-02  -1.0013e-02  +4.6859e-06  +1.1331e-02  -1.1327e-02        1    +1.1451e-05  3.5408e-06  1.1330e-02  -1.1327e-02  1.0000e-01  
    195    1.3171e-03  1.5625e-02  6.7215e-04  1.1346e-02  -1.0674e-02  +4.5955e-06  +1.1347e-02  -1.1342e-02        1    +1.0948e-05  3.5006e-06  1.1346e-02  -1.1342e-02  1.0000e-01  
    196    6.7215e-04  3.1250e-02  1.2989e-03  1.1330e-02  -1.0031e-02  +4.5523e-06  +1.1331e-02  -1.1326e-02        1    +1.1410e-05  3.4114e-06  1.1330e-02  -1.1326e-02  1.0000e-01  
    197    1.2989e-03  1.5625e-02  6.6314e-04  1.1345e-02  -1.0681e-02  +4.4648e-06  +1.1346e-02  -1.1341e-02        1    +1.0921e-05  3.3728e-06  1.1345e-02  -1.1341e-02  1.0000e-01  
    198    6.6314e-04  3.1250e-02  1.2811e-03  1.1329e-02  -1.0048e-02  +4.4239e-06  +1.1330e-02  -1.1325e-02        1    +1.1370e-05  3.2870e-06  1.1329e-02  -1.1325e-02  1.0000e-01  
    199    1.2811e-03  1.5625e-02  6.5431e-04  1.1344e-02  -1.0689e-02  +4.3393e-06  +1.1345e-02  -1.1340e-02        1    +1.0894e-05  3.2499e-06  1.1344e-02  -1.1340e-02  1.0000e-01  
    200    6.5431e-04  3.1250e-02  1.2636e-03  1.1328e-02  -1.0064e-02  +4.3005e-06  +1.1329e-02  -1.1325e-02        1    +1.1330e-05  3.1675e-06  1.1328e-02  -1.1325e-02  1.0000e-01  
    201    1.2636e-03  1.5625e-02  6.4564e-04  1.1343e-02  -1.0697e-02  +4.2186e-06  +1.1344e-02  -1.1339e-02        1    +1.0867e-05  3.1319e-06  1.1343e-02  -1.1339e-02  1.0000e-01  
    202    6.4564e-04  3.1250e-02  1.2465e-03  1.1327e-02  -1.0081e-02  +4.1818e-06  +1.1328e-02  -1.1324e-02        1    +1.1291e-05  3.0527e-06  1.1327e-02  -1.1324e-02  1.0000e-01  
    203    1.2465e-03  1.5625e-02  6.3714e-04  1.1342e-02  -1.0704e-02  +4.1026e-06  +1.1343e-02  -1.1339e-02        1    +1.0840e-05  3.0186e-06  1.1342e-02  -1.1339e-02  1.0000e-01  
    204    6.3714e-04  3.1250e-02  1.2297e-03  1.1326e-02  -1.0097e-02  +4.0678e-06  +1.1327e-02  -1.1323e-02        1    +1.1253e-05  2.9424e-06  1.1326e-02  -1.1323e-02  1.0000e-01  
    205    1.2297e-03  1.5625e-02  6.2879e-04  1.1341e-02  -1.0712e-02  +3.9910e-06  +1.1342e-02  -1.1338e-02        1    +1.0814e-05  2.9096e-06  1.1341e-02  -1.1338e-02  1.0000e-01  
    206    6.2879e-04  3.1250e-02  1.2132e-03  1.1326e-02  -1.0112e-02  +3.9581e-06  +1.1327e-02  -1.1323e-02        1    +1.1216e-05  2.8365e-06  1.1326e-02  -1.1323e-02  1.0000e-01  
    207    1.2132e-03  1.5625e-02  6.2061e-04  1.1340e-02  -1.0719e-02  +3.8838e-06  +1.1341e-02  -1.1337e-02        1    +1.0788e-05  2.8050e-06  1.1340e-02  -1.1337e-02  1.0000e-01  
    208    6.2061e-04  3.1250e-02  1.1970e-03  1.1325e-02  -1.0128e-02  +3.8526e-06  +1.1326e-02  -1.1322e-02        1    +1.1179e-05  2.7347e-06  1.1325e-02  -1.1322e-02  1.0000e-01  
    209    1.1970e-03  1.5625e-02  6.1258e-04  1.1339e-02  -1.0726e-02  +3.7807e-06  +1.1340e-02  -1.1336e-02        1    +1.0763e-05  2.7044e-06  1.1339e-02  -1.1336e-02  1.0000e-01  
    210    6.1258e-04  3.1250e-02  1.1811e-03  1.1324e-02  -1.0143e-02  +3.7511e-06  +1.1325e-02  -1.1321e-02        1    +1.1143e-05  2.6369e-06  1.1324e-02  -1.1321e-02  1.0000e-01  
    211    1.1811e-03  1.5625e-02  6.0469e-04  1.1338e-02  -1.0733e-02  +3.6815e-06  +1.1339e-02  -1.1335e-02        1    +1.0737e-05  2.6078e-06  1.1338e-02  -1.1335e-02  1.0000e-01  
    212    6.0469e-04  3.1250e-02  1.1655e-03  1.1323e-02  -1.0158e-02  +3.6536e-06  +1.1324e-02  -1.1321e-02        1    +1.1107e-05  2.5429e-06  1.1323e-02  -1.1321e-02  1.0000e-01  
    213    1.1655e-03  1.5625e-02  5.9696e-04  1.1337e-02  -1.0740e-02  +3.5861e-06  +1.1338e-02  -1.1334e-02        1    +1.0712e-05  2.5149e-06  1.1337e-02  -1.1334e-02  1.0000e-01  
    214    5.9696e-04  3.1250e-02  1.1503e-03  1.1322e-02  -1.0172e-02  +3.5597e-06  +1.1324e-02  -1.1320e-02        1    +1.1072e-05  2.4525e-06  1.1322e-02  -1.1320e-02  1.0000e-01  
    215    1.1503e-03  1.5625e-02  5.8936e-04  1.1336e-02  -1.0746e-02  +3.4944e-06  +1.1337e-02  -1.1333e-02        1    +1.0687e-05  2.4257e-06  1.1336e-02  -1.1333e-02  1.0000e-01  
    216    5.8936e-04  3.1250e-02  1.1353e-03  1.1322e-02  -1.0186e-02  +3.4695e-06  +1.1323e-02  -1.1319e-02        1    +1.1038e-05  2.3657e-06  1.1322e-02  -1.1319e-02  1.0000e-01  
    217    1.1353e-03  1.5625e-02  5.8191e-04  1.1335e-02  -1.0753e-02  +3.4062e-06  +1.1336e-02  -1.1333e-02        1    +1.0663e-05  2.3399e-06  1.1335e-02  -1.1333e-02  1.0000e-01  
    218    5.8191e-04  3.1250e-02  1.1205e-03  1.1321e-02  -1.0200e-02  +3.3826e-06  +1.1322e-02  -1.1319e-02        1    +1.1004e-05  2.2822e-06  1.1321e-02  -1.1319e-02  1.0000e-01  
    219    1.1205e-03  1.5625e-02  5.7459e-04  1.1334e-02  -1.0759e-02  +3.3213e-06  +1.1335e-02  -1.1332e-02        1    +1.0639e-05  2.2575e-06  1.1334e-02  -1.1332e-02  1.0000e-01  
    220    5.7459e-04  3.1250e-02  1.1061e-03  1.1320e-02  -1.0214e-02  +3.2991e-06  +1.1321e-02  -1.1318e-02        1    +1.0971e-05  2.2020e-06  1.1320e-02  -1.1318e-02  1.0000e-01  
    221    1.1061e-03  1.5625e-02  5.6741e-04  1.1333e-02  -1.0766e-02  +3.2397e-06  +1.1334e-02  -1.1331e-02        1    +1.0615e-05  2.1782e-06  1.1333e-02  -1.1331e-02  1.0000e-01  
    222    5.6741e-04  3.1250e-02  1.0919e-03  1.1319e-02  -1.0228e-02  +3.2187e-06  +1.1321e-02  -1.1317e-02        1    +1.0938e-05  2.1249e-06  1.1319e-02  -1.1317e-02  1.0000e-01  
    223    1.0919e-03  1.5625e-02  5.6036e-04  1.1332e-02  -1.0772e-02  +3.1611e-06  +1.1333e-02  -1.1330e-02        1    +1.0591e-05  2.1020e-06  1.1332e-02  -1.1330e-02  1.0000e-01  
    224    5.6036e-04  3.1250e-02  1.0780e-03  1.1319e-02  -1.0241e-02  +3.1413e-06  +1.1320e-02  -1.1317e-02        1    +1.0906e-05  2.0507e-06  1.1319e-02  -1.1317e-02  1.0000e-01  
    225    1.0780e-03  1.5625e-02  5.5344e-04  1.1331e-02  -1.0778e-02  +3.0855e-06  +1.1332e-02  -1.1329e-02        1    +1.0567e-05  2.0288e-06  1.1331e-02  -1.1329e-02  1.0000e-01  
    226    5.5344e-04  3.1250e-02  1.0643e-03  1.1318e-02  -1.0254e-02  +3.0669e-06  +1.1319e-02  -1.1316e-02        1    +1.0874e-05  1.9794e-06  1.1318e-02  -1.1316e-02  1.0000e-01  
    227    1.0643e-03  1.5625e-02  5.4664e-04  1.1330e-02  -1.0784e-02  +3.0127e-06  +1.1331e-02  -1.1328e-02        1    +1.0544e-05  1.9583e-06  1.1330e-02  -1.1328e-02  1.0000e-01  
    228    5.4664e-04  3.1250e-02  1.0509e-03  1.1317e-02  -1.0266e-02  +2.9952e-06  +1.1318e-02  -1.1315e-02        1    +1.0843e-05  1.9109e-06  1.1317e-02  -1.1315e-02  1.0000e-01  
    229    1.0509e-03  1.5625e-02  5.3996e-04  1.1329e-02  -1.0789e-02  +2.9427e-06  +1.1331e-02  -1.1328e-02        1    +1.0521e-05  1.8906e-06  1.1329e-02  -1.1328e-02  1.0000e-01  
    230    5.3996e-04  3.1250e-02  1.0377e-03  1.1317e-02  -1.0279e-02  +2.9262e-06  +1.1318e-02  -1.1315e-02        1    +1.0812e-05  1.8450e-06  1.1317e-02  -1.1315e-02  1.0000e-01  
    231    1.0377e-03  1.5625e-02  5.3341e-04  1.1329e-02  -1.0795e-02  +2.8753e-06  +1.1330e-02  -1.1327e-02        1    +1.0498e-05  1.8255e-06  1.1329e-02  -1.1327e-02  1.0000e-01  
    232    5.3341e-04  3.1250e-02  1.0248e-03  1.1316e-02  -1.0291e-02  +2.8598e-06  +1.1317e-02  -1.1314e-02        1    +1.0782e-05  1.7816e-06  1.1316e-02  -1.1314e-02  1.0000e-01  
    233    1.0248e-03  1.5625e-02  5.2697e-04  1.1328e-02  -1.0801e-02  +2.8104e-06  +1.1329e-02  -1.1326e-02        1    +1.0476e-05  1.7628e-06  1.1328e-02  -1.1326e-02  1.0000e-01  
    234    5.2697e-04  3.1250e-02  1.0121e-03  1.1315e-02  -1.0303e-02  +2.7959e-06  +1.1316e-02  -1.1313e-02        1    +1.0752e-05  1.7206e-06  1.1315e-02  -1.1313e-02  1.0000e-01  
    235    1.0121e-03  1.5625e-02  5.2065e-04  1.1327e-02  -1.0806e-02  +2.7479e-06  +1.1328e-02  -1.1325e-02        1    +1.0453e-05  1.7026e-06  1.1327e-02  -1.1325e-02  1.0000e-01  
    236    5.2065e-04  3.1250e-02  9.9963e-04  1.1314e-02  -1.0315e-02  +2.7343e-06  +1.1315e-02  -1.1313e-02        1    +1.0723e-05  1.6620e-06  1.1314e-02  -1.1313e-02  1.0000e-01  
    237    9.9963e-04  1.5625e-02  5.1444e-04  1.1326e-02  -1.0812e-02  +2.6878e-06  +1.1327e-02  -1.1324e-02        1    +1.0431e-05  1.6447e-06  1.1326e-02  -1.1324e-02  1.0000e-01  
    238    5.1444e-04  3.1250e-02  9.8738e-04  1.1314e-02  -1.0326e-02  +2.6750e-06  +1.1315e-02  -1.1312e-02        1    +1.0694e-05  1.6056e-06  1.1314e-02  -1.1312e-02  1.0000e-01  
    239    9.8738e-04  1.5625e-02  5.0834e-04  1.1325e-02  -1.0817e-02  +2.6298e-06  +1.1326e-02  -1.1324e-02        1    +1.0409e-05  1.5889e-06  1.1325e-02  -1.1324e-02  1.0000e-01  
    240    5.0834e-04  3.1250e-02  9.7535e-04  1.1313e-02  -1.0338e-02  +2.6179e-06  +1.1314e-02  -1.1311e-02        1    +1.0666e-05  1.5513e-06  1.1313e-02  -1.1311e-02  1.0000e-01  
    241    9.7535e-04  1.5625e-02  5.0235e-04  1.1324e-02  -1.0822e-02  +2.5741e-06  +1.1325e-02  -1.1323e-02        1    +1.0387e-05  1.5353e-06  1.1324e-02  -1.1323e-02  1.0000e-01  
    242    5.0235e-04  3.1250e-02  9.6354e-04  1.1312e-02  -1.0349e-02  +2.5629e-06  +1.1313e-02  -1.1311e-02        1    +1.0637e-05  1.4991e-06  1.1312e-02  -1.1311e-02  1.0000e-01  
    243    9.6354e-04  1.5625e-02  4.9646e-04  1.1323e-02  -1.0827e-02  +2.5203e-06  +1.1324e-02  -1.1322e-02        1    +1.0366e-05  1.4837e-06  1.1323e-02  -1.1322e-02  1.0000e-01  
    244    4.9646e-04  3.1250e-02  9.5194e-04  1.1311e-02  -1.0360e-02  +2.5099e-06  +1.1313e-02  -1.1310e-02        1    +1.0610e-05  1.4489e-06  1.1311e-02  -1.1310e-02  1.0000e-01  
    245    9.5194e-04  1.5625e-02  4.9068e-04  1.1323e-02  -1.0832e-02  +2.4686e-06  +1.1324e-02  -1.1321e-02        1    +1.0344e-05  1.4341e-06  1.1323e-02  -1.1321e-02  1.0000e-01  
    246    4.9068e-04  3.1250e-02  9.4054e-04  1.1311e-02  -1.0370e-02  +2.4588e-06  +1.1312e-02  -1.1309e-02        1    +1.0582e-05  1.4006e-06  1.1311e-02  -1.1309e-02  1.0000e-01  
    247    9.4054e-04  1.5625e-02  4.8499e-04  1.1322e-02  -1.0837e-02  +2.4187e-06  +1.1323e-02  -1.1320e-02        1    +1.0323e-05  1.3864e-06  1.1322e-02  -1.1320e-02  1.0000e-01  
    248    4.8499e-04  3.1250e-02  9.2934e-04  1.1310e-02  -1.0381e-02  +2.4096e-06  +1.1311e-02  -1.1309e-02        1    +1.0556e-05  1.3541e-06  1.1310e-02  -1.1309e-02  1.0000e-01  
    249    9.2934e-04  1.5625e-02  4.7941e-04  1.1321e-02  -1.0841e-02  +2.3706e-06  +1.1322e-02  -1.1320e-02        1    +1.0302e-05  1.3404e-06  1.1321e-02  -1.1320e-02  1.0000e-01  
    250    4.7941e-04  3.1250e-02  9.1834e-04  1.1309e-02  -1.0391e-02  +2.3622e-06  +1.1310e-02  -1.1308e-02        1    +1.0529e-05  1.3093e-06  1.1309e-02  -1.1308e-02  1.0000e-01  
    251    9.1834e-04  1.5625e-02  4.7392e-04  1.1320e-02  -1.0846e-02  +2.3243e-06  +1.1321e-02  -1.1319e-02        1    +1.0282e-05  1.2962e-06  1.1320e-02  -1.1319e-02  1.0000e-01  
    252    4.7392e-04  3.1250e-02  9.0754e-04  1.1309e-02  -1.0401e-02  +2.3165e-06  +1.1310e-02  -1.1307e-02        1    +1.0503e-05  1.2663e-06  1.1309e-02  -1.1307e-02  1.0000e-01  
    253    9.0754e-04  1.5625e-02  4.6853e-04  1.1319e-02  -1.0851e-02  +2.2797e-06  +1.1320e-02  -1.1318e-02        1    +1.0261e-05  1.2536e-06  1.1319e-02  -1.1318e-02  1.0000e-01  
    254    4.6853e-04  3.1250e-02  8.9692e-04  1.1308e-02  -1.0411e-02  +2.2725e-06  +1.1309e-02  -1.1307e-02        1    +1.0477e-05  1.2248e-06  1.1308e-02  -1.1307e-02  1.0000e-01  
    255    8.9692e-04  1.5625e-02  4.6323e-04  1.1318e-02  -1.0855e-02  +2.2367e-06  +1.1319e-02  -1.1317e-02        1    +1.0241e-05  1.2126e-06  1.1318e-02  -1.1317e-02  1.0000e-01  
    256    4.6323e-04  3.1250e-02  8.8649e-04  1.1307e-02  -1.0421e-02  +2.2300e-06  +1.1308e-02  -1.1306e-02        1    +1.0451e-05  1.1849e-06  1.1307e-02  -1.1306e-02  1.0000e-01  
    257    8.8649e-04  1.5625e-02  4.5802e-04  1.1318e-02  -1.0860e-02  +2.1952e-06  +1.1319e-02  -1.1316e-02        1    +1.0221e-05  1.1732e-06  1.1318e-02  -1.1316e-02  1.0000e-01  
    258    4.5802e-04  3.1250e-02  8.7623e-04  1.1307e-02  -1.0430e-02  +2.1891e-06  +1.1308e-02  -1.1305e-02        1    +1.0426e-05  1.1465e-06  1.1307e-02  -1.1305e-02  1.0000e-01  
    259    8.7623e-04  1.5625e-02  4.5291e-04  1.1317e-02  -1.0864e-02  +2.1552e-06  +1.1318e-02  -1.1316e-02        1    +1.0201e-05  1.1352e-06  1.1317e-02  -1.1316e-02  1.0000e-01  
    260    4.5291e-04  3.1250e-02  8.6616e-04  1.1306e-02  -1.0440e-02  +2.1496e-06  +1.1307e-02  -1.1305e-02        1    +1.0401e-05  1.1095e-06  1.1306e-02  -1.1305e-02  1.0000e-01  
    261    8.6616e-04  1.5625e-02  4.4787e-04  1.1316e-02  -1.0868e-02  +2.1167e-06  +1.1317e-02  -1.1315e-02        1    +1.0181e-05  1.0986e-06  1.1316e-02  -1.1315e-02  1.0000e-01  
=========================================================
Total gradient evaluations: 1.341e+05 
