=========================================================
*                                                       *
*  Samples: 5.12e+02; epsilon: 1.0000e-03; varepson:1.0000e-03 *
*                                                       *
=========================================================
     Iter   search_dire    stepsize    KKT_inf    eKKT_inf    KKT-eKKT      merit     e_merit     mrt-emrt      rank          f           c           ec        c-ec         tau    
initial    0.0000e+00  0.0000e+00  5.3040e+00  5.3040e+00  +0.0000e+00  +4.5307e+00  +4.5307e+00  +0.0000e+00        1    +1.9759e+00  4.3331e+00  4.3331e+00  +0.0000e+00  1.0000e-01  
      1    5.3040e+00  3.9062e-03  4.2794e+00  4.2794e+00  +0.0000e+00  +4.4108e+00  +4.4108e+00  +0.0000e+00        1    +1.3140e+00  4.2794e+00  4.2794e+00  +0.0000e+00  1.0000e-01  
      2    3.6128e+00  3.9062e-03  4.2556e+00  4.2556e+00  +0.0000e+00  +4.3258e+00  +4.3258e+00  +0.0000e+00        1    +7.0201e-01  4.2556e+00  4.2556e+00  +0.0000e+00  1.0000e-01  
      3    2.7089e+00  3.9062e-03  4.2323e+00  4.2323e+00  +0.0000e+00  +4.2702e+00  +4.2702e+00  +0.0000e+00        1    +3.7961e-01  4.2323e+00  4.2323e+00  +0.0000e+00  1.0000e-01  
      4    1.6282e+00  3.9062e-03  4.2167e+00  4.2167e+00  +0.0000e+00  +4.2406e+00  +4.2406e+00  +0.0000e+00        1    +2.3840e-01  4.2167e+00  4.2167e+00  +0.0000e+00  1.0000e-01  
      5    1.0047e+00  7.8125e-03  4.1791e+00  4.1791e+00  +0.0000e+00  +4.2191e+00  +4.2191e+00  +0.0000e+00        1    +4.0004e-01  4.1791e+00  4.1791e+00  +0.0000e+00  1.0000e-01  
      6    1.9057e+00  3.9062e-03  4.1644e+00  4.1644e+00  +0.0000e+00  +4.1839e+00  +4.1839e+00  +0.0000e+00        1    +1.9529e-01  4.1644e+00  4.1644e+00  +0.0000e+00  1.0000e-01  
      7    1.1333e+00  7.8125e-03  4.1286e+00  4.1286e+00  +0.0000e+00  +4.1750e+00  +4.1750e+00  +0.0000e+00        1    +4.6443e-01  4.1286e+00  4.1286e+00  +0.0000e+00  1.0000e-01  
      8    2.1530e+00  3.9062e-03  4.1150e+00  4.1150e+00  +0.0000e+00  +4.1325e+00  +4.1325e+00  +0.0000e+00        1    +1.7465e-01  4.1150e+00  4.1150e+00  +0.0000e+00  1.0000e-01  
      9    1.1761e+00  7.8125e-03  4.0813e+00  4.0813e+00  +0.0000e+00  +4.1297e+00  +4.1297e+00  +0.0000e+00        1    +4.8412e-01  4.0813e+00  4.0813e+00  +0.0000e+00  1.0000e-01  
     10    2.2158e+00  3.9062e-03  4.0685e+00  4.0685e+00  +0.0000e+00  +4.0830e+00  +4.0830e+00  +0.0000e+00        1    +1.4504e-01  4.0685e+00  4.0685e+00  +0.0000e+00  1.0000e-01  
     11    1.0860e+00  7.8125e-03  4.0364e+00  4.0364e+00  +0.0000e+00  +4.0772e+00  +4.0772e+00  +0.0000e+00        1    +4.0782e-01  4.0364e+00  4.0364e+00  +0.0000e+00  1.0000e-01  
     12    2.0302e+00  3.9062e-03  4.0236e+00  4.0236e+00  +0.0000e+00  +4.0340e+00  +4.0340e+00  +0.0000e+00        1    +1.0420e-01  4.0236e+00  4.0236e+00  +0.0000e+00  1.0000e-01  
     13    8.9275e-01  7.8125e-03  3.9922e+00  3.9922e+00  +0.0000e+00  +4.0200e+00  +4.0200e+00  +0.0000e+00        1    +2.7832e-01  3.9922e+00  3.9922e+00  +0.0000e+00  1.0000e-01  
     14    1.6737e+00  3.9062e-03  3.9788e+00  3.9788e+00  +0.0000e+00  +3.9855e+00  +3.9855e+00  +0.0000e+00        1    +6.7008e-02  3.9788e+00  3.9788e+00  +0.0000e+00  1.0000e-01  
     15    6.7732e-01  7.8125e-03  3.9477e+00  3.9477e+00  +0.0000e+00  +3.9643e+00  +3.9643e+00  +0.0000e+00        1    +1.6588e-01  3.9477e+00  3.9477e+00  +0.0000e+00  1.0000e-01  
     16    1.2825e+00  3.9062e-03  3.9337e+00  3.9337e+00  +0.0000e+00  +3.9378e+00  +3.9378e+00  +0.0000e+00        1    +4.1410e-02  3.9337e+00  3.9337e+00  +0.0000e+00  1.0000e-01  
     17    5.0285e-01  1.5625e-02  3.8717e+00  3.8717e+00  +0.0000e+00  +3.9232e+00  +3.9232e+00  +0.0000e+00        1    +5.1450e-01  3.8717e+00  3.8717e+00  +0.0000e+00  1.0000e-01  
     18    2.2442e+00  3.9062e-03  3.8599e+00  3.8599e+00  +0.0000e+00  +3.8680e+00  +3.8680e+00  +0.0000e+00        1    +8.1365e-02  3.8599e+00  3.8599e+00  +0.0000e+00  1.0000e-01  
     19    8.4217e-01  7.8125e-03  3.8304e+00  3.8304e+00  +0.0000e+00  +3.8527e+00  +3.8527e+00  +0.0000e+00        1    +2.2315e-01  3.8304e+00  3.8304e+00  +0.0000e+00  1.0000e-01  
     20    1.4812e+00  3.9062e-03  3.8171e+00  3.8171e+00  +0.0000e+00  +3.8205e+00  +3.8205e+00  +0.0000e+00        1    +3.4316e-02  3.8171e+00  3.8171e+00  +0.0000e+00  1.0000e-01  
     21    4.9769e-01  1.5625e-02  3.7577e+00  3.7577e+00  +0.0000e+00  +3.8067e+00  +3.8067e+00  +0.0000e+00        1    +4.9031e-01  3.7577e+00  3.7577e+00  +0.0000e+00  1.0000e-01  
     22    2.1461e+00  3.9062e-03  3.7460e+00  3.7460e+00  +0.0000e+00  +3.7514e+00  +3.7514e+00  +0.0000e+00        1    +5.4346e-02  3.7460e+00  3.7460e+00  +0.0000e+00  1.0000e-01  
     23    6.8350e-01  7.8125e-03  3.7171e+00  3.7171e+00  +0.0000e+00  +3.7304e+00  +3.7304e+00  +0.0000e+00        1    +1.3295e-01  3.7171e+00  3.7171e+00  +0.0000e+00  1.0000e-01  
     24    1.1221e+00  7.8125e-03  3.6916e+00  3.6916e+00  +0.0000e+00  +3.7234e+00  +3.7234e+00  +0.0000e+00        1    +3.1862e-01  3.6916e+00  3.6916e+00  +0.0000e+00  1.0000e-01  
     25    1.7701e+00  2.5000e-01  1.3931e+01  1.3931e+01  +0.0000e+00  +3.3525e+00  +3.3525e+00  +0.0000e+00        1    +3.2131e+01  1.3938e-01  1.3938e-01  +0.0000e+00  1.0000e-01  
     26    1.3931e+01  1.5625e-02  5.6242e+00  5.6242e+00  +0.0000e+00  +2.5215e+00  +2.5215e+00  +0.0000e+00        1    +1.1201e+01  1.4014e+00  1.4014e+00  +0.0000e+00  1.0000e-01  
     27    5.6242e+00  1.5625e-02  3.7339e+00  3.7339e+00  +0.0000e+00  +9.0895e-01  +9.0895e-01  +0.0000e+00        1    +4.1850e+00  4.9045e-01  4.9045e-01  +0.0000e+00  1.0000e-01  
     28    3.7339e+00  1.5625e-02  1.9700e+00  1.9700e+00  +0.0000e+00  +8.4910e-01  +8.4910e-01  +0.0000e+00        1    +1.3132e+00  7.1778e-01  7.1778e-01  +0.0000e+00  1.0000e-01  
     29    1.9700e+00  3.1250e-02  2.1360e+00  2.1360e+00  +0.0000e+00  +8.3280e-01  +8.3280e-01  +0.0000e+00        1    +1.4964e+00  6.8316e-01  6.8316e-01  +0.0000e+00  1.0000e-01  
     30    2.1360e+00  1.5625e-02  6.8753e-01  6.8753e-01  +0.0000e+00  +7.0396e-01  +7.0396e-01  +0.0000e+00        1    +1.6430e-01  6.8753e-01  6.8753e-01  +0.0000e+00  1.0000e-01  
     31    2.4114e-01  2.5000e-01  1.8772e+00  1.8772e+00  +0.0000e+00  +6.1486e-01  +6.1486e-01  +0.0000e+00        1    +1.1041e+00  5.0445e-01  5.0445e-01  +0.0000e+00  1.0000e-01  
     32    1.8772e+00  3.1250e-02  1.6105e+00  1.6105e+00  +0.0000e+00  +4.9517e-01  +4.9517e-01  +0.0000e+00        1    +8.2156e-01  4.1301e-01  4.1301e-01  +0.0000e+00  1.0000e-01  
     33    1.6105e+00  3.1250e-02  1.1481e+00  1.1481e+00  +0.0000e+00  +4.4876e-01  +4.4876e-01  +0.0000e+00        1    +4.7027e-01  4.0174e-01  4.0174e-01  +0.0000e+00  1.0000e-01  
     34    1.1481e+00  3.1250e-02  7.6902e-01  7.6902e-01  +0.0000e+00  +3.9909e-01  +3.9909e-01  +0.0000e+00        1    +2.5164e-01  3.7393e-01  3.7393e-01  +0.0000e+00  1.0000e-01  
     35    7.6902e-01  3.1250e-02  4.6982e-01  4.6982e-01  +0.0000e+00  +3.7664e-01  +3.7664e-01  +0.0000e+00        1    +1.4964e-01  3.6167e-01  3.6167e-01  +0.0000e+00  1.0000e-01  
     36    4.6982e-01  6.2500e-02  1.1172e+00  1.1172e+00  +0.0000e+00  +3.7527e-01  +3.7527e-01  +0.0000e+00        1    +4.1997e-01  3.3327e-01  3.3327e-01  +0.0000e+00  1.0000e-01  
     37    1.1172e+00  3.1250e-02  6.9349e-01  6.9349e-01  +0.0000e+00  +3.4483e-01  +3.4483e-01  +0.0000e+00        1    +2.1180e-01  3.2365e-01  3.2365e-01  +0.0000e+00  1.0000e-01  
     38    6.9349e-01  3.1250e-02  4.4236e-01  4.4236e-01  +0.0000e+00  +3.2294e-01  +3.2294e-01  +0.0000e+00        1    +1.2276e-01  3.1066e-01  3.1066e-01  +0.0000e+00  1.0000e-01  
     39    4.4236e-01  6.2500e-02  9.3133e-01  9.3133e-01  +0.0000e+00  +3.2041e-01  +3.2041e-01  +0.0000e+00        1    +3.0632e-01  2.8978e-01  2.8978e-01  +0.0000e+00  1.0000e-01  
     40    9.3133e-01  3.1250e-02  5.8043e-01  5.8043e-01  +0.0000e+00  +2.8987e-01  +2.8987e-01  +0.0000e+00        1    +1.5048e-01  2.7482e-01  2.7482e-01  +0.0000e+00  1.0000e-01  
     41    5.8043e-01  3.1250e-02  3.3070e-01  3.3070e-01  +0.0000e+00  +2.7486e-01  +2.7486e-01  +0.0000e+00        1    +8.9187e-02  2.6594e-01  2.6594e-01  +0.0000e+00  1.0000e-01  
     42    3.3070e-01  6.2500e-02  7.7126e-01  7.7126e-01  +0.0000e+00  +2.6996e-01  +2.6996e-01  +0.0000e+00        1    +2.1036e-01  2.4893e-01  2.4893e-01  +0.0000e+00  1.0000e-01  
     43    7.7126e-01  3.1250e-02  4.6547e-01  4.6547e-01  +0.0000e+00  +2.5242e-01  +2.5242e-01  +0.0000e+00        1    +1.0899e-01  2.4152e-01  2.4152e-01  +0.0000e+00  1.0000e-01  
     44    4.6547e-01  3.1250e-02  3.0682e-01  3.0682e-01  +0.0000e+00  +2.4063e-01  +2.4063e-01  +0.0000e+00        1    +6.8332e-02  2.3379e-01  2.3379e-01  +0.0000e+00  1.0000e-01  
     45    3.0682e-01  6.2500e-02  6.3902e-01  6.3902e-01  +0.0000e+00  +2.3326e-01  +2.3326e-01  +0.0000e+00        1    +1.5084e-01  2.1818e-01  2.1818e-01  +0.0000e+00  1.0000e-01  
     46    6.3902e-01  3.1250e-02  4.2198e-01  4.2198e-01  +0.0000e+00  +2.1903e-01  +2.1903e-01  +0.0000e+00        1    +8.1964e-02  2.1083e-01  2.1083e-01  +0.0000e+00  1.0000e-01  
     47    4.2198e-01  3.1250e-02  2.5563e-01  2.5563e-01  +0.0000e+00  +2.0944e-01  +2.0944e-01  +0.0000e+00        1    +5.2064e-02  2.0424e-01  2.0424e-01  +0.0000e+00  1.0000e-01  
     48    2.5563e-01  6.2500e-02  6.2007e-01  6.2007e-01  +0.0000e+00  +2.0565e-01  +2.0565e-01  +0.0000e+00        1    +1.3164e-01  1.9248e-01  1.9248e-01  +0.0000e+00  1.0000e-01  
     49    6.2007e-01  3.1250e-02  4.1878e-01  4.1878e-01  +0.0000e+00  +1.9529e-01  +1.9529e-01  +0.0000e+00        1    +7.5318e-02  1.8776e-01  1.8776e-01  +0.0000e+00  1.0000e-01  
     50    4.1878e-01  3.1250e-02  2.9794e-01  2.9794e-01  +0.0000e+00  +1.8711e-01  +1.8711e-01  +0.0000e+00        1    +4.7398e-02  1.8237e-01  1.8237e-01  +0.0000e+00  1.0000e-01  
     51    2.9794e-01  6.2500e-02  6.7120e-01  6.7120e-01  +0.0000e+00  +1.8555e-01  +1.8555e-01  +0.0000e+00        1    +1.4260e-01  1.7129e-01  1.7129e-01  +0.0000e+00  1.0000e-01  
     52    6.7120e-01  3.1250e-02  4.7097e-01  4.7097e-01  +0.0000e+00  +1.7456e-01  +1.7456e-01  +0.0000e+00        1    +7.9193e-02  1.6664e-01  1.6664e-01  +0.0000e+00  1.0000e-01  
     53    4.7097e-01  3.1250e-02  3.2278e-01  3.2278e-01  +0.0000e+00  +1.6734e-01  +1.6734e-01  +0.0000e+00        1    +4.8234e-02  1.6252e-01  1.6252e-01  +0.0000e+00  1.0000e-01  
     54    3.2278e-01  3.1250e-02  2.3998e-01  2.3998e-01  +0.0000e+00  +1.6121e-01  +1.6121e-01  +0.0000e+00        1    +3.2368e-02  1.5798e-01  1.5798e-01  +0.0000e+00  1.0000e-01  
     55    2.3998e-01  6.2500e-02  5.4896e-01  5.4896e-01  +0.0000e+00  +1.5815e-01  +1.5815e-01  +0.0000e+00        1    +9.6043e-02  1.4854e-01  1.4854e-01  +0.0000e+00  1.0000e-01  
     56    5.4896e-01  3.1250e-02  3.9958e-01  3.9958e-01  +0.0000e+00  +1.5077e-01  +1.5077e-01  +0.0000e+00        1    +5.6918e-02  1.4507e-01  1.4507e-01  +0.0000e+00  1.0000e-01  
     57    3.9958e-01  3.1250e-02  2.8714e-01  2.8714e-01  +0.0000e+00  +1.4514e-01  +1.4514e-01  +0.0000e+00        1    +3.6553e-02  1.4148e-01  1.4148e-01  +0.0000e+00  1.0000e-01  
     58    2.8714e-01  3.1250e-02  2.2041e-01  2.2041e-01  +0.0000e+00  +1.4016e-01  +1.4016e-01  +0.0000e+00        1    +2.5308e-02  1.3763e-01  1.3763e-01  +0.0000e+00  1.0000e-01  
     59    2.2041e-01  6.2500e-02  5.2183e-01  5.2183e-01  +0.0000e+00  +1.3806e-01  +1.3806e-01  +0.0000e+00        1    +8.3513e-02  1.2971e-01  1.2971e-01  +0.0000e+00  1.0000e-01  
     60    5.2183e-01  3.1250e-02  3.9088e-01  3.9088e-01  +0.0000e+00  +1.3225e-01  +1.3225e-01  +0.0000e+00        1    +5.1303e-02  1.2712e-01  1.2712e-01  +0.0000e+00  1.0000e-01  
     61    3.9088e-01  3.1250e-02  2.9178e-01  2.9178e-01  +0.0000e+00  +1.2763e-01  +1.2763e-01  +0.0000e+00        1    +3.3527e-02  1.2427e-01  1.2427e-01  +0.0000e+00  1.0000e-01  
     62    2.9178e-01  3.1250e-02  2.2433e-01  2.2433e-01  +0.0000e+00  +1.2333e-01  +1.2333e-01  +0.0000e+00        1    +2.2950e-02  1.2103e-01  1.2103e-01  +0.0000e+00  1.0000e-01  
     63    2.2433e-01  6.2500e-02  5.4853e-01  5.4853e-01  +0.0000e+00  +1.2331e-01  +1.2331e-01  +0.0000e+00        1    +8.7943e-02  1.1451e-01  1.1451e-01  +0.0000e+00  1.0000e-01  
     64    5.4853e-01  3.1250e-02  4.1272e-01  4.1272e-01  +0.0000e+00  +1.1804e-01  +1.1804e-01  +0.0000e+00        1    +5.3636e-02  1.1268e-01  1.1268e-01  +0.0000e+00  1.0000e-01  
     65    4.1272e-01  3.1250e-02  3.1120e-01  3.1120e-01  +0.0000e+00  +1.1400e-01  +1.1400e-01  +0.0000e+00        1    +3.4390e-02  1.1056e-01  1.1056e-01  +0.0000e+00  1.0000e-01  
     66    3.1120e-01  3.1250e-02  2.3386e-01  2.3386e-01  +0.0000e+00  +1.1007e-01  +1.1007e-01  +0.0000e+00        1    +2.2549e-02  1.0781e-01  1.0781e-01  +0.0000e+00  1.0000e-01  
     67    2.3386e-01  3.1250e-02  1.7212e-01  1.7212e-01  +0.0000e+00  +1.0631e-01  +1.0631e-01  +0.0000e+00        1    +1.5752e-02  1.0473e-01  1.0473e-01  +0.0000e+00  1.0000e-01  
     68    1.7212e-01  6.2500e-02  4.4164e-01  4.4164e-01  +0.0000e+00  +1.0518e-01  +1.0518e-01  +0.0000e+00        1    +5.8218e-02  9.9358e-02  9.9358e-02  +0.0000e+00  1.0000e-01  
     69    4.4164e-01  3.1250e-02  3.4601e-01  3.4601e-01  +0.0000e+00  +1.0190e-01  +1.0190e-01  +0.0000e+00        1    +3.8246e-02  9.8075e-02  9.8075e-02  +0.0000e+00  1.0000e-01  
     70    3.4601e-01  3.1250e-02  2.6197e-01  2.6197e-01  +0.0000e+00  +9.8411e-02  +9.8411e-02  +0.0000e+00        1    +2.4700e-02  9.5941e-02  9.5941e-02  +0.0000e+00  1.0000e-01  
     71    2.6197e-01  3.1250e-02  1.9851e-01  1.9851e-01  +0.0000e+00  +9.5076e-02  +9.5076e-02  +0.0000e+00        1    +1.6764e-02  9.3400e-02  9.3400e-02  +0.0000e+00  1.0000e-01  
     72    1.9851e-01  3.1250e-02  1.5791e-01  1.5791e-01  +0.0000e+00  +9.2096e-02  +9.2096e-02  +0.0000e+00        1    +1.2278e-02  9.0869e-02  9.0869e-02  +0.0000e+00  1.0000e-01  
     73    1.5791e-01  6.2500e-02  3.8818e-01  3.8818e-01  +0.0000e+00  +9.0187e-02  +9.0187e-02  +0.0000e+00        1    +4.4677e-02  8.5720e-02  8.5720e-02  +0.0000e+00  1.0000e-01  
     74    3.8818e-01  3.1250e-02  3.0105e-01  3.0105e-01  +0.0000e+00  +8.7184e-02  +8.7184e-02  +0.0000e+00        1    +2.9135e-02  8.4270e-02  8.4270e-02  +0.0000e+00  1.0000e-01  
     75    3.0105e-01  3.1250e-02  2.3511e-01  2.3511e-01  +0.0000e+00  +8.4401e-02  +8.4401e-02  +0.0000e+00        1    +1.9688e-02  8.2432e-02  8.2432e-02  +0.0000e+00  1.0000e-01  
     76    2.3511e-01  3.1250e-02  1.8352e-01  1.8352e-01  +0.0000e+00  +8.1764e-02  +8.1764e-02  +0.0000e+00        1    +1.3831e-02  8.0380e-02  8.0380e-02  +0.0000e+00  1.0000e-01  
     77    1.8352e-01  3.1250e-02  1.4174e-01  1.4174e-01  +0.0000e+00  +7.9109e-02  +7.9109e-02  +0.0000e+00        1    +1.0100e-02  7.8099e-02  7.8099e-02  +0.0000e+00  1.0000e-01  
     78    1.4174e-01  6.2500e-02  3.6789e-01  3.6789e-01  +0.0000e+00  +7.8118e-02  +7.8118e-02  +0.0000e+00        1    +3.9891e-02  7.4128e-02  7.4128e-02  +0.0000e+00  1.0000e-01  
     79    3.6789e-01  3.1250e-02  2.9709e-01  2.9709e-01  +0.0000e+00  +7.5942e-02  +7.5942e-02  +0.0000e+00        1    +2.7261e-02  7.3216e-02  7.3216e-02  +0.0000e+00  1.0000e-01  
     80    2.9709e-01  3.1250e-02  2.3173e-01  2.3173e-01  +0.0000e+00  +7.3596e-02  +7.3596e-02  +0.0000e+00        1    +1.8412e-02  7.1755e-02  7.1755e-02  +0.0000e+00  1.0000e-01  
     81    2.3173e-01  3.1250e-02  1.8259e-01  1.8259e-01  +0.0000e+00  +7.1242e-02  +7.1242e-02  +0.0000e+00        1    +1.2841e-02  6.9958e-02  6.9958e-02  +0.0000e+00  1.0000e-01  
     82    1.8259e-01  3.1250e-02  1.4605e-01  1.4605e-01  +0.0000e+00  +6.9077e-02  +6.9077e-02  +0.0000e+00        1    +9.4924e-03  6.8128e-02  6.8128e-02  +0.0000e+00  1.0000e-01  
     83    1.4605e-01  6.2500e-02  3.7181e-01  3.7181e-01  +0.0000e+00  +6.8429e-02  +6.8429e-02  +0.0000e+00        1    +3.9425e-02  6.4487e-02  6.4487e-02  +0.0000e+00  1.0000e-01  
     84    3.7181e-01  3.1250e-02  2.9220e-01  2.9220e-01  +0.0000e+00  +6.6337e-02  +6.6337e-02  +0.0000e+00        1    +2.6105e-02  6.3726e-02  6.3726e-02  +0.0000e+00  1.0000e-01  
     85    2.9220e-01  3.1250e-02  2.3258e-01  2.3258e-01  +0.0000e+00  +6.4336e-02  +6.4336e-02  +0.0000e+00        1    +1.7693e-02  6.2566e-02  6.2566e-02  +0.0000e+00  1.0000e-01  
     86    2.3258e-01  3.1250e-02  1.8139e-01  1.8139e-01  +0.0000e+00  +6.2363e-02  +6.2363e-02  +0.0000e+00        1    +1.2255e-02  6.1137e-02  6.1137e-02  +0.0000e+00  1.0000e-01  
     87    1.8139e-01  3.1250e-02  1.4301e-01  1.4301e-01  +0.0000e+00  +6.0367e-02  +6.0367e-02  +0.0000e+00        1    +8.7846e-03  5.9488e-02  5.9488e-02  +0.0000e+00  1.0000e-01  
     88    1.4301e-01  3.1250e-02  1.1630e-01  1.1630e-01  +0.0000e+00  +5.8536e-02  +5.8536e-02  +0.0000e+00        1    +6.7529e-03  5.7861e-02  5.7861e-02  +0.0000e+00  1.0000e-01  
     89    1.1630e-01  6.2500e-02  2.9252e-01  2.9252e-01  +0.0000e+00  +5.7126e-02  +5.7126e-02  +0.0000e+00        1    +2.5205e-02  5.4606e-02  5.4606e-02  +0.0000e+00  1.0000e-01  
     90    2.9252e-01  3.1250e-02  2.3137e-01  2.3137e-01  +0.0000e+00  +5.5449e-02  +5.5449e-02  +0.0000e+00        1    +1.7160e-02  5.3733e-02  5.3733e-02  +0.0000e+00  1.0000e-01  
     91    2.3137e-01  3.1250e-02  1.8601e-01  1.8601e-01  +0.0000e+00  +5.3767e-02  +5.3767e-02  +0.0000e+00        1    +1.1987e-02  5.2569e-02  5.2569e-02  +0.0000e+00  1.0000e-01  
     92    1.8601e-01  3.1250e-02  1.4696e-01  1.4696e-01  +0.0000e+00  +5.2164e-02  +5.2164e-02  +0.0000e+00        1    +8.6924e-03  5.1295e-02  5.1295e-02  +0.0000e+00  1.0000e-01  
     93    1.4696e-01  3.1250e-02  1.1787e-01  1.1787e-01  +0.0000e+00  +5.0520e-02  +5.0520e-02  +0.0000e+00        1    +6.4924e-03  4.9870e-02  4.9870e-02  +0.0000e+00  1.0000e-01  
     94    1.1787e-01  6.2500e-02  3.0595e-01  3.0595e-01  +0.0000e+00  +5.0136e-02  +5.0136e-02  +0.0000e+00        1    +2.7255e-02  4.7411e-02  4.7411e-02  +0.0000e+00  1.0000e-01  
     95    3.0595e-01  3.1250e-02  2.5040e-01  2.5040e-01  +0.0000e+00  +4.8833e-02  +4.8833e-02  +0.0000e+00        1    +1.8857e-02  4.6948e-02  4.6948e-02  +0.0000e+00  1.0000e-01  
     96    2.5040e-01  3.1250e-02  1.9745e-01  1.9745e-01  +0.0000e+00  +4.7412e-02  +4.7412e-02  +0.0000e+00        1    +1.2959e-02  4.6116e-02  4.6116e-02  +0.0000e+00  1.0000e-01  
     97    1.9745e-01  3.1250e-02  1.5888e-01  1.5888e-01  +0.0000e+00  +4.5951e-02  +4.5951e-02  +0.0000e+00        1    +9.1481e-03  4.5036e-02  4.5036e-02  +0.0000e+00  1.0000e-01  
     98    1.5888e-01  3.1250e-02  1.2629e-01  1.2629e-01  +0.0000e+00  +4.4583e-02  +4.4583e-02  +0.0000e+00        1    +6.7704e-03  4.3906e-02  4.3906e-02  +0.0000e+00  1.0000e-01  
     99    1.2629e-01  3.1250e-02  1.0110e-01  1.0110e-01  +0.0000e+00  +4.3180e-02  +4.3180e-02  +0.0000e+00        1    +5.1601e-03  4.2664e-02  4.2664e-02  +0.0000e+00  1.0000e-01  
    100    1.0110e-01  6.2500e-02  2.6203e-01  2.6203e-01  +0.0000e+00  +4.2533e-02  +4.2533e-02  +0.0000e+00        1    +2.0394e-02  4.0494e-02  4.0494e-02  +0.0000e+00  1.0000e-01  
    101    2.6203e-01  3.1250e-02  2.1462e-01  2.1462e-01  +0.0000e+00  +4.1382e-02  +4.1382e-02  +0.0000e+00        1    +1.4205e-02  3.9961e-02  3.9961e-02  +0.0000e+00  1.0000e-01  
    102    2.1462e-01  3.1250e-02  1.7007e-01  1.7007e-01  +0.0000e+00  +4.0196e-02  +4.0196e-02  +0.0000e+00        1    +9.9755e-03  3.9198e-02  3.9198e-02  +0.0000e+00  1.0000e-01  
    103    1.7007e-01  3.1250e-02  1.3790e-01  1.3790e-01  +0.0000e+00  +3.8965e-02  +3.8965e-02  +0.0000e+00        1    +7.1912e-03  3.8245e-02  3.8245e-02  +0.0000e+00  1.0000e-01  
    104    1.3790e-01  3.1250e-02  1.1067e-01  1.1067e-01  +0.0000e+00  +3.7813e-02  +3.7813e-02  +0.0000e+00        1    +5.4532e-03  3.7267e-02  3.7267e-02  +0.0000e+00  1.0000e-01  
    105    1.1067e-01  6.2500e-02  2.8825e-01  2.8825e-01  +0.0000e+00  +3.7706e-02  +3.7706e-02  +0.0000e+00        1    +2.3473e-02  3.5359e-02  3.5359e-02  +0.0000e+00  1.0000e-01  
    106    2.8825e-01  3.1250e-02  2.2900e-01  2.2900e-01  +0.0000e+00  +3.6681e-02  +3.6681e-02  +0.0000e+00        1    +1.5919e-02  3.5089e-02  3.5089e-02  +0.0000e+00  1.0000e-01  
    107    2.2900e-01  3.1250e-02  1.8594e-01  1.8594e-01  +0.0000e+00  +3.5636e-02  +3.5636e-02  +0.0000e+00        1    +1.1016e-02  3.4535e-02  3.4535e-02  +0.0000e+00  1.0000e-01  
    108    1.8594e-01  3.1250e-02  1.4649e-01  1.4649e-01  +0.0000e+00  +3.4595e-02  +3.4595e-02  +0.0000e+00        1    +7.7857e-03  3.3816e-02  3.3816e-02  +0.0000e+00  1.0000e-01  
    109    1.4649e-01  3.1250e-02  1.1847e-01  1.1847e-01  +0.0000e+00  +3.3522e-02  +3.3522e-02  +0.0000e+00        1    +5.6728e-03  3.2955e-02  3.2955e-02  +0.0000e+00  1.0000e-01  
    110    1.1847e-01  3.1250e-02  9.5349e-02  9.5349e-02  +0.0000e+00  +3.2523e-02  +3.2523e-02  +0.0000e+00        1    +4.3754e-03  3.2085e-02  3.2085e-02  +0.0000e+00  1.0000e-01  
    111    9.5349e-02  6.2500e-02  2.4623e-01  2.4623e-01  +0.0000e+00  +3.2125e-02  +3.2125e-02  +0.0000e+00        1    +1.7494e-02  3.0375e-02  3.0375e-02  +0.0000e+00  1.0000e-01  
    112    2.4623e-01  3.1250e-02  1.9529e-01  1.9529e-01  +0.0000e+00  +3.1238e-02  +3.1238e-02  +0.0000e+00        1    +1.1964e-02  3.0041e-02  3.0041e-02  +0.0000e+00  1.0000e-01  
    113    1.9529e-01  3.1250e-02  1.5878e-01  1.5878e-01  +0.0000e+00  +3.0326e-02  +3.0326e-02  +0.0000e+00        1    +8.3792e-03  2.9488e-02  2.9488e-02  +0.0000e+00  1.0000e-01  
    114    1.5878e-01  3.1250e-02  1.2528e-01  1.2528e-01  +0.0000e+00  +2.9441e-02  +2.9441e-02  +0.0000e+00        1    +6.0531e-03  2.8836e-02  2.8836e-02  +0.0000e+00  1.0000e-01  
    115    1.2528e-01  3.1250e-02  1.0187e-01  1.0187e-01  +0.0000e+00  +2.8528e-02  +2.8528e-02  +0.0000e+00        1    +4.5133e-03  2.8077e-02  2.8077e-02  +0.0000e+00  1.0000e-01  
    116    1.0187e-01  3.1250e-02  8.2703e-02  8.2703e-02  +0.0000e+00  +2.7678e-02  +2.7678e-02  +0.0000e+00        1    +3.5680e-03  2.7321e-02  2.7321e-02  +0.0000e+00  1.0000e-01  
    117    8.2703e-02  6.2500e-02  2.1275e-01  2.1275e-01  +0.0000e+00  +2.7166e-02  +2.7166e-02  +0.0000e+00        1    +1.3347e-02  2.5832e-02  2.5832e-02  +0.0000e+00  1.0000e-01  
    118    2.1275e-01  3.1250e-02  1.6929e-01  1.6929e-01  +0.0000e+00  +2.6425e-02  +2.6425e-02  +0.0000e+00        1    +9.2867e-03  2.5497e-02  2.5497e-02  +0.0000e+00  1.0000e-01  
    119    1.6929e-01  3.1250e-02  1.3847e-01  1.3847e-01  +0.0000e+00  +2.5652e-02  +2.5652e-02  +0.0000e+00        1    +6.6266e-03  2.4990e-02  2.4990e-02  +0.0000e+00  1.0000e-01  
    120    1.3847e-01  3.1250e-02  1.0972e-01  1.0972e-01  +0.0000e+00  +2.4910e-02  +2.4910e-02  +0.0000e+00        1    +4.9005e-03  2.4420e-02  2.4420e-02  +0.0000e+00  1.0000e-01  
    121    1.0972e-01  3.1250e-02  8.9970e-02  8.9970e-02  +0.0000e+00  +2.4142e-02  +2.4142e-02  +0.0000e+00        1    +3.7391e-03  2.3768e-02  2.3768e-02  +0.0000e+00  1.0000e-01  
    122    8.9970e-02  3.1250e-02  7.3661e-02  7.3661e-02  +0.0000e+00  +2.3424e-02  +2.3424e-02  +0.0000e+00        1    +3.0191e-03  2.3122e-02  2.3122e-02  +0.0000e+00  1.0000e-01  
    123    7.3661e-02  6.2500e-02  1.8953e-01  1.8953e-01  +0.0000e+00  +2.2929e-02  +2.2929e-02  +0.0000e+00        1    +1.0775e-02  2.1851e-02  2.1851e-02  +0.0000e+00  1.0000e-01  
    124    1.8953e-01  3.1250e-02  1.5152e-01  1.5152e-01  +0.0000e+00  +2.2317e-02  +2.2317e-02  +0.0000e+00        1    +7.6262e-03  2.1554e-02  2.1554e-02  +0.0000e+00  1.0000e-01  
    125    1.5152e-01  3.1250e-02  1.2483e-01  1.2483e-01  +0.0000e+00  +2.1670e-02  +2.1670e-02  +0.0000e+00        1    +5.5362e-03  2.1116e-02  2.1116e-02  +0.0000e+00  1.0000e-01  
    126    1.2483e-01  3.1250e-02  9.9411e-02  9.9411e-02  +0.0000e+00  +2.1049e-02  +2.1049e-02  +0.0000e+00        1    +4.1694e-03  2.0632e-02  2.0632e-02  +0.0000e+00  1.0000e-01  
    127    9.9411e-02  3.1250e-02  8.2196e-02  8.2196e-02  +0.0000e+00  +2.0404e-02  +2.0404e-02  +0.0000e+00        1    +3.2371e-03  2.0081e-02  2.0081e-02  +0.0000e+00  1.0000e-01  
    128    8.2196e-02  3.1250e-02  6.7672e-02  6.7672e-02  +0.0000e+00  +1.9800e-02  +1.9800e-02  +0.0000e+00        1    +2.6509e-03  1.9535e-02  1.9535e-02  +0.0000e+00  1.0000e-01  
    129    6.7672e-02  6.2500e-02  1.7469e-01  1.7469e-01  +0.0000e+00  +1.9390e-02  +1.9390e-02  +0.0000e+00        1    +9.2402e-03  1.8466e-02  1.8466e-02  +0.0000e+00  1.0000e-01  
    130    1.7469e-01  3.1250e-02  1.4029e-01  1.4029e-01  +0.0000e+00  +1.8886e-02  +1.8886e-02  +0.0000e+00        1    +6.6249e-03  1.8223e-02  1.8223e-02  +0.0000e+00  1.0000e-01  
    131    1.4029e-01  3.1250e-02  1.1636e-01  1.1636e-01  +0.0000e+00  +1.8346e-02  +1.8346e-02  +0.0000e+00        1    +4.8701e-03  1.7859e-02  1.7859e-02  +0.0000e+00  1.0000e-01  
    132    1.1636e-01  3.1250e-02  9.3122e-02  9.3122e-02  +0.0000e+00  +1.7828e-02  +1.7828e-02  +0.0000e+00        1    +3.7096e-03  1.7457e-02  1.7457e-02  +0.0000e+00  1.0000e-01  
    133    9.3122e-02  3.1250e-02  7.7509e-02  7.7509e-02  +0.0000e+00  +1.7286e-02  +1.7286e-02  +0.0000e+00        1    +2.9110e-03  1.6995e-02  1.6995e-02  +0.0000e+00  1.0000e-01  
    134    7.7509e-02  3.1250e-02  6.3972e-02  6.3972e-02  +0.0000e+00  +1.6778e-02  +1.6778e-02  +0.0000e+00        1    +2.4009e-03  1.6538e-02  1.6538e-02  +0.0000e+00  1.0000e-01  
    135    6.3972e-02  6.2500e-02  1.6600e-01  1.6600e-01  +0.0000e+00  +1.6480e-02  +1.6480e-02  +0.0000e+00        1    +8.3553e-03  1.5644e-02  1.5644e-02  +0.0000e+00  1.0000e-01  
    136    1.6600e-01  3.1250e-02  1.3384e-01  1.3384e-01  +0.0000e+00  +1.6066e-02  +1.6066e-02  +0.0000e+00        1    +6.0381e-03  1.5462e-02  1.5462e-02  +0.0000e+00  1.0000e-01  
    137    1.3384e-01  3.1250e-02  1.1161e-01  1.1161e-01  +0.0000e+00  +1.5616e-02  +1.5616e-02  +0.0000e+00        1    +4.4718e-03  1.5169e-02  1.5169e-02  +0.0000e+00  1.0000e-01  
    138    1.1161e-01  3.1250e-02  8.9551e-02  8.9551e-02  +0.0000e+00  +1.5182e-02  +1.5182e-02  +0.0000e+00        1    +3.4236e-03  1.4839e-02  1.4839e-02  +0.0000e+00  1.0000e-01  
    139    8.9551e-02  3.1250e-02  7.5029e-02  7.5029e-02  +0.0000e+00  +1.4725e-02  +1.4725e-02  +0.0000e+00        1    +2.6989e-03  1.4455e-02  1.4455e-02  +0.0000e+00  1.0000e-01  
    140    7.5029e-02  3.1250e-02  6.1930e-02  6.1930e-02  +0.0000e+00  +1.4296e-02  +1.4296e-02  +0.0000e+00        1    +2.2291e-03  1.4073e-02  1.4073e-02  +0.0000e+00  1.0000e-01  
    141    6.1930e-02  6.2500e-02  1.6168e-01  1.6168e-01  +0.0000e+00  +1.4118e-02  +1.4118e-02  +0.0000e+00        1    +7.8848e-03  1.3329e-02  1.3329e-02  +0.0000e+00  1.0000e-01  
    142    1.6168e-01  3.1250e-02  1.3077e-01  1.3077e-01  +0.0000e+00  +1.3778e-02  +1.3778e-02  +0.0000e+00        1    +5.7183e-03  1.3206e-02  1.3206e-02  +0.0000e+00  1.0000e-01  
    143    1.3077e-01  3.1250e-02  1.0949e-01  1.0949e-01  +0.0000e+00  +1.3402e-02  +1.3402e-02  +0.0000e+00        1    +4.2475e-03  1.2978e-02  1.2978e-02  +0.0000e+00  1.0000e-01  
    144    1.0949e-01  3.1250e-02  8.8068e-02  8.8068e-02  +0.0000e+00  +1.3036e-02  +1.3036e-02  +0.0000e+00        1    +3.2522e-03  1.2711e-02  1.2711e-02  +0.0000e+00  1.0000e-01  
    145    8.8068e-02  3.1250e-02  7.4099e-02  7.4099e-02  +0.0000e+00  +1.2649e-02  +1.2649e-02  +0.0000e+00        1    +2.5634e-03  1.2393e-02  1.2393e-02  +0.0000e+00  1.0000e-01  
    146    7.4099e-02  3.1250e-02  6.1067e-02  6.1067e-02  +0.0000e+00  +1.2284e-02  +1.2284e-02  +0.0000e+00        1    +2.1109e-03  1.2073e-02  1.2073e-02  +0.0000e+00  1.0000e-01  
    147    6.1067e-02  6.2500e-02  1.6041e-01  1.6041e-01  +0.0000e+00  +1.2223e-02  +1.2223e-02  +0.0000e+00        1    +7.6868e-03  1.1455e-02  1.1455e-02  +0.0000e+00  1.0000e-01  
    148    1.6041e-01  3.1250e-02  1.3007e-01  1.3007e-01  +0.0000e+00  +1.1944e-02  +1.1944e-02  +0.0000e+00        1    +5.5755e-03  1.1386e-02  1.1386e-02  +0.0000e+00  1.0000e-01  
    149    1.3007e-01  3.1250e-02  1.0918e-01  1.0918e-01  +0.0000e+00  +1.1629e-02  +1.1629e-02  +0.0000e+00        1    +4.1394e-03  1.1215e-02  1.1215e-02  +0.0000e+00  1.0000e-01  
    150    1.0918e-01  3.1250e-02  8.8018e-02  8.8018e-02  +0.0000e+00  +1.1318e-02  +1.1318e-02  +0.0000e+00        1    +3.1584e-03  1.1002e-02  1.1002e-02  +0.0000e+00  1.0000e-01  
    151    8.8018e-02  3.1250e-02  7.4223e-02  7.4223e-02  +0.0000e+00  +1.0986e-02  +1.0986e-02  +0.0000e+00        1    +2.4803e-03  1.0738e-02  1.0738e-02  +0.0000e+00  1.0000e-01  
    152    7.4223e-02  3.1250e-02  6.1017e-02  6.1017e-02  +0.0000e+00  +1.0672e-02  +1.0672e-02  +0.0000e+00        1    +2.0300e-03  1.0469e-02  1.0469e-02  +0.0000e+00  1.0000e-01  
    153    6.1017e-02  3.1250e-02  5.0721e-02  5.0721e-02  +0.0000e+00  +1.0348e-02  +1.0348e-02  +0.0000e+00        1    +1.7086e-03  1.0177e-02  1.0177e-02  +0.0000e+00  1.0000e-01  
    154    5.0721e-02  6.2500e-02  1.3136e-01  1.3136e-01  +0.0000e+00  +1.0229e-02  +1.0229e-02  +0.0000e+00        1    +5.5726e-03  9.6716e-03  9.6716e-03  +0.0000e+00  1.0000e-01  
    155    1.3136e-01  3.1250e-02  1.1088e-01  1.1088e-01  +0.0000e+00  +9.9755e-03  +9.9755e-03  +0.0000e+00        1    +4.1479e-03  9.5607e-03  9.5607e-03  +0.0000e+00  1.0000e-01  
    156    1.1088e-01  3.1250e-02  8.9885e-02  8.9885e-02  +0.0000e+00  +9.7210e-03  +9.7210e-03  +0.0000e+00        1    +3.1578e-03  9.4052e-03  9.4052e-03  +0.0000e+00  1.0000e-01  
    157    8.9885e-02  3.1250e-02  7.6134e-02  7.6134e-02  +0.0000e+00  +9.4439e-03  +9.4439e-03  +0.0000e+00        1    +2.4703e-03  9.1969e-03  9.1969e-03  +0.0000e+00  1.0000e-01  
    158    7.6134e-02  3.1250e-02  6.2504e-02  6.2504e-02  +0.0000e+00  +9.1803e-03  +9.1803e-03  +0.0000e+00        1    +2.0058e-03  8.9797e-03  8.9797e-03  +0.0000e+00  1.0000e-01  
    159    6.2504e-02  3.1250e-02  5.2482e-02  5.2482e-02  +0.0000e+00  +8.9045e-03  +8.9045e-03  +0.0000e+00        1    +1.6746e-03  8.7371e-03  8.7371e-03  +0.0000e+00  1.0000e-01  
    160    5.2482e-02  3.1250e-02  4.4318e-02  4.4318e-02  +0.0000e+00  +8.6446e-03  +8.6446e-03  +0.0000e+00        1    +1.4543e-03  8.4992e-03  8.4992e-03  +0.0000e+00  1.0000e-01  
    161    4.4318e-02  6.2500e-02  1.1497e-01  1.1497e-01  +0.0000e+00  +8.4661e-03  +8.4661e-03  +0.0000e+00        1    +4.3048e-03  8.0357e-03  8.0357e-03  +0.0000e+00  1.0000e-01  
    162    1.1497e-01  3.1250e-02  9.3847e-02  9.3847e-02  +0.0000e+00  +8.2667e-03  +8.2667e-03  +0.0000e+00        1    +3.2673e-03  7.9400e-03  7.9400e-03  +0.0000e+00  1.0000e-01  
    163    9.3847e-02  3.1250e-02  7.9870e-02  7.9870e-02  +0.0000e+00  +8.0424e-03  +8.0424e-03  +0.0000e+00        1    +2.5425e-03  7.7881e-03  7.7881e-03  +0.0000e+00  1.0000e-01  
    164    7.9870e-02  3.1250e-02  6.5490e-02  6.5490e-02  +0.0000e+00  +7.8264e-03  +7.8264e-03  +0.0000e+00        1    +2.0431e-03  7.6221e-03  7.6221e-03  +0.0000e+00  1.0000e-01  
    165    6.5490e-02  3.1250e-02  5.5612e-02  5.5612e-02  +0.0000e+00  +7.5965e-03  +7.5965e-03  +0.0000e+00        1    +1.6870e-03  7.4278e-03  7.4278e-03  +0.0000e+00  1.0000e-01  
    166    5.5612e-02  3.1250e-02  4.6718e-02  4.6718e-02  +0.0000e+00  +7.3794e-03  +7.3794e-03  +0.0000e+00        1    +1.4455e-03  7.2349e-03  7.2349e-03  +0.0000e+00  1.0000e-01  
    167    4.6718e-02  6.2500e-02  1.2283e-01  1.2283e-01  +0.0000e+00  +7.3347e-03  +7.3347e-03  +0.0000e+00        1    +4.7126e-03  6.8634e-03  6.8634e-03  +0.0000e+00  1.0000e-01  
    168    1.2283e-01  3.1250e-02  1.0077e-01  1.0077e-01  +0.0000e+00  +7.1814e-03  +7.1814e-03  +0.0000e+00        1    +3.5483e-03  6.8266e-03  6.8266e-03  +0.0000e+00  1.0000e-01  
    169    1.0077e-01  3.1250e-02  8.5967e-02  8.5967e-02  +0.0000e+00  +7.0002e-03  +7.0002e-03  +0.0000e+00        1    +2.7336e-03  6.7268e-03  6.7268e-03  +0.0000e+00  1.0000e-01  
    170    8.5967e-02  3.1250e-02  7.0269e-02  7.0269e-02  +0.0000e+00  +6.8220e-03  +6.8220e-03  +0.0000e+00        1    +2.1632e-03  6.6057e-03  6.6057e-03  +0.0000e+00  1.0000e-01  
    171    7.0269e-02  3.1250e-02  6.0220e-02  6.0220e-02  +0.0000e+00  +6.6278e-03  +6.6278e-03  +0.0000e+00        1    +1.7578e-03  6.4520e-03  6.4520e-03  +0.0000e+00  1.0000e-01  
    172    6.0220e-02  3.1250e-02  5.0265e-02  5.0265e-02  +0.0000e+00  +6.4437e-03  +6.4437e-03  +0.0000e+00        1    +1.4790e-03  6.2958e-03  6.2958e-03  +0.0000e+00  1.0000e-01  
    173    5.0265e-02  3.1250e-02  4.2376e-02  4.2376e-02  +0.0000e+00  +6.2511e-03  +6.2511e-03  +0.0000e+00        1    +1.2756e-03  6.1235e-03  6.1235e-03  +0.0000e+00  1.0000e-01  
    174    4.2376e-02  6.2500e-02  1.1034e-01  1.1034e-01  +0.0000e+00  +6.2350e-03  +6.2350e-03  +0.0000e+00        1    +4.0090e-03  5.8341e-03  5.8341e-03  +0.0000e+00  1.0000e-01  
    175    1.1034e-01  3.1250e-02  9.4449e-02  9.4449e-02  +0.0000e+00  +6.0970e-03  +6.0970e-03  +0.0000e+00        1    +3.0618e-03  5.7908e-03  5.7908e-03  +0.0000e+00  1.0000e-01  
    176    9.4449e-02  3.1250e-02  7.7541e-02  7.7541e-02  +0.0000e+00  +5.9559e-03  +5.9559e-03  +0.0000e+00        1    +2.3861e-03  5.7173e-03  5.7173e-03  +0.0000e+00  1.0000e-01  
    177    7.7541e-02  3.1250e-02  6.6670e-02  6.6670e-02  +0.0000e+00  +5.7956e-03  +5.7956e-03  +0.0000e+00        1    +1.9061e-03  5.6050e-03  5.6050e-03  +0.0000e+00  1.0000e-01  
    178    6.6670e-02  3.1250e-02  5.5338e-02  5.5338e-02  +0.0000e+00  +5.6420e-03  +5.6420e-03  +0.0000e+00        1    +1.5704e-03  5.4849e-03  5.4849e-03  +0.0000e+00  1.0000e-01  
    179    5.5338e-02  3.1250e-02  4.7213e-02  4.7213e-02  +0.0000e+00  +5.4777e-03  +5.4777e-03  +0.0000e+00        1    +1.3271e-03  5.3450e-03  5.3450e-03  +0.0000e+00  1.0000e-01  
    180    4.7213e-02  3.1250e-02  4.0109e-02  4.0109e-02  +0.0000e+00  +5.3226e-03  +5.3226e-03  +0.0000e+00        1    +1.1587e-03  5.2067e-03  5.2067e-03  +0.0000e+00  1.0000e-01  
    181    4.0109e-02  6.2500e-02  1.0556e-01  1.0556e-01  +0.0000e+00  +5.2984e-03  +5.2984e-03  +0.0000e+00        1    +3.5720e-03  4.9412e-03  4.9412e-03  +0.0000e+00  1.0000e-01  
    182    1.0556e-01  3.1250e-02  8.7247e-02  8.7247e-02  +0.0000e+00  +5.1955e-03  +5.1955e-03  +0.0000e+00        1    +2.7450e-03  4.9210e-03  4.9210e-03  +0.0000e+00  1.0000e-01  
    183    8.7247e-02  3.1250e-02  7.5133e-02  7.5133e-02  +0.0000e+00  +5.0693e-03  +5.0693e-03  +0.0000e+00        1    +2.1567e-03  4.8537e-03  4.8537e-03  +0.0000e+00  1.0000e-01  
    184    7.5133e-02  3.1250e-02  6.2064e-02  6.2064e-02  +0.0000e+00  +4.9453e-03  +4.9453e-03  +0.0000e+00        1    +1.7381e-03  4.7715e-03  4.7715e-03  +0.0000e+00  1.0000e-01  
    185    6.2064e-02  3.1250e-02  5.3558e-02  5.3558e-02  +0.0000e+00  +4.8078e-03  +4.8078e-03  +0.0000e+00        1    +1.4360e-03  4.6642e-03  4.6642e-03  +0.0000e+00  1.0000e-01  
    186    5.3558e-02  3.1250e-02  4.5107e-02  4.5107e-02  +0.0000e+00  +4.6773e-03  +4.6773e-03  +0.0000e+00        1    +1.2236e-03  4.5549e-03  4.5549e-03  +0.0000e+00  1.0000e-01  
    187    4.5107e-02  3.1250e-02  3.8342e-02  3.8342e-02  +0.0000e+00  +4.5394e-03  +4.5394e-03  +0.0000e+00        1    +1.0669e-03  4.4327e-03  4.4327e-03  +0.0000e+00  1.0000e-01  
    188    3.8342e-02  3.1250e-02  3.3109e-02  3.3109e-02  +0.0000e+00  +4.4094e-03  +4.4094e-03  +0.0000e+00        1    +9.5733e-04  4.3137e-03  4.3137e-03  +0.0000e+00  1.0000e-01  
    189    3.3109e-02  6.2500e-02  8.6286e-02  8.6286e-02  +0.0000e+00  +4.3393e-03  +4.3393e-03  +0.0000e+00        1    +2.5633e-03  4.0830e-03  4.0830e-03  +0.0000e+00  1.0000e-01  
    190    8.6286e-02  3.1250e-02  7.1536e-02  7.1536e-02  +0.0000e+00  +4.2497e-03  +4.2497e-03  +0.0000e+00        1    +2.0255e-03  4.0472e-03  4.0472e-03  +0.0000e+00  1.0000e-01  
    191    7.1536e-02  3.1250e-02  6.2114e-02  6.2114e-02  +0.0000e+00  +4.1426e-03  +4.1426e-03  +0.0000e+00        1    +1.6371e-03  3.9789e-03  3.9789e-03  +0.0000e+00  1.0000e-01  
    192    6.2114e-02  3.1250e-02  5.1962e-02  5.1962e-02  +0.0000e+00  +4.0391e-03  +4.0391e-03  +0.0000e+00        1    +1.3588e-03  3.9032e-03  3.9032e-03  +0.0000e+00  1.0000e-01  
    193    5.1962e-02  3.1250e-02  4.4832e-02  4.4832e-02  +0.0000e+00  +3.9255e-03  +3.9255e-03  +0.0000e+00        1    +1.1546e-03  3.8101e-03  3.8101e-03  +0.0000e+00  1.0000e-01  
    194    4.4832e-02  3.1250e-02  3.8269e-02  3.8269e-02  +0.0000e+00  +3.8181e-03  +3.8181e-03  +0.0000e+00        1    +1.0094e-03  3.7172e-03  3.7172e-03  +0.0000e+00  1.0000e-01  
    195    3.8269e-02  3.1250e-02  3.2504e-02  3.2504e-02  +0.0000e+00  +3.7053e-03  +3.7053e-03  +0.0000e+00        1    +9.0033e-04  3.6153e-03  3.6153e-03  +0.0000e+00  1.0000e-01  
    196    3.2504e-02  6.2500e-02  8.5016e-02  8.5016e-02  +0.0000e+00  +3.6990e-03  +3.6990e-03  +0.0000e+00        1    +2.5270e-03  3.4463e-03  3.4463e-03  +0.0000e+00  1.0000e-01  
    197    8.5016e-02  3.1250e-02  7.3917e-02  7.3917e-02  +0.0000e+00  +3.6231e-03  +3.6231e-03  +0.0000e+00        1    +1.9999e-03  3.4231e-03  3.4231e-03  +0.0000e+00  1.0000e-01  
    198    7.3917e-02  3.1250e-02  6.1468e-02  6.1468e-02  +0.0000e+00  +3.5461e-03  +3.5461e-03  +0.0000e+00        1    +1.6147e-03  3.3846e-03  3.3846e-03  +0.0000e+00  1.0000e-01  
    199    6.1468e-02  3.1250e-02  5.3748e-02  5.3748e-02  +0.0000e+00  +3.4552e-03  +3.4552e-03  +0.0000e+00        1    +1.3330e-03  3.3219e-03  3.3219e-03  +0.0000e+00  1.0000e-01  
    200    5.3748e-02  3.1250e-02  4.5415e-02  4.5415e-02  +0.0000e+00  +3.3682e-03  +3.3682e-03  +0.0000e+00        1    +1.1296e-03  3.2553e-03  3.2553e-03  +0.0000e+00  1.0000e-01  
    201    4.5415e-02  3.1250e-02  3.9206e-02  3.9206e-02  +0.0000e+00  +3.2732e-03  +3.2732e-03  +0.0000e+00        1    +9.7825e-04  3.1753e-03  3.1753e-03  +0.0000e+00  1.0000e-01  
    202    3.9206e-02  3.1250e-02  3.3815e-02  3.3815e-02  +0.0000e+00  +3.1835e-03  +3.1835e-03  +0.0000e+00        1    +8.6947e-04  3.0965e-03  3.0965e-03  +0.0000e+00  1.0000e-01  
    203    3.3815e-02  3.1250e-02  2.8731e-02  2.8731e-02  +0.0000e+00  +3.0894e-03  +3.0894e-03  +0.0000e+00        1    +7.8670e-04  3.0107e-03  3.0107e-03  +0.0000e+00  1.0000e-01  
    204    2.8731e-02  6.2500e-02  7.5198e-02  7.5198e-02  +0.0000e+00  +3.0739e-03  +3.0739e-03  +0.0000e+00        1    +2.0604e-03  2.8679e-03  2.8679e-03  +0.0000e+00  1.0000e-01  
    205    7.5198e-02  3.1250e-02  6.5785e-02  6.5785e-02  +0.0000e+00  +3.0106e-03  +3.0106e-03  +0.0000e+00        1    +1.6573e-03  2.8448e-03  2.8448e-03  +0.0000e+00  1.0000e-01  
    206    6.5785e-02  3.1250e-02  5.5162e-02  5.5162e-02  +0.0000e+00  +2.9472e-03  +2.9472e-03  +0.0000e+00        1    +1.3605e-03  2.8111e-03  2.8111e-03  +0.0000e+00  1.0000e-01  
    207    5.5162e-02  3.1250e-02  4.8353e-02  4.8353e-02  +0.0000e+00  +2.8721e-03  +2.8721e-03  +0.0000e+00        1    +1.1408e-03  2.7580e-03  2.7580e-03  +0.0000e+00  1.0000e-01  
    208    4.8353e-02  3.1250e-02  4.1194e-02  4.1194e-02  +0.0000e+00  +2.8004e-03  +2.8004e-03  +0.0000e+00        1    +9.8041e-04  2.7024e-03  2.7024e-03  +0.0000e+00  1.0000e-01  
    209    4.1194e-02  3.1250e-02  3.5657e-02  3.5657e-02  +0.0000e+00  +2.7219e-03  +2.7219e-03  +0.0000e+00        1    +8.5976e-04  2.6359e-03  2.6359e-03  +0.0000e+00  1.0000e-01  
    210    3.5657e-02  3.1250e-02  3.0998e-02  3.0998e-02  +0.0000e+00  +2.6478e-03  +2.6478e-03  +0.0000e+00        1    +7.7190e-04  2.5706e-03  2.5706e-03  +0.0000e+00  1.0000e-01  
    211    3.0998e-02  3.1250e-02  2.6412e-02  2.6412e-02  +0.0000e+00  +2.5700e-03  +2.5700e-03  +0.0000e+00        1    +7.0433e-04  2.4996e-03  2.4996e-03  +0.0000e+00  1.0000e-01  
    212    2.6412e-02  6.2500e-02  6.9265e-02  6.9265e-02  +0.0000e+00  +2.5607e-03  +2.5607e-03  +0.0000e+00        1    +1.7857e-03  2.3822e-03  2.3822e-03  +0.0000e+00  1.0000e-01  
    213    6.9265e-02  3.1250e-02  6.0937e-02  6.0937e-02  +0.0000e+00  +2.5101e-03  +2.5101e-03  +0.0000e+00        1    +1.4529e-03  2.3648e-03  2.3648e-03  +0.0000e+00  1.0000e-01  
    214    6.0937e-02  3.1250e-02  5.1433e-02  5.1433e-02  +0.0000e+00  +2.4595e-03  +2.4595e-03  +0.0000e+00        1    +1.2052e-03  2.3390e-03  2.3390e-03  +0.0000e+00  1.0000e-01  
    215    5.1433e-02  3.1250e-02  4.5262e-02  4.5262e-02  +0.0000e+00  +2.3983e-03  +2.3983e-03  +0.0000e+00        1    +1.0201e-03  2.2963e-03  2.2963e-03  +0.0000e+00  1.0000e-01  
    216    4.5262e-02  3.1250e-02  3.8791e-02  3.8791e-02  +0.0000e+00  +2.3400e-03  +2.3400e-03  +0.0000e+00        1    +8.8340e-04  2.2517e-03  2.2517e-03  +0.0000e+00  1.0000e-01  
    217    3.8791e-02  3.1250e-02  3.3725e-02  3.3725e-02  +0.0000e+00  +2.2754e-03  +2.2754e-03  +0.0000e+00        1    +7.7961e-04  2.1974e-03  2.1974e-03  +0.0000e+00  1.0000e-01  
    218    3.3725e-02  3.1250e-02  2.9465e-02  2.9465e-02  +0.0000e+00  +2.2146e-03  +2.2146e-03  +0.0000e+00        1    +7.0305e-04  2.1443e-03  2.1443e-03  +0.0000e+00  1.0000e-01  
    219    2.9465e-02  3.1250e-02  2.5235e-02  2.5235e-02  +0.0000e+00  +2.1501e-03  +2.1501e-03  +0.0000e+00        1    +6.4375e-04  2.0858e-03  2.0858e-03  +0.0000e+00  1.0000e-01  
    220    2.5235e-02  3.1250e-02  2.2581e-02  2.2581e-02  +0.0000e+00  +2.0895e-03  +2.0895e-03  +0.0000e+00        1    +5.9982e-04  2.0296e-03  2.0296e-03  +0.0000e+00  1.0000e-01  
    221    2.2581e-02  6.2500e-02  5.8584e-02  5.8584e-02  +0.0000e+00  +2.0543e-03  +2.0543e-03  +0.0000e+00        1    +1.3374e-03  1.9206e-03  1.9206e-03  +0.0000e+00  1.0000e-01  
    222    5.8584e-02  3.1250e-02  4.9704e-02  4.9704e-02  +0.0000e+00  +2.0172e-03  +2.0172e-03  +0.0000e+00        1    +1.1158e-03  1.9056e-03  1.9056e-03  +0.0000e+00  1.0000e-01  
    223    4.9704e-02  3.1250e-02  4.3998e-02  4.3998e-02  +0.0000e+00  +1.9699e-03  +1.9699e-03  +0.0000e+00        1    +9.4855e-04  1.8750e-03  1.8750e-03  +0.0000e+00  1.0000e-01  
    224    4.3998e-02  3.1250e-02  3.7862e-02  3.7862e-02  +0.0000e+00  +1.9247e-03  +1.9247e-03  +0.0000e+00        1    +8.2336e-04  1.8423e-03  1.8423e-03  +0.0000e+00  1.0000e-01  
    225    3.7862e-02  3.1250e-02  3.3138e-02  3.3138e-02  +0.0000e+00  +1.8733e-03  +1.8733e-03  +0.0000e+00        1    +7.2762e-04  1.8005e-03  1.8005e-03  +0.0000e+00  1.0000e-01  
    226    3.3138e-02  3.1250e-02  2.9026e-02  2.9026e-02  +0.0000e+00  +1.8249e-03  +1.8249e-03  +0.0000e+00        1    +6.5603e-04  1.7593e-03  1.7593e-03  +0.0000e+00  1.0000e-01  
    227    2.9026e-02  3.1250e-02  2.5053e-02  2.5053e-02  +0.0000e+00  +1.7729e-03  +1.7729e-03  +0.0000e+00        1    +6.0028e-04  1.7129e-03  1.7129e-03  +0.0000e+00  1.0000e-01  
    228    2.5053e-02  3.1250e-02  2.2430e-02  2.2430e-02  +0.0000e+00  +1.7241e-03  +1.7241e-03  +0.0000e+00        1    +5.5843e-04  1.6683e-03  1.6683e-03  +0.0000e+00  1.0000e-01  
    229    2.2430e-02  6.2500e-02  5.8691e-02  5.8691e-02  +0.0000e+00  +1.7125e-03  +1.7125e-03  +0.0000e+00        1    +1.3013e-03  1.5824e-03  1.5824e-03  +0.0000e+00  1.0000e-01  
    230    5.8691e-02  3.1250e-02  4.9952e-02  4.9952e-02  +0.0000e+00  +1.6871e-03  +1.6871e-03  +0.0000e+00        1    +1.0856e-03  1.5786e-03  1.5786e-03  +0.0000e+00  1.0000e-01  
    231    4.9952e-02  3.1250e-02  4.4514e-02  4.4514e-02  +0.0000e+00  +1.6514e-03  +1.6514e-03  +0.0000e+00        1    +9.2162e-04  1.5593e-03  1.5593e-03  +0.0000e+00  1.0000e-01  
    232    4.4514e-02  3.1250e-02  3.8374e-02  3.8374e-02  +0.0000e+00  +1.6170e-03  +1.6170e-03  +0.0000e+00        1    +7.9738e-04  1.5372e-03  1.5372e-03  +0.0000e+00  1.0000e-01  
    233    3.8374e-02  3.1250e-02  3.3845e-02  3.3845e-02  +0.0000e+00  +1.5761e-03  +1.5761e-03  +0.0000e+00        1    +7.0186e-04  1.5059e-03  1.5059e-03  +0.0000e+00  1.0000e-01  
    234    3.3845e-02  3.1250e-02  2.9645e-02  2.9645e-02  +0.0000e+00  +1.5376e-03  +1.5376e-03  +0.0000e+00        1    +6.2959e-04  1.4746e-03  1.4746e-03  +0.0000e+00  1.0000e-01  
    235    2.9645e-02  3.1250e-02  2.5821e-02  2.5821e-02  +0.0000e+00  +1.4951e-03  +1.4951e-03  +0.0000e+00        1    +5.7317e-04  1.4378e-03  1.4378e-03  +0.0000e+00  1.0000e-01  
    236    2.5821e-02  3.1250e-02  2.3064e-02  2.3064e-02  +0.0000e+00  +1.4554e-03  +1.4554e-03  +0.0000e+00        1    +5.3034e-04  1.4023e-03  1.4023e-03  +0.0000e+00  1.0000e-01  
    237    2.3064e-02  3.1250e-02  1.9778e-02  1.9778e-02  +0.0000e+00  +1.4132e-03  +1.4132e-03  +0.0000e+00        1    +4.9624e-04  1.3636e-03  1.3636e-03  +0.0000e+00  1.0000e-01  
    238    1.9778e-02  6.2500e-02  5.2142e-02  5.2142e-02  +0.0000e+00  +1.4123e-03  +1.4123e-03  +0.0000e+00        1    +1.1102e-03  1.3012e-03  1.3012e-03  +0.0000e+00  1.0000e-01  
    239    5.2142e-02  3.1250e-02  4.6719e-02  4.6719e-02  +0.0000e+00  +1.3878e-03  +1.3878e-03  +0.0000e+00        1    +9.3783e-04  1.2940e-03  1.2940e-03  +0.0000e+00  1.0000e-01  
    240    4.6719e-02  3.1250e-02  4.0291e-02  4.0291e-02  +0.0000e+00  +1.3637e-03  +1.3637e-03  +0.0000e+00        1    +8.0547e-04  1.2832e-03  1.2832e-03  +0.0000e+00  1.0000e-01  
    241    4.0291e-02  3.1250e-02  3.5858e-02  3.5858e-02  +0.0000e+00  +1.3326e-03  +1.3326e-03  +0.0000e+00        1    +7.0325e-04  1.2622e-03  1.2622e-03  +0.0000e+00  1.0000e-01  
    242    3.5858e-02  3.1250e-02  3.1357e-02  3.1357e-02  +0.0000e+00  +1.3030e-03  +1.3030e-03  +0.0000e+00        1    +6.2497e-04  1.2406e-03  1.2406e-03  +0.0000e+00  1.0000e-01  
    243    3.1357e-02  3.1250e-02  2.7602e-02  2.7602e-02  +0.0000e+00  +1.2690e-03  +1.2690e-03  +0.0000e+00        1    +5.6374e-04  1.2127e-03  1.2127e-03  +0.0000e+00  1.0000e-01  
    244    2.7602e-02  3.1250e-02  2.4550e-02  2.4550e-02  +0.0000e+00  +1.2372e-03  +1.2372e-03  +0.0000e+00        1    +5.1678e-04  1.1856e-03  1.1856e-03  +0.0000e+00  1.0000e-01  
    245    2.4550e-02  3.1250e-02  2.1321e-02  2.1321e-02  +0.0000e+00  +1.2026e-03  +1.2026e-03  +0.0000e+00        1    +4.7944e-04  1.1547e-03  1.1547e-03  +0.0000e+00  1.0000e-01  
    246    2.1321e-02  3.1250e-02  1.9358e-02  1.9358e-02  +0.0000e+00  +1.1703e-03  +1.1703e-03  +0.0000e+00        1    +4.5063e-04  1.1252e-03  1.1252e-03  +0.0000e+00  1.0000e-01  
    247    1.9358e-02  6.2500e-02  5.0777e-02  5.0777e-02  +0.0000e+00  +1.1695e-03  +1.1695e-03  +0.0000e+00        1    +1.0069e-03  1.0688e-03  1.0688e-03  +0.0000e+00  1.0000e-01  
    248    5.0777e-02  3.1250e-02  4.3765e-02  4.3765e-02  +0.0000e+00  +1.1561e-03  +1.1561e-03  +0.0000e+00        1    +8.5580e-04  1.0706e-03  1.0706e-03  +0.0000e+00  1.0000e-01  
    249    4.3765e-02  3.1250e-02  3.9328e-02  3.9328e-02  +0.0000e+00  +1.1345e-03  +1.1345e-03  +0.0000e+00        1    +7.3859e-04  1.0607e-03  1.0607e-03  +0.0000e+00  1.0000e-01  
    250    3.9328e-02  3.1250e-02  3.4296e-02  3.4296e-02  +0.0000e+00  +1.1137e-03  +1.1137e-03  +0.0000e+00        1    +6.4777e-04  1.0489e-03  1.0489e-03  +0.0000e+00  1.0000e-01  
    251    3.4296e-02  3.1250e-02  3.0531e-02  3.0531e-02  +0.0000e+00  +1.0875e-03  +1.0875e-03  +0.0000e+00        1    +5.7662e-04  1.0298e-03  1.0298e-03  +0.0000e+00  1.0000e-01  
    252    3.0531e-02  3.1250e-02  2.7009e-02  2.7009e-02  +0.0000e+00  +1.0630e-03  +1.0630e-03  +0.0000e+00        1    +5.2149e-04  1.0108e-03  1.0108e-03  +0.0000e+00  1.0000e-01  
    253    2.7009e-02  3.1250e-02  2.3773e-02  2.3773e-02  +0.0000e+00  +1.0350e-03  +1.0350e-03  +0.0000e+00        1    +4.7774e-04  9.8720e-04  9.8720e-04  +0.0000e+00  1.0000e-01  
    254    2.3773e-02  3.1250e-02  2.1398e-02  2.1398e-02  +0.0000e+00  +1.0089e-03  +1.0089e-03  +0.0000e+00        1    +4.4373e-04  9.6452e-04  9.6452e-04  +0.0000e+00  1.0000e-01  
    255    2.1398e-02  3.1250e-02  1.8575e-02  1.8575e-02  +0.0000e+00  +9.8062e-04  +9.8062e-04  +0.0000e+00        1    +4.1628e-04  9.3899e-04  9.3899e-04  +0.0000e+00  1.0000e-01  
    256    1.8575e-02  3.1250e-02  1.7071e-02  1.7071e-02  +0.0000e+00  +9.5425e-04  +9.5425e-04  +0.0000e+00        1    +3.9477e-04  9.1478e-04  9.1478e-04  +0.0000e+00  1.0000e-01  
    257    1.7071e-02  6.2500e-02  4.4581e-02  4.4581e-02  +0.0000e+00  +9.5050e-04  +9.5050e-04  +0.0000e+00        1    +8.2253e-04  8.6824e-04  8.6824e-04  +0.0000e+00  1.0000e-01  
    258    4.4581e-02  3.1250e-02  3.8761e-02  3.8761e-02  +0.0000e+00  +9.3971e-04  +9.3971e-04  +0.0000e+00        1    +7.1018e-04  8.6869e-04  8.6869e-04  +0.0000e+00  1.0000e-01  
    259    3.8761e-02  3.1250e-02  3.4916e-02  3.4916e-02  +0.0000e+00  +9.2222e-04  +9.2222e-04  +0.0000e+00        1    +6.2194e-04  8.6003e-04  8.6003e-04  +0.0000e+00  1.0000e-01  
    260    3.4916e-02  3.1250e-02  3.0714e-02  3.0714e-02  +0.0000e+00  +9.0559e-04  +9.0559e-04  +0.0000e+00        1    +5.5281e-04  8.5031e-04  8.5031e-04  +0.0000e+00  1.0000e-01  
    261    3.0714e-02  3.1250e-02  2.7412e-02  2.7412e-02  +0.0000e+00  +8.8456e-04  +8.8456e-04  +0.0000e+00        1    +4.9797e-04  8.3477e-04  8.3477e-04  +0.0000e+00  1.0000e-01  
    262    2.7412e-02  3.1250e-02  2.4455e-02  2.4455e-02  +0.0000e+00  +8.6496e-04  +8.6496e-04  +0.0000e+00        1    +4.5496e-04  8.1946e-04  8.1946e-04  +0.0000e+00  1.0000e-01  
    263    2.4455e-02  3.1250e-02  2.1582e-02  2.1582e-02  +0.0000e+00  +8.4245e-04  +8.4245e-04  +0.0000e+00        1    +4.2042e-04  8.0041e-04  8.0041e-04  +0.0000e+00  1.0000e-01  
    264    2.1582e-02  3.1250e-02  1.9582e-02  1.9582e-02  +0.0000e+00  +8.2156e-04  +8.2156e-04  +0.0000e+00        1    +3.9321e-04  7.8224e-04  7.8224e-04  +0.0000e+00  1.0000e-01  
    265    1.9582e-02  3.1250e-02  1.7048e-02  1.7048e-02  +0.0000e+00  +7.9878e-04  +7.9878e-04  +0.0000e+00        1    +3.7101e-04  7.6168e-04  7.6168e-04  +0.0000e+00  1.0000e-01  
    266    1.7048e-02  3.1250e-02  1.5783e-02  1.5783e-02  +0.0000e+00  +7.7760e-04  +7.7760e-04  +0.0000e+00        1    +3.5338e-04  7.4226e-04  7.4226e-04  +0.0000e+00  1.0000e-01  
    267    1.5783e-02  6.2500e-02  4.1259e-02  4.1259e-02  +0.0000e+00  +7.7701e-04  +7.7701e-04  +0.0000e+00        1    +7.1978e-04  7.0503e-04  7.0503e-04  +0.0000e+00  1.0000e-01  
    268    4.1259e-02  3.1250e-02  3.6102e-02  3.6102e-02  +0.0000e+00  +7.6968e-04  +7.6968e-04  +0.0000e+00        1    +6.2710e-04  7.0697e-04  7.0697e-04  +0.0000e+00  1.0000e-01  
    269    3.6102e-02  3.1250e-02  3.2659e-02  3.2659e-02  +0.0000e+00  +7.5645e-04  +7.5645e-04  +0.0000e+00        1    +5.5355e-04  7.0110e-04  7.0110e-04  +0.0000e+00  1.0000e-01  
    270    3.2659e-02  3.1250e-02  2.8897e-02  2.8897e-02  +0.0000e+00  +7.4393e-04  +7.4393e-04  +0.0000e+00        1    +4.9526e-04  6.9441e-04  6.9441e-04  +0.0000e+00  1.0000e-01  
    271    2.8897e-02  3.1250e-02  2.5910e-02  2.5910e-02  +0.0000e+00  +7.2746e-04  +7.2746e-04  +0.0000e+00        1    +4.4858e-04  6.8261e-04  6.8261e-04  +0.0000e+00  1.0000e-01  
    272    2.5910e-02  3.1250e-02  2.3233e-02  2.3233e-02  +0.0000e+00  +7.1218e-04  +7.1218e-04  +0.0000e+00        1    +4.1155e-04  6.7103e-04  6.7103e-04  +0.0000e+00  1.0000e-01  
    273    2.3233e-02  3.1250e-02  2.0611e-02  2.0611e-02  +0.0000e+00  +6.9424e-04  +6.9424e-04  +0.0000e+00        1    +3.8154e-04  6.5608e-04  6.5608e-04  +0.0000e+00  1.0000e-01  
    274    2.0611e-02  3.1250e-02  1.8776e-02  1.8776e-02  +0.0000e+00  +6.7765e-04  +6.7765e-04  +0.0000e+00        1    +3.5762e-04  6.4189e-04  6.4189e-04  +0.0000e+00  1.0000e-01  
    275    1.8776e-02  3.1250e-02  1.6446e-02  1.6446e-02  +0.0000e+00  +6.5928e-04  +6.5928e-04  +0.0000e+00        1    +3.3797e-04  6.2548e-04  6.2548e-04  +0.0000e+00  1.0000e-01  
    276    1.6446e-02  3.1250e-02  1.5264e-02  1.5264e-02  +0.0000e+00  +6.4227e-04  +6.4227e-04  +0.0000e+00        1    +3.2218e-04  6.1005e-04  6.1005e-04  +0.0000e+00  1.0000e-01  
    277    1.5264e-02  3.1250e-02  1.3166e-02  1.3166e-02  +0.0000e+00  +6.2409e-04  +6.2409e-04  +0.0000e+00        1    +3.0898e-04  5.9319e-04  5.9319e-04  +0.0000e+00  1.0000e-01  
    278    1.3166e-02  3.1250e-02  1.2492e-02  1.2492e-02  +0.0000e+00  +6.0719e-04  +6.0719e-04  +0.0000e+00        1    +2.9825e-04  5.7737e-04  5.7737e-04  +0.0000e+00  1.0000e-01  
    279    1.2492e-02  6.2500e-02  3.2068e-02  3.2068e-02  +0.0000e+00  +5.9830e-04  +5.9830e-04  +0.0000e+00        1    +5.1735e-04  5.4657e-04  5.4657e-04  +0.0000e+00  1.0000e-01  
    280    3.2068e-02  3.1250e-02  2.8470e-02  2.8470e-02  +0.0000e+00  +5.9070e-04  +5.9070e-04  +0.0000e+00        1    +4.6350e-04  5.4435e-04  5.4435e-04  +0.0000e+00  1.0000e-01  
    281    2.8470e-02  3.1250e-02  2.5709e-02  2.5709e-02  +0.0000e+00  +5.7921e-04  +5.7921e-04  +0.0000e+00        1    +4.2001e-04  5.3721e-04  5.3721e-04  +0.0000e+00  1.0000e-01  
    282    2.5709e-02  3.1250e-02  2.3101e-02  2.3101e-02  +0.0000e+00  +5.6862e-04  +5.6862e-04  +0.0000e+00        1    +3.8510e-04  5.3011e-04  5.3011e-04  +0.0000e+00  1.0000e-01  
    283    2.3101e-02  3.1250e-02  2.0661e-02  2.0661e-02  +0.0000e+00  +5.5537e-04  +5.5537e-04  +0.0000e+00        1    +3.5664e-04  5.1971e-04  5.1971e-04  +0.0000e+00  1.0000e-01  
    284    2.0661e-02  3.1250e-02  1.8830e-02  1.8830e-02  +0.0000e+00  +5.4321e-04  +5.4321e-04  +0.0000e+00        1    +3.3370e-04  5.0985e-04  5.0985e-04  +0.0000e+00  1.0000e-01  
    285    1.8830e-02  3.1250e-02  1.6649e-02  1.6649e-02  +0.0000e+00  +5.2922e-04  +5.2922e-04  +0.0000e+00        1    +3.1476e-04  4.9775e-04  4.9775e-04  +0.0000e+00  1.0000e-01  
    286    1.6649e-02  3.1250e-02  1.5429e-02  1.5429e-02  +0.0000e+00  +5.1637e-04  +5.1637e-04  +0.0000e+00        1    +2.9940e-04  4.8643e-04  4.8643e-04  +0.0000e+00  1.0000e-01  
    287    1.5429e-02  3.1250e-02  1.3456e-02  1.3456e-02  +0.0000e+00  +5.0226e-04  +5.0226e-04  +0.0000e+00        1    +2.8653e-04  4.7360e-04  4.7360e-04  +0.0000e+00  1.0000e-01  
    288    1.3456e-02  3.1250e-02  1.2715e-02  1.2715e-02  +0.0000e+00  +4.8924e-04  +4.8924e-04  +0.0000e+00        1    +2.7599e-04  4.6164e-04  4.6164e-04  +0.0000e+00  1.0000e-01  
    289    1.2715e-02  3.1250e-02  1.0910e-02  1.0910e-02  +0.0000e+00  +4.7537e-04  +4.7537e-04  +0.0000e+00        1    +2.6700e-04  4.4867e-04  4.4867e-04  +0.0000e+00  1.0000e-01  
    290    1.0910e-02  6.2500e-02  2.9400e-02  2.9400e-02  +0.0000e+00  +4.7387e-04  +4.7387e-04  +0.0000e+00        1    +4.5583e-04  4.2829e-04  4.2829e-04  +0.0000e+00  1.0000e-01  
    291    2.9400e-02  3.1250e-02  2.6782e-02  2.6782e-02  +0.0000e+00  +4.6692e-04  +4.6692e-04  +0.0000e+00        1    +4.1130e-04  4.2579e-04  4.2579e-04  +0.0000e+00  1.0000e-01  
    292    2.6782e-02  3.1250e-02  2.4052e-02  2.4052e-02  +0.0000e+00  +4.6058e-04  +4.6058e-04  +0.0000e+00        1    +3.7515e-04  4.2307e-04  4.2307e-04  +0.0000e+00  1.0000e-01  
    293    2.4052e-02  3.1250e-02  2.1728e-02  2.1728e-02  +0.0000e+00  +4.5138e-04  +4.5138e-04  +0.0000e+00        1    +3.4555e-04  4.1682e-04  4.1682e-04  +0.0000e+00  1.0000e-01  
    294    2.1728e-02  3.1250e-02  1.9753e-02  1.9753e-02  +0.0000e+00  +4.4302e-04  +4.4302e-04  +0.0000e+00        1    +3.2146e-04  4.1088e-04  4.1088e-04  +0.0000e+00  1.0000e-01  
    295    1.9753e-02  3.1250e-02  1.7669e-02  1.7669e-02  +0.0000e+00  +4.3264e-04  +4.3264e-04  +0.0000e+00        1    +3.0153e-04  4.0249e-04  4.0249e-04  +0.0000e+00  1.0000e-01  
    296    1.7669e-02  3.1250e-02  1.6295e-02  1.6295e-02  +0.0000e+00  +4.2320e-04  +4.2320e-04  +0.0000e+00        1    +2.8523e-04  3.9468e-04  3.9468e-04  +0.0000e+00  1.0000e-01  
    297    1.6295e-02  3.1250e-02  1.4405e-02  1.4405e-02  +0.0000e+00  +4.1234e-04  +4.1234e-04  +0.0000e+00        1    +2.7158e-04  3.8518e-04  3.8518e-04  +0.0000e+00  1.0000e-01  
    298    1.4405e-02  3.1250e-02  1.3508e-02  1.3508e-02  +0.0000e+00  +4.0242e-04  +4.0242e-04  +0.0000e+00        1    +2.6034e-04  3.7638e-04  3.7638e-04  +0.0000e+00  1.0000e-01  
    299    1.3508e-02  3.1250e-02  1.1778e-02  1.1778e-02  +0.0000e+00  +3.9150e-04  +3.9150e-04  +0.0000e+00        1    +2.5079e-04  3.6642e-04  3.6642e-04  +0.0000e+00  1.0000e-01  
    300    1.1778e-02  3.1250e-02  1.1259e-02  1.1259e-02  +0.0000e+00  +3.8147e-04  +3.8147e-04  +0.0000e+00        1    +2.4283e-04  3.5718e-04  3.5718e-04  +0.0000e+00  1.0000e-01  
    301    1.1259e-02  3.1250e-02  9.6582e-03  9.6582e-03  +0.0000e+00  +3.7075e-04  +3.7075e-04  +0.0000e+00        1    +2.3595e-04  3.4715e-04  3.4715e-04  +0.0000e+00  1.0000e-01  
    302    9.6582e-03  6.2500e-02  2.6152e-02  2.6152e-02  +0.0000e+00  +3.6999e-04  +3.6999e-04  +0.0000e+00        1    +3.8415e-04  3.3157e-04  3.3157e-04  +0.0000e+00  1.0000e-01  
    303    2.6152e-02  3.1250e-02  2.3892e-02  2.3892e-02  +0.0000e+00  +3.6493e-04  +3.6493e-04  +0.0000e+00        1    +3.5057e-04  3.2987e-04  3.2987e-04  +0.0000e+00  1.0000e-01  
    304    2.3892e-02  3.1250e-02  2.1629e-02  2.1629e-02  +0.0000e+00  +3.6043e-04  +3.6043e-04  +0.0000e+00        1    +3.2299e-04  3.2813e-04  3.2813e-04  +0.0000e+00  1.0000e-01  
    305    2.1629e-02  3.1250e-02  1.9598e-02  1.9598e-02  +0.0000e+00  +3.5356e-04  +3.5356e-04  +0.0000e+00        1    +3.0013e-04  3.2355e-04  3.2355e-04  +0.0000e+00  1.0000e-01  
    306    1.9598e-02  3.1250e-02  1.7953e-02  1.7953e-02  +0.0000e+00  +3.4742e-04  +3.4742e-04  +0.0000e+00        1    +2.8130e-04  3.1929e-04  3.1929e-04  +0.0000e+00  1.0000e-01  
    307    1.7953e-02  3.1250e-02  1.6112e-02  1.6112e-02  +0.0000e+00  +3.3957e-04  +3.3957e-04  +0.0000e+00        1    +2.6555e-04  3.1302e-04  3.1302e-04  +0.0000e+00  1.0000e-01  
    308    1.6112e-02  3.1250e-02  1.4963e-02  1.4963e-02  +0.0000e+00  +3.3251e-04  +3.3251e-04  +0.0000e+00        1    +2.5251e-04  3.0726e-04  3.0726e-04  +0.0000e+00  1.0000e-01  
    309    1.4963e-02  3.1250e-02  1.3278e-02  1.3278e-02  +0.0000e+00  +3.2423e-04  +3.2423e-04  +0.0000e+00        1    +2.4147e-04  3.0008e-04  3.0008e-04  +0.0000e+00  1.0000e-01  
    310    1.3278e-02  3.1250e-02  1.2527e-02  1.2527e-02  +0.0000e+00  +3.1672e-04  +3.1672e-04  +0.0000e+00        1    +2.3226e-04  2.9349e-04  2.9349e-04  +0.0000e+00  1.0000e-01  
    311    1.2527e-02  3.1250e-02  1.0971e-02  1.0971e-02  +0.0000e+00  +3.0832e-04  +3.0832e-04  +0.0000e+00        1    +2.2437e-04  2.8589e-04  2.8589e-04  +0.0000e+00  1.0000e-01  
    312    1.0971e-02  3.1250e-02  1.0539e-02  1.0539e-02  +0.0000e+00  +3.0067e-04  +3.0067e-04  +0.0000e+00        1    +2.1772e-04  2.7890e-04  2.7890e-04  +0.0000e+00  1.0000e-01  
    313    1.0539e-02  3.1250e-02  9.0891e-03  9.0891e-03  +0.0000e+00  +2.9239e-04  +2.9239e-04  +0.0000e+00        1    +2.1193e-04  2.7120e-04  2.7120e-04  +0.0000e+00  1.0000e-01  
    314    9.0891e-03  3.1250e-02  8.9147e-03  8.9147e-03  +0.0000e+00  +2.8479e-04  +2.8479e-04  +0.0000e+00        1    +2.0698e-04  2.6409e-04  2.6409e-04  +0.0000e+00  1.0000e-01  
    315    8.9147e-03  6.2500e-02  2.2667e-02  2.2667e-02  +0.0000e+00  +2.8174e-04  +2.8174e-04  +0.0000e+00        1    +3.1558e-04  2.5019e-04  2.5019e-04  +0.0000e+00  1.0000e-01  
    316    2.2667e-02  3.1250e-02  2.0611e-02  2.0611e-02  +0.0000e+00  +2.7938e-04  +2.7938e-04  +0.0000e+00        1    +2.9190e-04  2.5019e-04  2.5019e-04  +0.0000e+00  1.0000e-01  
    317    2.0611e-02  3.1250e-02  1.8786e-02  1.8786e-02  +0.0000e+00  +2.7484e-04  +2.7484e-04  +0.0000e+00        1    +2.7211e-04  2.4763e-04  2.4763e-04  +0.0000e+00  1.0000e-01  
    318    1.8786e-02  3.1250e-02  1.7269e-02  1.7269e-02  +0.0000e+00  +2.7089e-04  +2.7089e-04  +0.0000e+00        1    +2.5562e-04  2.4533e-04  2.4533e-04  +0.0000e+00  1.0000e-01  
    319    1.7269e-02  3.1250e-02  1.5601e-02  1.5601e-02  +0.0000e+00  +2.6536e-04  +2.6536e-04  +0.0000e+00        1    +2.4172e-04  2.4118e-04  2.4118e-04  +0.0000e+00  1.0000e-01  
    320    1.5601e-02  3.1250e-02  1.4521e-02  1.4521e-02  +0.0000e+00  +2.6047e-04  +2.6047e-04  +0.0000e+00        1    +2.3009e-04  2.3746e-04  2.3746e-04  +0.0000e+00  1.0000e-01  
    321    1.4521e-02  3.1250e-02  1.2985e-02  1.2985e-02  +0.0000e+00  +2.5441e-04  +2.5441e-04  +0.0000e+00        1    +2.2019e-04  2.3239e-04  2.3239e-04  +0.0000e+00  1.0000e-01  
    322    1.2985e-02  3.1250e-02  1.2259e-02  1.2259e-02  +0.0000e+00  +2.4900e-04  +2.4900e-04  +0.0000e+00        1    +2.1185e-04  2.2781e-04  2.2781e-04  +0.0000e+00  1.0000e-01  
    323    1.2259e-02  3.1250e-02  1.0832e-02  1.0832e-02  +0.0000e+00  +2.4272e-04  +2.4272e-04  +0.0000e+00        1    +2.0466e-04  2.2226e-04  2.2226e-04  +0.0000e+00  1.0000e-01  
    324    1.0832e-02  3.1250e-02  1.0395e-02  1.0395e-02  +0.0000e+00  +2.3708e-04  +2.3708e-04  +0.0000e+00        1    +1.9855e-04  2.1722e-04  2.1722e-04  +0.0000e+00  1.0000e-01  
    325    1.0395e-02  3.1250e-02  9.0584e-03  9.0584e-03  +0.0000e+00  +2.3079e-04  +2.3079e-04  +0.0000e+00        1    +1.9322e-04  2.1147e-04  2.1147e-04  +0.0000e+00  1.0000e-01  
    326    9.0584e-03  3.1250e-02  8.8549e-03  8.8549e-03  +0.0000e+00  +2.2509e-04  +2.2509e-04  +0.0000e+00        1    +1.8864e-04  2.0623e-04  2.0623e-04  +0.0000e+00  1.0000e-01  
    327    8.8549e-03  3.1250e-02  7.5950e-03  7.5950e-03  +0.0000e+00  +2.1892e-04  +2.1892e-04  +0.0000e+00        1    +1.8458e-04  2.0047e-04  2.0047e-04  +0.0000e+00  1.0000e-01  
    328    7.5950e-03  3.1250e-02  7.5813e-03  7.5813e-03  +0.0000e+00  +2.1329e-04  +2.1329e-04  +0.0000e+00        1    +1.8104e-04  1.9519e-04  1.9519e-04  +0.0000e+00  1.0000e-01  
    329    7.5813e-03  6.2500e-02  1.9067e-02  1.9067e-02  +0.0000e+00  +2.1050e-04  +2.1050e-04  +0.0000e+00        1    +2.5727e-04  1.8478e-04  1.8478e-04  +0.0000e+00  1.0000e-01  
    330    1.9067e-02  3.1250e-02  1.7526e-02  1.7526e-02  +0.0000e+00  +2.0877e-04  +2.0877e-04  +0.0000e+00        1    +2.4121e-04  1.8465e-04  1.8465e-04  +0.0000e+00  1.0000e-01  
    331    1.7526e-02  3.1250e-02  1.5984e-02  1.5984e-02  +0.0000e+00  +2.0542e-04  +2.0542e-04  +0.0000e+00        1    +2.2760e-04  1.8265e-04  1.8265e-04  +0.0000e+00  1.0000e-01  
    332    1.5984e-02  3.1250e-02  1.4852e-02  1.4852e-02  +0.0000e+00  +2.0258e-04  +2.0258e-04  +0.0000e+00        1    +2.1611e-04  1.8097e-04  1.8097e-04  +0.0000e+00  1.0000e-01  
    333    1.4852e-02  3.1250e-02  1.3426e-02  1.3426e-02  +0.0000e+00  +1.9853e-04  +1.9853e-04  +0.0000e+00        1    +2.0630e-04  1.7790e-04  1.7790e-04  +0.0000e+00  1.0000e-01  
    334    1.3426e-02  3.1250e-02  1.2630e-02  1.2630e-02  +0.0000e+00  +1.9501e-04  +1.9501e-04  +0.0000e+00        1    +1.9797e-04  1.7522e-04  1.7522e-04  +0.0000e+00  1.0000e-01  
    335    1.2630e-02  3.1250e-02  1.1300e-02  1.1300e-02  +0.0000e+00  +1.9058e-04  +1.9058e-04  +0.0000e+00        1    +1.9078e-04  1.7151e-04  1.7151e-04  +0.0000e+00  1.0000e-01  
    336    1.1300e-02  3.1250e-02  1.0779e-02  1.0779e-02  +0.0000e+00  +1.8669e-04  +1.8669e-04  +0.0000e+00        1    +1.8464e-04  1.6822e-04  1.6822e-04  +0.0000e+00  1.0000e-01  
    337    1.0779e-02  3.1250e-02  9.5310e-03  9.5310e-03  +0.0000e+00  +1.8209e-04  +1.8209e-04  +0.0000e+00        1    +1.7928e-04  1.6417e-04  1.6417e-04  +0.0000e+00  1.0000e-01  
    338    9.5310e-03  3.1250e-02  9.2367e-03  9.2367e-03  +0.0000e+00  +1.7801e-04  +1.7801e-04  +0.0000e+00        1    +1.7466e-04  1.6054e-04  1.6054e-04  +0.0000e+00  1.0000e-01  
    339    9.2367e-03  3.1250e-02  8.0573e-03  8.0573e-03  +0.0000e+00  +1.7340e-04  +1.7340e-04  +0.0000e+00        1    +1.7058e-04  1.5634e-04  1.5634e-04  +0.0000e+00  1.0000e-01  
    340    8.0573e-03  3.1250e-02  7.9486e-03  7.9486e-03  +0.0000e+00  +1.6926e-04  +1.6926e-04  +0.0000e+00        1    +1.6702e-04  1.5255e-04  1.5255e-04  +0.0000e+00  1.0000e-01  
    341    7.9486e-03  3.1250e-02  6.8278e-03  6.8278e-03  +0.0000e+00  +1.6472e-04  +1.6472e-04  +0.0000e+00        1    +1.6384e-04  1.4834e-04  1.4834e-04  +0.0000e+00  1.0000e-01  
    342    6.8278e-03  3.1250e-02  6.8713e-03  6.8713e-03  +0.0000e+00  +1.6061e-04  +1.6061e-04  +0.0000e+00        1    +1.6102e-04  1.4451e-04  1.4451e-04  +0.0000e+00  1.0000e-01  
    343    6.8713e-03  6.2500e-02  1.7276e-02  1.7276e-02  +0.0000e+00  +1.5930e-04  +1.5930e-04  +0.0000e+00        1    +2.2353e-04  1.3695e-04  1.3695e-04  +0.0000e+00  1.0000e-01  
    344    1.7276e-02  3.1250e-02  1.5982e-02  1.5982e-02  +0.0000e+00  +1.5848e-04  +1.5848e-04  +0.0000e+00        1    +2.1098e-04  1.3738e-04  1.3738e-04  +0.0000e+00  1.0000e-01  
    345    1.5982e-02  3.1250e-02  1.4634e-02  1.4634e-02  +0.0000e+00  +1.5628e-04  +1.5628e-04  +0.0000e+00        1    +2.0023e-04  1.3626e-04  1.3626e-04  +0.0000e+00  1.0000e-01  
    346    1.4634e-02  3.1250e-02  1.3677e-02  1.3677e-02  +0.0000e+00  +1.5453e-04  +1.5453e-04  +0.0000e+00        1    +1.9105e-04  1.3542e-04  1.3542e-04  +0.0000e+00  1.0000e-01  
    347    1.3677e-02  3.1250e-02  1.2419e-02  1.2419e-02  +0.0000e+00  +1.5173e-04  +1.5173e-04  +0.0000e+00        1    +1.8313e-04  1.3341e-04  1.3341e-04  +0.0000e+00  1.0000e-01  
    348    1.2419e-02  3.1250e-02  1.1740e-02  1.1740e-02  +0.0000e+00  +1.4937e-04  +1.4937e-04  +0.0000e+00        1    +1.7634e-04  1.3174e-04  1.3174e-04  +0.0000e+00  1.0000e-01  
    349    1.1740e-02  3.1250e-02  1.0558e-02  1.0558e-02  +0.0000e+00  +1.4622e-04  +1.4622e-04  +0.0000e+00        1    +1.7042e-04  1.2918e-04  1.2918e-04  +0.0000e+00  1.0000e-01  
    350    1.0558e-02  3.1250e-02  1.0111e-02  1.0111e-02  +0.0000e+00  +1.4350e-04  +1.4350e-04  +0.0000e+00        1    +1.6532e-04  1.2697e-04  1.2697e-04  +0.0000e+00  1.0000e-01  
    351    1.0111e-02  3.1250e-02  8.9935e-03  8.9935e-03  +0.0000e+00  +1.4017e-04  +1.4017e-04  +0.0000e+00        1    +1.6083e-04  1.2409e-04  1.2409e-04  +0.0000e+00  1.0000e-01  
    352    8.9935e-03  3.1250e-02  8.7384e-03  8.7384e-03  +0.0000e+00  +1.3726e-04  +1.3726e-04  +0.0000e+00        1    +1.5692e-04  1.2156e-04  1.2156e-04  +0.0000e+00  1.0000e-01  
    353    8.7384e-03  3.1250e-02  7.6765e-03  7.6765e-03  +0.0000e+00  +1.3386e-04  +1.3386e-04  +0.0000e+00        1    +1.5345e-04  1.1852e-04  1.1852e-04  +0.0000e+00  1.0000e-01  
    354    7.6765e-03  3.1250e-02  7.5806e-03  7.5806e-03  +0.0000e+00  +1.3086e-04  +1.3086e-04  +0.0000e+00        1    +1.5039e-04  1.1582e-04  1.1582e-04  +0.0000e+00  1.0000e-01  
    355    7.5806e-03  3.1250e-02  6.5663e-03  6.5663e-03  +0.0000e+00  +1.2749e-04  +1.2749e-04  +0.0000e+00        1    +1.4765e-04  1.1272e-04  1.1272e-04  +0.0000e+00  1.0000e-01  
    356    6.5663e-03  3.1250e-02  6.6025e-03  6.6025e-03  +0.0000e+00  +1.2447e-04  +1.2447e-04  +0.0000e+00        1    +1.4521e-04  1.0995e-04  1.0995e-04  +0.0000e+00  1.0000e-01  
    357    6.6025e-03  3.1250e-02  5.6293e-03  5.6293e-03  +0.0000e+00  +1.2117e-04  +1.2117e-04  +0.0000e+00        1    +1.4299e-04  1.0687e-04  1.0687e-04  +0.0000e+00  1.0000e-01  
    358    5.6293e-03  3.1250e-02  5.7749e-03  5.7749e-03  +0.0000e+00  +1.1820e-04  +1.1820e-04  +0.0000e+00        1    +1.4098e-04  1.0410e-04  1.0410e-04  +0.0000e+00  1.0000e-01  
    359    5.7749e-03  6.2500e-02  1.4327e-02  1.4327e-02  +0.0000e+00  +1.1692e-04  +1.1692e-04  +0.0000e+00        1    +1.8352e-04  9.8570e-05  9.8570e-05  +0.0000e+00  1.0000e-01  
    360    1.4327e-02  3.1250e-02  1.3405e-02  1.3405e-02  +0.0000e+00  +1.1632e-04  +1.1632e-04  +0.0000e+00        1    +1.7524e-04  9.8797e-05  9.8797e-05  +0.0000e+00  1.0000e-01  
    361    1.3405e-02  3.1250e-02  1.2272e-02  1.2272e-02  +0.0000e+00  +1.1472e-04  +1.1472e-04  +0.0000e+00        1    +1.6805e-04  9.7919e-05  9.7919e-05  +0.0000e+00  1.0000e-01  
    362    1.2272e-02  3.1250e-02  1.1599e-02  1.1599e-02  +0.0000e+00  +1.1350e-04  +1.1350e-04  +0.0000e+00        1    +1.6182e-04  9.7315e-05  9.7315e-05  +0.0000e+00  1.0000e-01  
    363    1.1599e-02  3.1250e-02  1.0529e-02  1.0529e-02  +0.0000e+00  +1.1149e-04  +1.1149e-04  +0.0000e+00        1    +1.5638e-04  9.5854e-05  9.5854e-05  +0.0000e+00  1.0000e-01  
    364    1.0529e-02  3.1250e-02  1.0066e-02  1.0066e-02  +0.0000e+00  +1.0986e-04  +1.0986e-04  +0.0000e+00        1    +1.5165e-04  9.4692e-05  9.4692e-05  +0.0000e+00  1.0000e-01  
    365    1.0066e-02  3.1250e-02  9.0494e-03  9.0494e-03  +0.0000e+00  +1.0761e-04  +1.0761e-04  +0.0000e+00        1    +1.4747e-04  9.2861e-05  9.2861e-05  +0.0000e+00  1.0000e-01  
    366    9.0494e-03  3.1250e-02  8.7609e-03  8.7609e-03  +0.0000e+00  +1.0571e-04  +1.0571e-04  +0.0000e+00        1    +1.4381e-04  9.1334e-05  9.1334e-05  +0.0000e+00  1.0000e-01  
    367    8.7609e-03  3.1250e-02  7.7916e-03  7.7916e-03  +0.0000e+00  +1.0334e-04  +1.0334e-04  +0.0000e+00        1    +1.4056e-04  8.9283e-05  8.9283e-05  +0.0000e+00  1.0000e-01  
    368    7.7916e-03  3.1250e-02  7.6498e-03  7.6498e-03  +0.0000e+00  +1.0130e-04  +1.0130e-04  +0.0000e+00        1    +1.3768e-04  8.7530e-05  8.7530e-05  +0.0000e+00  1.0000e-01  
    369    7.6498e-03  3.1250e-02  6.7211e-03  6.7211e-03  +0.0000e+00  +9.8875e-05  +9.8875e-05  +0.0000e+00        1    +1.3510e-04  8.5365e-05  8.5365e-05  +0.0000e+00  1.0000e-01  
    370    6.7211e-03  3.1250e-02  6.7023e-03  6.7023e-03  +0.0000e+00  +9.6762e-05  +9.6762e-05  +0.0000e+00        1    +1.3279e-04  8.3483e-05  8.3483e-05  +0.0000e+00  1.0000e-01  
    371    6.7023e-03  3.1250e-02  5.8090e-03  5.8090e-03  +0.0000e+00  +9.4348e-05  +9.4348e-05  +0.0000e+00        1    +1.3070e-04  8.1278e-05  8.1278e-05  +0.0000e+00  1.0000e-01  
    372    5.8090e-03  3.1250e-02  5.8932e-03  5.8932e-03  +0.0000e+00  +9.2218e-05  +9.2218e-05  +0.0000e+00        1    +1.2881e-04  7.9337e-05  7.9337e-05  +0.0000e+00  1.0000e-01  
    373    5.8932e-03  3.1250e-02  5.0308e-03  5.0308e-03  +0.0000e+00  +8.9850e-05  +8.9850e-05  +0.0000e+00        1    +1.2708e-04  7.7142e-05  7.7142e-05  +0.0000e+00  1.0000e-01  
    374    5.0308e-03  3.1250e-02  5.2012e-03  5.2012e-03  +0.0000e+00  +8.7740e-05  +8.7740e-05  +0.0000e+00        1    +1.2550e-04  7.5190e-05  7.5190e-05  +0.0000e+00  1.0000e-01  
    375    5.2012e-03  6.2500e-02  1.2899e-02  1.2899e-02  +0.0000e+00  +8.7279e-05  +8.7279e-05  +0.0000e+00        1    +1.5994e-04  7.1286e-05  7.1286e-05  +0.0000e+00  1.0000e-01  
    376    1.2899e-02  3.1250e-02  1.2143e-02  1.2143e-02  +0.0000e+00  +8.7136e-05  +8.7136e-05  +0.0000e+00        1    +1.5356e-04  7.1780e-05  7.1780e-05  +0.0000e+00  1.0000e-01  
    377    1.2143e-02  3.1250e-02  1.1160e-02  1.1160e-02  +0.0000e+00  +8.6168e-05  +8.6168e-05  +0.0000e+00        1    +1.4797e-04  7.1371e-05  7.1371e-05  +0.0000e+00  1.0000e-01  
    378    1.1160e-02  3.1250e-02  1.0606e-02  1.0606e-02  +0.0000e+00  +8.5508e-05  +8.5508e-05  +0.0000e+00        1    +1.4309e-04  7.1200e-05  7.1200e-05  +0.0000e+00  1.0000e-01  
    379    1.0606e-02  3.1250e-02  9.6697e-03  9.6697e-03  +0.0000e+00  +8.4193e-05  +8.4193e-05  +0.0000e+00        1    +1.3877e-04  7.0315e-05  7.0315e-05  +0.0000e+00  1.0000e-01  
    380    9.6697e-03  3.1250e-02  9.2862e-03  9.2862e-03  +0.0000e+00  +8.3182e-05  +8.3182e-05  +0.0000e+00        1    +1.3498e-04  6.9684e-05  6.9684e-05  +0.0000e+00  1.0000e-01  
    381    9.2862e-03  3.1250e-02  8.3914e-03  8.3914e-03  +0.0000e+00  +8.1645e-05  +8.1645e-05  +0.0000e+00        1    +1.3161e-04  6.8485e-05  6.8485e-05  +0.0000e+00  1.0000e-01  
    382    8.3914e-03  3.1250e-02  8.1525e-03  8.1525e-03  +0.0000e+00  +8.0403e-05  +8.0403e-05  +0.0000e+00        1    +1.2862e-04  6.7540e-05  6.7540e-05  +0.0000e+00  1.0000e-01  
    383    8.1525e-03  3.1250e-02  7.2937e-03  7.2937e-03  +0.0000e+00  +7.8737e-05  +7.8737e-05  +0.0000e+00        1    +1.2595e-04  6.6143e-05  6.6143e-05  +0.0000e+00  1.0000e-01  
    384    7.2937e-03  3.1250e-02  7.1772e-03  7.1772e-03  +0.0000e+00  +7.7349e-05  +7.7349e-05  +0.0000e+00        1    +1.2356e-04  6.4993e-05  6.4993e-05  +0.0000e+00  1.0000e-01  
    385    7.1772e-03  3.1250e-02  6.3501e-03  6.3501e-03  +0.0000e+00  +7.5621e-05  +7.5621e-05  +0.0000e+00        1    +1.2141e-04  6.3480e-05  6.3480e-05  +0.0000e+00  1.0000e-01  
    386    6.3501e-03  3.1250e-02  6.3374e-03  6.3374e-03  +0.0000e+00  +7.4151e-05  +7.4151e-05  +0.0000e+00        1    +1.1947e-04  6.2204e-05  6.2204e-05  +0.0000e+00  1.0000e-01  
    387    6.3374e-03  3.1250e-02  5.5381e-03  5.5381e-03  +0.0000e+00  +7.2406e-05  +7.2406e-05  +0.0000e+00        1    +1.1771e-04  6.0635e-05  6.0635e-05  +0.0000e+00  1.0000e-01  
    388    5.5381e-03  3.1250e-02  5.6131e-03  5.6131e-03  +0.0000e+00  +7.0898e-05  +7.0898e-05  +0.0000e+00        1    +1.1610e-04  5.9288e-05  5.9288e-05  +0.0000e+00  1.0000e-01  
    389    5.6131e-03  3.1250e-02  4.8386e-03  4.8386e-03  +0.0000e+00  +6.9169e-05  +6.9169e-05  +0.0000e+00        1    +1.1463e-04  5.7706e-05  5.7706e-05  +0.0000e+00  1.0000e-01  
    390    4.8386e-03  3.1250e-02  4.9878e-03  4.9878e-03  +0.0000e+00  +6.7657e-05  +6.7657e-05  +0.0000e+00        1    +1.1328e-04  5.6329e-05  5.6329e-05  +0.0000e+00  1.0000e-01  
    391    4.9878e-03  3.1250e-02  4.2352e-03  4.2352e-03  +0.0000e+00  +6.5965e-05  +6.5965e-05  +0.0000e+00        1    +1.1202e-04  5.4764e-05  5.4764e-05  +0.0000e+00  1.0000e-01  
    392    4.2352e-03  3.1250e-02  4.4471e-03  4.4471e-03  +0.0000e+00  +6.4471e-05  +6.4471e-05  +0.0000e+00        1    +1.1086e-04  5.3386e-05  5.3386e-05  +0.0000e+00  1.0000e-01  
    393    4.4471e-03  6.2500e-02  1.0922e-02  1.0922e-02  +0.0000e+00  +6.4137e-05  +6.4137e-05  +0.0000e+00        1    +1.3533e-04  5.0604e-05  5.0604e-05  +0.0000e+00  1.0000e-01  
    394    1.0922e-02  3.1250e-02  1.0380e-02  1.0380e-02  +0.0000e+00  +6.4107e-05  +6.4107e-05  +0.0000e+00        1    +1.3096e-04  5.1011e-05  5.1011e-05  +0.0000e+00  1.0000e-01  
    395    1.0380e-02  3.1250e-02  9.5474e-03  9.5474e-03  +0.0000e+00  +6.3459e-05  +6.3459e-05  +0.0000e+00        1    +1.2708e-04  5.0751e-05  5.0751e-05  +0.0000e+00  1.0000e-01  
    396    9.5474e-03  3.1250e-02  9.1570e-03  9.1570e-03  +0.0000e+00  +6.3065e-05  +6.3065e-05  +0.0000e+00        1    +1.2365e-04  5.0701e-05  5.0701e-05  +0.0000e+00  1.0000e-01  
    397    9.1570e-03  3.1250e-02  8.3570e-03  8.3570e-03  +0.0000e+00  +6.2169e-05  +6.2169e-05  +0.0000e+00        1    +1.2058e-04  5.0111e-05  5.0111e-05  +0.0000e+00  1.0000e-01  
    398    8.3570e-03  3.1250e-02  8.0961e-03  8.0961e-03  +0.0000e+00  +6.1521e-05  +6.1521e-05  +0.0000e+00        1    +1.1785e-04  4.9736e-05  4.9736e-05  +0.0000e+00  1.0000e-01  
    399    8.0961e-03  3.1250e-02  7.3253e-03  7.3253e-03  +0.0000e+00  +6.0463e-05  +6.0463e-05  +0.0000e+00        1    +1.1540e-04  4.8924e-05  4.8924e-05  +0.0000e+00  1.0000e-01  
    400    7.3253e-03  3.1250e-02  7.1752e-03  7.1752e-03  +0.0000e+00  +5.9642e-05  +5.9642e-05  +0.0000e+00        1    +1.1320e-04  4.8322e-05  4.8322e-05  +0.0000e+00  1.0000e-01  
    401    7.1752e-03  3.1250e-02  6.4302e-03  6.4302e-03  +0.0000e+00  +5.8485e-05  +5.8485e-05  +0.0000e+00        1    +1.1121e-04  4.7364e-05  4.7364e-05  +0.0000e+00  1.0000e-01  
    402    6.4302e-03  3.1250e-02  6.3749e-03  6.3749e-03  +0.0000e+00  +5.7550e-05  +5.7550e-05  +0.0000e+00        1    +1.0941e-04  4.6609e-05  4.6609e-05  +0.0000e+00  1.0000e-01  
    403    6.3749e-03  3.1250e-02  5.6529e-03  5.6529e-03  +0.0000e+00  +5.6340e-05  +5.6340e-05  +0.0000e+00        1    +1.0778e-04  4.5562e-05  4.5562e-05  +0.0000e+00  1.0000e-01  
    404    5.6529e-03  3.1250e-02  5.6786e-03  5.6786e-03  +0.0000e+00  +5.5336e-05  +5.5336e-05  +0.0000e+00        1    +1.0629e-04  4.4707e-05  4.4707e-05  +0.0000e+00  1.0000e-01  
    405    5.6786e-03  3.1250e-02  4.9772e-03  4.9772e-03  +0.0000e+00  +5.4106e-05  +5.4106e-05  +0.0000e+00        1    +1.0492e-04  4.3614e-05  4.3614e-05  +0.0000e+00  1.0000e-01  
    406    4.9772e-03  3.1250e-02  5.0722e-03  5.0722e-03  +0.0000e+00  +5.3066e-05  +5.3066e-05  +0.0000e+00        1    +1.0367e-04  4.2699e-05  4.2699e-05  +0.0000e+00  1.0000e-01  
    407    5.0722e-03  3.1250e-02  4.3892e-03  4.3892e-03  +0.0000e+00  +5.1840e-05  +5.1840e-05  +0.0000e+00        1    +1.0250e-04  4.1589e-05  4.1589e-05  +0.0000e+00  1.0000e-01  
    408    4.3892e-03  3.1250e-02  4.5433e-03  4.5433e-03  +0.0000e+00  +5.0788e-05  +5.0788e-05  +0.0000e+00        1    +1.0143e-04  4.0645e-05  4.0645e-05  +0.0000e+00  1.0000e-01  
    409    4.5433e-03  3.1250e-02  3.8769e-03  3.8769e-03  +0.0000e+00  +4.9582e-05  +4.9582e-05  +0.0000e+00        1    +1.0043e-04  3.9539e-05  3.9539e-05  +0.0000e+00  1.0000e-01  
    410    3.8769e-03  3.1250e-02  4.0815e-03  4.0815e-03  +0.0000e+00  +4.8535e-05  +4.8535e-05  +0.0000e+00        1    +9.9493e-05  3.8586e-05  3.8586e-05  +0.0000e+00  1.0000e-01  
    411    4.0815e-03  3.1250e-02  3.4303e-03  3.4303e-03  +0.0000e+00  +4.7362e-05  +4.7362e-05  +0.0000e+00        1    +9.8611e-05  3.7500e-05  3.7500e-05  +0.0000e+00  1.0000e-01  
    412    3.4303e-03  3.1250e-02  3.6779e-03  3.6779e-03  +0.0000e+00  +4.6333e-05  +4.6333e-05  +0.0000e+00        1    +9.7785e-05  3.6554e-05  3.6554e-05  +0.0000e+00  1.0000e-01  
    413    3.6779e-03  6.2500e-02  8.8842e-03  8.8842e-03  +0.0000e+00  +4.5991e-05  +4.5991e-05  +0.0000e+00        1    +1.1373e-04  3.4618e-05  3.4618e-05  +0.0000e+00  1.0000e-01  
    414    8.8842e-03  3.1250e-02  8.5440e-03  8.5440e-03  +0.0000e+00  +4.5975e-05  +4.5975e-05  +0.0000e+00        1    +1.1093e-04  3.4882e-05  3.4882e-05  +0.0000e+00  1.0000e-01  
    415    8.5440e-03  3.1250e-02  7.8467e-03  7.8467e-03  +0.0000e+00  +4.5522e-05  +4.5522e-05  +0.0000e+00        1    +1.0842e-04  3.4680e-05  3.4680e-05  +0.0000e+00  1.0000e-01  
    416    7.8467e-03  3.1250e-02  7.6145e-03  7.6145e-03  +0.0000e+00  +4.5273e-05  +4.5273e-05  +0.0000e+00        1    +1.0617e-04  3.4656e-05  3.4656e-05  +0.0000e+00  1.0000e-01  
    417    7.6145e-03  3.1250e-02  6.9390e-03  6.9390e-03  +0.0000e+00  +4.4662e-05  +4.4662e-05  +0.0000e+00        1    +1.0413e-04  3.4249e-05  3.4249e-05  +0.0000e+00  1.0000e-01  
    418    6.9390e-03  3.1250e-02  6.8000e-03  6.8000e-03  +0.0000e+00  +4.4247e-05  +4.4247e-05  +0.0000e+00        1    +1.0229e-04  3.4018e-05  3.4018e-05  +0.0000e+00  1.0000e-01  
    419    6.8000e-03  3.1250e-02  6.1440e-03  6.1440e-03  +0.0000e+00  +4.3530e-05  +4.3530e-05  +0.0000e+00        1    +1.0061e-04  3.3469e-05  3.3469e-05  +0.0000e+00  1.0000e-01  
    420    6.1440e-03  3.1250e-02  6.0855e-03  6.0855e-03  +0.0000e+00  +4.2998e-05  +4.2998e-05  +0.0000e+00        1    +9.9094e-05  3.3089e-05  3.3089e-05  +0.0000e+00  1.0000e-01  
    421    6.0855e-03  3.1250e-02  5.4472e-03  5.4472e-03  +0.0000e+00  +4.2216e-05  +4.2216e-05  +0.0000e+00        1    +9.7701e-05  3.2446e-05  3.2446e-05  +0.0000e+00  1.0000e-01  
    422    5.4472e-03  3.1250e-02  5.4582e-03  5.4582e-03  +0.0000e+00  +4.1605e-05  +4.1605e-05  +0.0000e+00        1    +9.6429e-05  3.1962e-05  3.1962e-05  +0.0000e+00  1.0000e-01  
    423    5.4582e-03  3.1250e-02  4.8358e-03  4.8358e-03  +0.0000e+00  +4.0785e-05  +4.0785e-05  +0.0000e+00        1    +9.5255e-05  3.1259e-05  3.1259e-05  +0.0000e+00  1.0000e-01  
    424    4.8358e-03  3.1250e-02  4.9069e-03  4.9069e-03  +0.0000e+00  +4.0124e-05  +4.0124e-05  +0.0000e+00        1    +9.4175e-05  3.0707e-05  3.0707e-05  +0.0000e+00  1.0000e-01  
    425    4.9069e-03  3.1250e-02  4.2990e-03  4.2990e-03  +0.0000e+00  +3.9288e-05  +3.9288e-05  +0.0000e+00        1    +9.3172e-05  2.9971e-05  2.9971e-05  +0.0000e+00  1.0000e-01  
    426    4.2990e-03  3.1250e-02  4.4218e-03  4.4218e-03  +0.0000e+00  +3.8600e-05  +3.8600e-05  +0.0000e+00        1    +9.2243e-05  2.9375e-05  2.9375e-05  +0.0000e+00  1.0000e-01  
    427    4.4218e-03  3.1250e-02  3.8271e-03  3.8271e-03  +0.0000e+00  +3.7763e-05  +3.7763e-05  +0.0000e+00        1    +9.1373e-05  2.8626e-05  2.8626e-05  +0.0000e+00  1.0000e-01  
    428    3.8271e-03  3.1250e-02  3.9946e-03  3.9946e-03  +0.0000e+00  +3.7062e-05  +3.7062e-05  +0.0000e+00        1    +9.0562e-05  2.8006e-05  2.8006e-05  +0.0000e+00  1.0000e-01  
    429    3.9946e-03  3.1250e-02  3.4119e-03  3.4119e-03  +0.0000e+00  +3.6237e-05  +3.6237e-05  +0.0000e+00        1    +8.9798e-05  2.7257e-05  2.7257e-05  +0.0000e+00  1.0000e-01  
    430    3.4119e-03  3.1250e-02  3.6178e-03  3.6178e-03  +0.0000e+00  +3.5536e-05  +3.5536e-05  +0.0000e+00        1    +8.9080e-05  2.6628e-05  2.6628e-05  +0.0000e+00  1.0000e-01  
    431    3.6178e-03  3.1250e-02  3.0463e-03  3.0463e-03  +0.0000e+00  +3.4730e-05  +3.4730e-05  +0.0000e+00        1    +8.8398e-05  2.5890e-05  2.5890e-05  +0.0000e+00  1.0000e-01  
    432    3.0463e-03  3.1250e-02  3.2852e-03  3.2852e-03  +0.0000e+00  +3.4037e-05  +3.4037e-05  +0.0000e+00        1    +8.7754e-05  2.5262e-05  2.5262e-05  +0.0000e+00  1.0000e-01  
    433    3.2852e-03  6.2500e-02  7.9439e-03  7.9439e-03  +0.0000e+00  +3.4012e-05  +3.4012e-05  +0.0000e+00        1    +1.0049e-04  2.3963e-05  2.3963e-05  +0.0000e+00  1.0000e-01  
    434    7.9439e-03  1.5625e-02  5.0324e-04  5.0324e-04  +0.0000e+00  +3.2352e-05  +3.2352e-05  +0.0000e+00        1    +8.4906e-05  2.3861e-05  2.3861e-05  +0.0000e+00  1.0000e-01  
=========================================================
Total gradient evaluations: 2.227e+05 
