=========================================================
*                                                       *
*  Samples: 2.56e+02; epsilon: 3.1937e-03; varepson:3.1937e-03 *
*                                                       *
=========================================================
     Iter   search_dire    stepsize    KKT_inf    eKKT_inf    KKT-eKKT      merit     e_merit     mrt-emrt      rank          f           c           ec        c-ec         tau    
initial    0.0000e+00  0.0000e+00  6.4076e-03  8.9733e-03  -2.5656e-03  +4.9830e-03  +9.0741e-03  -4.0911e-03        1    +1.0089e-03  4.8822e-03  8.9733e-03  -4.0911e-03  1.0000e-01  
      1    6.4076e-03  1.0000e+00  2.4055e-01  2.4010e-01  +4.5004e-04  +4.1267e-03  +1.8976e-02  -1.4850e-02        1    +2.3250e-02  1.8017e-03  1.6651e-02  -1.4850e-02  1.0000e-01  
      2    2.4055e-01  1.5625e-02  4.4555e-02  4.4317e-02  +2.3859e-04  +2.5673e-03  +1.5559e-02  -1.2992e-02        1    +4.4645e-03  2.1208e-03  1.5112e-02  -1.2992e-02  1.0000e-01  
      3    4.4555e-02  1.2500e-01  1.6290e-01  1.6106e-01  +1.8368e-03  +1.6813e-03  +2.1657e-02  -1.9975e-02        1    +1.6744e-02  6.8280e-06  1.9982e-02  -1.9975e-02  1.0000e-01  
      4    1.6290e-01  1.5625e-02  5.2590e-02  5.2524e-02  +6.5438e-05  +9.3027e-04  +1.7096e-02  -1.6166e-02        1    +4.8753e-03  4.4275e-04  1.6608e-02  -1.6166e-02  1.0000e-01  
      5    5.2590e-02  6.2500e-02  5.0003e-02  4.9787e-02  +2.1551e-04  +5.1555e-04  +1.4681e-02  -1.4166e-02        1    +1.9544e-03  3.2010e-04  1.4486e-02  -1.4166e-02  1.0000e-01  
      6    5.0003e-02  3.1250e-02  5.5407e-02  5.4871e-02  +5.3527e-04  +3.4962e-04  +1.4276e-02  -1.3927e-02        1    +1.3144e-03  2.1818e-04  1.4145e-02  -1.3927e-02  1.0000e-01  
      7    5.5407e-02  1.5625e-02  5.6201e-03  1.4894e-02  -9.2736e-03  +2.8899e-04  +1.4949e-02  -1.4660e-02        1    +5.5554e-04  2.3344e-04  1.4894e-02  -1.4660e-02  1.0000e-01  
      8    5.6201e-03  2.5000e-01  6.2850e-02  6.2956e-02  -1.0636e-04  +2.6340e-04  +1.5679e-02  -1.5416e-02        1    +2.0400e-03  5.9401e-05  1.5475e-02  -1.5416e-02  1.0000e-01  
      9    6.2850e-02  3.1250e-02  7.2385e-02  7.1494e-02  +8.9141e-04  +2.0007e-04  +1.6684e-02  -1.6484e-02        1    +1.7670e-03  2.3374e-05  1.6507e-02  -1.6484e-02  1.0000e-01  
     10    7.2385e-02  1.5625e-02  6.9326e-03  1.5487e-02  -8.5544e-03  +4.9022e-05  +1.5530e-02  -1.5481e-02        1    +4.2901e-04  6.1216e-06  1.5487e-02  -1.5481e-02  1.0000e-01  
     11    6.9326e-03  3.1250e-02  7.6266e-03  1.5570e-02  -7.9435e-03  +4.5216e-05  +1.5611e-02  -1.5566e-02        1    +4.1004e-04  4.2116e-06  1.5570e-02  -1.5566e-02  1.0000e-01  
     12    7.6266e-03  1.5625e-02  1.3574e-03  1.5462e-02  -1.4104e-02  +4.3599e-05  +1.5501e-02  -1.5457e-02        1    +3.9063e-04  4.5358e-06  1.5462e-02  -1.5457e-02  1.0000e-01  
=========================================================
Total gradient evaluations: 3.328e+03 
