=========================================================
*                                                       *
*  Samples: 5.12e+02; epsilon: 1.0000e-04; varepson:1.0000e-04 *
*                                                       *
=========================================================
     Iter   search_dire    stepsize    KKT_inf    eKKT_inf    KKT-eKKT      merit     e_merit     mrt-emrt      rank          f           c           ec        c-ec         tau    
initial    0.0000e+00  0.0000e+00  1.5462e-02  1.5462e-02  +0.0000e+00  +1.5501e-02  +1.5501e-02  +0.0000e+00        1    +3.9063e-04  1.5462e-02  1.5462e-02  +0.0000e+00  1.0000e-01  
      1    1.4198e-03  1.0000e+00  3.7667e-02  3.7667e-02  +0.0000e+00  +1.3190e-04  +1.3190e-04  +0.0000e+00        1    +9.4308e-04  3.7591e-05  3.7591e-05  +0.0000e+00  1.0000e-01  
      2    3.7667e-02  3.1250e-02  4.2318e-02  4.2318e-02  +0.0000e+00  +7.8786e-05  +7.8786e-05  +0.0000e+00        1    +7.3164e-04  5.6220e-06  5.6220e-06  +0.0000e+00  1.0000e-01  
      3    4.2318e-02  1.5625e-02  4.4738e-03  4.4738e-03  +0.0000e+00  +3.2767e-05  +3.2767e-05  +0.0000e+00        1    +2.7938e-04  4.8293e-06  4.8293e-06  +0.0000e+00  1.0000e-01  
      4    4.4738e-03  6.2500e-02  1.1103e-02  1.1103e-02  +0.0000e+00  +3.1991e-05  +3.1991e-05  +0.0000e+00        1    +2.9547e-04  2.4438e-06  2.4438e-06  +0.0000e+00  1.0000e-01  
      5    1.1103e-02  1.5625e-02  1.2815e-03  1.2815e-03  +0.0000e+00  +2.8419e-05  +2.8419e-05  +0.0000e+00        1    +2.5984e-04  2.4349e-06  2.4349e-06  +0.0000e+00  1.0000e-01  
      6    1.2815e-03  6.2500e-02  3.5505e-03  3.5505e-03  +0.0000e+00  +2.8177e-05  +2.8177e-05  +0.0000e+00        1    +2.5583e-04  2.5940e-06  2.5940e-06  +0.0000e+00  1.0000e-01  
      7    3.5505e-03  1.5625e-02  1.1514e-03  1.1514e-03  +0.0000e+00  +2.7830e-05  +2.7830e-05  +0.0000e+00        1    +2.5185e-04  2.6445e-06  2.6445e-06  +0.0000e+00  1.0000e-01  
      8    1.1514e-03  1.2500e-01  2.1822e-03  2.1822e-03  +0.0000e+00  +2.7140e-05  +2.7140e-05  +0.0000e+00        1    +2.4290e-04  2.8491e-06  2.8491e-06  +0.0000e+00  1.0000e-01  
      9    2.1822e-03  3.1250e-02  2.7494e-03  2.7494e-03  +0.0000e+00  +2.6818e-05  +2.6818e-05  +0.0000e+00        1    +2.4066e-04  2.7522e-06  2.7522e-06  +0.0000e+00  1.0000e-01  
     10    2.7494e-03  3.1250e-02  3.0438e-03  3.0438e-03  +0.0000e+00  +2.6636e-05  +2.6636e-05  +0.0000e+00        1    +2.3886e-04  2.7498e-06  2.7498e-06  +0.0000e+00  1.0000e-01  
     11    3.0438e-03  3.1250e-02  3.5838e-03  3.5838e-03  +0.0000e+00  +2.6556e-05  +2.6556e-05  +0.0000e+00        1    +2.3731e-04  2.8244e-06  2.8244e-06  +0.0000e+00  1.0000e-01  
     12    3.5838e-03  3.1250e-02  4.0494e-03  4.0494e-03  +0.0000e+00  +2.6445e-05  +2.6445e-05  +0.0000e+00        1    +2.3607e-04  2.8381e-06  2.8381e-06  +0.0000e+00  1.0000e-01  
     13    4.0494e-03  1.5625e-02  8.3953e-04  8.3953e-04  +0.0000e+00  +2.5996e-05  +2.5996e-05  +0.0000e+00        1    +2.3135e-04  2.8615e-06  2.8615e-06  +0.0000e+00  1.0000e-01  
     14    8.3953e-04  2.5000e-01  5.4741e-03  5.4741e-03  +0.0000e+00  +2.5836e-05  +2.5836e-05  +0.0000e+00        1    +2.2145e-04  3.6910e-06  3.6910e-06  +0.0000e+00  1.0000e-01  
     15    5.4741e-03  1.5625e-02  9.2565e-04  9.2565e-04  +0.0000e+00  +2.5102e-05  +2.5102e-05  +0.0000e+00        1    +2.1353e-04  3.7490e-06  3.7490e-06  +0.0000e+00  1.0000e-01  
     16    9.2565e-04  1.2500e-01  3.7360e-03  3.7360e-03  +0.0000e+00  +2.4528e-05  +2.4528e-05  +0.0000e+00        1    +2.0902e-04  3.6263e-06  3.6263e-06  +0.0000e+00  1.0000e-01  
     17    3.7360e-03  1.5625e-02  7.6720e-04  7.6720e-04  +0.0000e+00  +2.4134e-05  +2.4134e-05  +0.0000e+00        1    +2.0505e-04  3.6289e-06  3.6289e-06  +0.0000e+00  1.0000e-01  
     18    7.6720e-04  2.5000e-01  5.2072e-03  5.2072e-03  +0.0000e+00  +2.3834e-05  +2.3834e-05  +0.0000e+00        1    +1.9736e-04  4.0972e-06  4.0972e-06  +0.0000e+00  1.0000e-01  
     19    5.2072e-03  1.5625e-02  8.6913e-04  8.6913e-04  +0.0000e+00  +2.3164e-05  +2.3164e-05  +0.0000e+00        1    +1.9025e-04  4.1388e-06  4.1388e-06  +0.0000e+00  1.0000e-01  
     20    8.6913e-04  1.2500e-01  3.6783e-03  3.6783e-03  +0.0000e+00  +2.2599e-05  +2.2599e-05  +0.0000e+00        1    +1.8691e-04  3.9083e-06  3.9083e-06  +0.0000e+00  1.0000e-01  
     21    3.6783e-03  1.5625e-02  7.2605e-04  7.2605e-04  +0.0000e+00  +2.2218e-05  +2.2218e-05  +0.0000e+00        1    +1.8314e-04  3.9040e-06  3.9040e-06  +0.0000e+00  1.0000e-01  
     22    7.2605e-04  2.5000e-01  5.3236e-03  5.3236e-03  +0.0000e+00  +2.1868e-05  +2.1868e-05  +0.0000e+00        1    +1.7808e-04  4.0603e-06  4.0603e-06  +0.0000e+00  1.0000e-01  
     23    5.3236e-03  1.5625e-02  8.5318e-04  8.5318e-04  +0.0000e+00  +2.1181e-05  +2.1181e-05  +0.0000e+00        1    +1.7074e-04  4.1072e-06  4.1072e-06  +0.0000e+00  1.0000e-01  
     24    8.5318e-04  1.2500e-01  3.8741e-03  3.8741e-03  +0.0000e+00  +2.0708e-05  +2.0708e-05  +0.0000e+00        1    +1.6880e-04  3.8281e-06  3.8281e-06  +0.0000e+00  1.0000e-01  
     25    3.8741e-03  1.5625e-02  7.1389e-04  7.1389e-04  +0.0000e+00  +2.0305e-05  +2.0305e-05  +0.0000e+00        1    +1.6476e-04  3.8293e-06  3.8293e-06  +0.0000e+00  1.0000e-01  
     26    7.1389e-04  2.5000e-01  5.8199e-03  5.8199e-03  +0.0000e+00  +2.0097e-05  +2.0097e-05  +0.0000e+00        1    +1.6299e-04  3.7983e-06  3.7983e-06  +0.0000e+00  1.0000e-01  
     27    5.8199e-03  1.5625e-02  8.7879e-04  8.7879e-04  +0.0000e+00  +1.9305e-05  +1.9305e-05  +0.0000e+00        1    +1.5434e-04  3.8714e-06  3.8714e-06  +0.0000e+00  1.0000e-01  
     28    8.7879e-04  1.2500e-01  4.3410e-03  4.3410e-03  +0.0000e+00  +1.8998e-05  +1.8998e-05  +0.0000e+00        1    +1.5422e-04  3.5755e-06  3.5755e-06  +0.0000e+00  1.0000e-01  
     29    4.3410e-03  1.5625e-02  7.3082e-04  7.3082e-04  +0.0000e+00  +1.8521e-05  +1.8521e-05  +0.0000e+00        1    +1.4929e-04  3.5918e-06  3.5918e-06  +0.0000e+00  1.0000e-01  
     30    7.3082e-04  1.2500e-01  3.3086e-03  3.3086e-03  +0.0000e+00  +1.8086e-05  +1.8086e-05  +0.0000e+00        1    +1.4749e-04  3.3368e-06  3.3368e-06  +0.0000e+00  1.0000e-01  
     31    3.3086e-03  1.5625e-02  6.3448e-04  6.3448e-04  +0.0000e+00  +1.7787e-05  +1.7787e-05  +0.0000e+00        1    +1.4454e-04  3.3339e-06  3.3339e-06  +0.0000e+00  1.0000e-01  
     32    6.3448e-04  2.5000e-01  5.1038e-03  5.1038e-03  +0.0000e+00  +1.7517e-05  +1.7517e-05  +0.0000e+00        1    +1.4300e-04  3.2167e-06  3.2167e-06  +0.0000e+00  1.0000e-01  
     33    5.1038e-03  1.5625e-02  7.7463e-04  7.7463e-04  +0.0000e+00  +1.6878e-05  +1.6878e-05  +0.0000e+00        1    +1.3625e-04  3.2533e-06  3.2533e-06  +0.0000e+00  1.0000e-01  
     34    7.7463e-04  1.2500e-01  4.0195e-03  4.0195e-03  +0.0000e+00  +1.6678e-05  +1.6678e-05  +0.0000e+00        1    +1.3636e-04  3.0421e-06  3.0421e-06  +0.0000e+00  1.0000e-01  
     35    4.0195e-03  1.5625e-02  6.9223e-04  6.9223e-04  +0.0000e+00  +1.6297e-05  +1.6297e-05  +0.0000e+00        1    +1.3223e-04  3.0739e-06  3.0739e-06  +0.0000e+00  1.0000e-01  
     36    6.9223e-04  1.2500e-01  3.0741e-03  3.0741e-03  +0.0000e+00  +1.5918e-05  +1.5918e-05  +0.0000e+00        1    +1.3108e-04  2.8109e-06  2.8109e-06  +0.0000e+00  1.0000e-01  
     37    3.0741e-03  1.5625e-02  5.6206e-04  5.6206e-04  +0.0000e+00  +1.5638e-05  +1.5638e-05  +0.0000e+00        1    +1.2844e-04  2.7936e-06  2.7936e-06  +0.0000e+00  1.0000e-01  
     38    5.6206e-04  1.2500e-01  2.5367e-03  2.5367e-03  +0.0000e+00  +1.5280e-05  +1.5280e-05  +0.0000e+00        1    +1.2663e-04  2.6163e-06  2.6163e-06  +0.0000e+00  1.0000e-01  
     39    2.5367e-03  1.5625e-02  5.4426e-04  5.4426e-04  +0.0000e+00  +1.5105e-05  +1.5105e-05  +0.0000e+00        1    +1.2487e-04  2.6180e-06  2.6180e-06  +0.0000e+00  1.0000e-01  
     40    5.4426e-04  2.5000e-01  3.8092e-03  3.8092e-03  +0.0000e+00  +1.4817e-05  +1.4817e-05  +0.0000e+00        1    +1.2324e-04  2.4934e-06  2.4934e-06  +0.0000e+00  1.0000e-01  
     41    3.8092e-03  3.1250e-02  4.6602e-03  4.6602e-03  +0.0000e+00  +1.4760e-05  +1.4760e-05  +0.0000e+00        1    +1.2376e-04  2.3846e-06  2.3846e-06  +0.0000e+00  1.0000e-01  
     42    4.6602e-03  1.5625e-02  6.8555e-04  6.8555e-04  +0.0000e+00  +1.4227e-05  +1.4227e-05  +0.0000e+00        1    +1.1794e-04  2.4325e-06  2.4325e-06  +0.0000e+00  1.0000e-01  
     43    6.8555e-04  1.2500e-01  3.8614e-03  3.8614e-03  +0.0000e+00  +1.4181e-05  +1.4181e-05  +0.0000e+00        1    +1.1881e-04  2.3008e-06  2.3008e-06  +0.0000e+00  1.0000e-01  
     44    3.8614e-03  1.5625e-02  6.3312e-04  6.3312e-04  +0.0000e+00  +1.3778e-05  +1.3778e-05  +0.0000e+00        1    +1.1494e-04  2.2843e-06  2.2843e-06  +0.0000e+00  1.0000e-01  
     45    6.3312e-04  6.2500e-02  1.5010e-03  1.5010e-03  +0.0000e+00  +1.3642e-05  +1.3642e-05  +0.0000e+00        1    +1.1406e-04  2.2357e-06  2.2357e-06  +0.0000e+00  1.0000e-01  
     46    1.5010e-03  3.1250e-02  1.7427e-03  1.7427e-03  +0.0000e+00  +1.3557e-05  +1.3557e-05  +0.0000e+00        1    +1.1364e-04  2.1931e-06  2.1931e-06  +0.0000e+00  1.0000e-01  
     47    1.7427e-03  3.1250e-02  2.0824e-03  2.0824e-03  +0.0000e+00  +1.3513e-05  +1.3513e-05  +0.0000e+00        1    +1.1332e-04  2.1817e-06  2.1817e-06  +0.0000e+00  1.0000e-01  
     48    2.0824e-03  3.1250e-02  2.4605e-03  2.4605e-03  +0.0000e+00  +1.3468e-05  +1.3468e-05  +0.0000e+00        1    +1.1314e-04  2.1536e-06  2.1536e-06  +0.0000e+00  1.0000e-01  
     49    2.4605e-03  1.5625e-02  4.8656e-04  4.8656e-04  +0.0000e+00  +1.3296e-05  +1.3296e-05  +0.0000e+00        1    +1.1149e-04  2.1466e-06  2.1466e-06  +0.0000e+00  1.0000e-01  
     50    4.8656e-04  2.5000e-01  4.1155e-03  4.1155e-03  +0.0000e+00  +1.3127e-05  +1.3127e-05  +0.0000e+00        1    +1.1090e-04  2.0367e-06  2.0367e-06  +0.0000e+00  1.0000e-01  
     51    4.1155e-03  1.5625e-02  6.4365e-04  6.4365e-04  +0.0000e+00  +1.2732e-05  +1.2732e-05  +0.0000e+00        1    +1.0659e-04  2.0728e-06  2.0728e-06  +0.0000e+00  1.0000e-01  
     52    6.4365e-04  1.2500e-01  3.4119e-03  3.4119e-03  +0.0000e+00  +1.2626e-05  +1.2626e-05  +0.0000e+00        1    +1.0719e-04  1.9061e-06  1.9061e-06  +0.0000e+00  1.0000e-01  
     53    3.4119e-03  1.5625e-02  5.6723e-04  5.6723e-04  +0.0000e+00  +1.2344e-05  +1.2344e-05  +0.0000e+00        1    +1.0420e-04  1.9239e-06  1.9239e-06  +0.0000e+00  1.0000e-01  
     54    5.6723e-04  1.2500e-01  2.8522e-03  2.8522e-03  +0.0000e+00  +1.2177e-05  +1.2177e-05  +0.0000e+00        1    +1.0407e-04  1.7707e-06  1.7707e-06  +0.0000e+00  1.0000e-01  
     55    2.8522e-03  1.5625e-02  5.0570e-04  5.0570e-04  +0.0000e+00  +1.1972e-05  +1.1972e-05  +0.0000e+00        1    +1.0195e-04  1.7776e-06  1.7776e-06  +0.0000e+00  1.0000e-01  
     56    5.0570e-04  1.2500e-01  2.3996e-03  2.3996e-03  +0.0000e+00  +1.1772e-05  +1.1772e-05  +0.0000e+00        1    +1.0135e-04  1.6373e-06  1.6373e-06  +0.0000e+00  1.0000e-01  
     57    2.3996e-03  1.5625e-02  4.5366e-04  4.5366e-04  +0.0000e+00  +1.1618e-05  +1.1618e-05  +0.0000e+00        1    +9.9814e-05  1.6367e-06  1.6367e-06  +0.0000e+00  1.0000e-01  
     58    4.5366e-04  2.5000e-01  4.1561e-03  4.1561e-03  +0.0000e+00  +1.1590e-05  +1.1590e-05  +0.0000e+00        1    +1.0045e-04  1.5451e-06  1.5451e-06  +0.0000e+00  1.0000e-01  
     59    4.1561e-03  1.5625e-02  6.2875e-04  6.2875e-04  +0.0000e+00  +1.1200e-05  +1.1200e-05  +0.0000e+00        1    +9.6089e-05  1.5911e-06  1.5911e-06  +0.0000e+00  1.0000e-01  
     60    6.2875e-04  6.2500e-02  1.6280e-03  1.6280e-03  +0.0000e+00  +1.1089e-05  +1.1089e-05  +0.0000e+00        1    +9.5801e-05  1.5091e-06  1.5091e-06  +0.0000e+00  1.0000e-01  
     61    1.6280e-03  3.1250e-02  1.9492e-03  1.9492e-03  +0.0000e+00  +1.1080e-05  +1.1080e-05  +0.0000e+00        1    +9.5678e-05  1.5123e-06  1.5123e-06  +0.0000e+00  1.0000e-01  
     62    1.9492e-03  3.1250e-02  2.3388e-03  2.3388e-03  +0.0000e+00  +1.1072e-05  +1.1072e-05  +0.0000e+00        1    +9.5693e-05  1.5025e-06  1.5025e-06  +0.0000e+00  1.0000e-01  
     63    2.3388e-03  1.5625e-02  4.3397e-04  4.3397e-04  +0.0000e+00  +1.0928e-05  +1.0928e-05  +0.0000e+00        1    +9.4251e-05  1.5028e-06  1.5028e-06  +0.0000e+00  1.0000e-01  
     64    4.3397e-04  1.2500e-01  2.0127e-03  2.0127e-03  +0.0000e+00  +1.0743e-05  +1.0743e-05  +0.0000e+00        1    +9.3618e-05  1.3813e-06  1.3813e-06  +0.0000e+00  1.0000e-01  
     65    2.0127e-03  1.5625e-02  3.9522e-04  3.9522e-04  +0.0000e+00  +1.0630e-05  +1.0630e-05  +0.0000e+00        1    +9.2525e-05  1.3779e-06  1.3779e-06  +0.0000e+00  1.0000e-01  
     66    3.9522e-04  2.5000e-01  3.5486e-03  3.5486e-03  +0.0000e+00  +1.0557e-05  +1.0557e-05  +0.0000e+00        1    +9.2694e-05  1.2878e-06  1.2878e-06  +0.0000e+00  1.0000e-01  
     67    3.5486e-03  1.5625e-02  5.4995e-04  5.4995e-04  +0.0000e+00  +1.0269e-05  +1.0269e-05  +0.0000e+00        1    +8.9506e-05  1.3188e-06  1.3188e-06  +0.0000e+00  1.0000e-01  
     68    5.4995e-04  1.2500e-01  3.0871e-03  3.0871e-03  +0.0000e+00  +1.0257e-05  +1.0257e-05  +0.0000e+00        1    +9.0445e-05  1.2122e-06  1.2122e-06  +0.0000e+00  1.0000e-01  
     69    3.0871e-03  1.5625e-02  4.9750e-04  4.9750e-04  +0.0000e+00  +1.0035e-05  +1.0035e-05  +0.0000e+00        1    +8.8024e-05  1.2328e-06  1.2328e-06  +0.0000e+00  1.0000e-01  
     70    4.9750e-04  1.2500e-01  2.6989e-03  2.6989e-03  +0.0000e+00  +9.9799e-06  +9.9799e-06  +0.0000e+00        1    +8.8482e-05  1.1317e-06  1.1317e-06  +0.0000e+00  1.0000e-01  
     71    2.6989e-03  1.5625e-02  4.5214e-04  4.5214e-04  +0.0000e+00  +9.8064e-06  +9.8064e-06  +0.0000e+00        1    +8.6619e-05  1.1445e-06  1.1445e-06  +0.0000e+00  1.0000e-01  
     72    4.5214e-04  1.2500e-01  2.3733e-03  2.3733e-03  +0.0000e+00  +9.7253e-06  +9.7253e-06  +0.0000e+00        1    +8.6739e-05  1.0513e-06  1.0513e-06  +0.0000e+00  1.0000e-01  
     73    2.3733e-03  1.5625e-02  4.1383e-04  4.1383e-04  +0.0000e+00  +9.5878e-06  +9.5878e-06  +0.0000e+00        1    +8.5287e-05  1.0591e-06  1.0591e-06  +0.0000e+00  1.0000e-01  
     74    4.1383e-04  1.2500e-01  2.0956e-03  2.0956e-03  +0.0000e+00  +9.4901e-06  +9.4901e-06  +0.0000e+00        1    +8.5170e-05  9.7308e-07  9.7308e-07  +0.0000e+00  1.0000e-01  
     75    2.0956e-03  1.5625e-02  3.7982e-04  3.7982e-04  +0.0000e+00  +9.3793e-06  +9.3793e-06  +0.0000e+00        1    +8.4024e-05  9.7692e-07  9.7692e-07  +0.0000e+00  1.0000e-01  
     76    3.7982e-04  1.2500e-01  1.8617e-03  1.8617e-03  +0.0000e+00  +9.2734e-06  +9.2734e-06  +0.0000e+00        1    +8.3741e-05  8.9928e-07  8.9928e-07  +0.0000e+00  1.0000e-01  
     77    1.8617e-03  1.5625e-02  3.5131e-04  3.5131e-04  +0.0000e+00  +9.1833e-06  +9.1833e-06  +0.0000e+00        1    +8.2825e-05  9.0080e-07  9.0080e-07  +0.0000e+00  1.0000e-01  
     78    3.5131e-04  1.2500e-01  1.6587e-03  1.6587e-03  +0.0000e+00  +9.0726e-06  +9.0726e-06  +0.0000e+00        1    +8.2428e-05  8.2984e-07  8.2984e-07  +0.0000e+00  1.0000e-01  
     79    1.6587e-03  1.5625e-02  3.2499e-04  3.2499e-04  +0.0000e+00  +8.9979e-06  +8.9979e-06  +0.0000e+00        1    +8.1687e-05  8.2924e-07  8.2924e-07  +0.0000e+00  1.0000e-01  
     80    3.2499e-04  2.5000e-01  3.0381e-03  3.0381e-03  +0.0000e+00  +8.9853e-06  +8.9853e-06  +0.0000e+00        1    +8.2019e-05  7.8341e-07  7.8341e-07  +0.0000e+00  1.0000e-01  
     81    3.0381e-03  1.5625e-02  4.7118e-04  4.7118e-04  +0.0000e+00  +8.7794e-06  +8.7794e-06  +0.0000e+00        1    +7.9692e-05  8.1015e-07  8.1015e-07  +0.0000e+00  1.0000e-01  
     82    4.7118e-04  6.2500e-02  1.2516e-03  1.2516e-03  +0.0000e+00  +8.7250e-06  +8.7250e-06  +0.0000e+00        1    +7.9568e-05  7.6825e-07  7.6825e-07  +0.0000e+00  1.0000e-01  
     83    1.2516e-03  1.5625e-02  2.7170e-04  2.7170e-04  +0.0000e+00  +8.6757e-06  +8.6757e-06  +0.0000e+00        1    +7.9120e-05  7.6371e-07  7.6371e-07  +0.0000e+00  1.0000e-01  
     84    2.7170e-04  2.5000e-01  2.2957e-03  2.2957e-03  +0.0000e+00  +8.5860e-06  +8.5860e-06  +0.0000e+00        1    +7.8692e-05  7.1683e-07  7.1683e-07  +0.0000e+00  1.0000e-01  
     85    2.2957e-03  1.5625e-02  3.8229e-04  3.8229e-04  +0.0000e+00  +8.4639e-06  +8.4639e-06  +0.0000e+00        1    +7.7352e-05  7.2871e-07  7.2871e-07  +0.0000e+00  1.0000e-01  
     86    3.8229e-04  1.2500e-01  2.0788e-03  2.0788e-03  +0.0000e+00  +8.4256e-06  +8.4256e-06  +0.0000e+00        1    +7.7593e-05  6.6633e-07  6.6633e-07  +0.0000e+00  1.0000e-01  
     87    2.0788e-03  1.5625e-02  3.5309e-04  3.5309e-04  +0.0000e+00  +8.3220e-06  +8.3220e-06  +0.0000e+00        1    +7.6482e-05  6.7379e-07  6.7379e-07  +0.0000e+00  1.0000e-01  
     88    3.5309e-04  1.2500e-01  1.9031e-03  1.9031e-03  +0.0000e+00  +8.2789e-06  +8.2789e-06  +0.0000e+00        1    +7.6583e-05  6.2059e-07  6.2059e-07  +0.0000e+00  1.0000e-01  
     89    1.9031e-03  1.5625e-02  3.3356e-04  3.3356e-04  +0.0000e+00  +8.1930e-06  +8.1930e-06  +0.0000e+00        1    +7.5655e-05  6.2754e-07  6.2754e-07  +0.0000e+00  1.0000e-01  
     90    3.3356e-04  1.2500e-01  1.7311e-03  1.7311e-03  +0.0000e+00  +8.1385e-06  +8.1385e-06  +0.0000e+00        1    +7.5650e-05  5.7354e-07  5.7354e-07  +0.0000e+00  1.0000e-01  
     91    1.7311e-03  1.5625e-02  3.0792e-04  3.0792e-04  +0.0000e+00  +8.0635e-06  +8.0635e-06  +0.0000e+00        1    +7.4866e-05  5.7682e-07  5.7682e-07  +0.0000e+00  1.0000e-01  
     92    3.0792e-04  1.2500e-01  1.6021e-03  1.6021e-03  +0.0000e+00  +8.0111e-06  +8.0111e-06  +0.0000e+00        1    +7.4781e-05  5.3297e-07  5.3297e-07  +0.0000e+00  1.0000e-01  
     93    1.6021e-03  1.5625e-02  2.9527e-04  2.9527e-04  +0.0000e+00  +7.9488e-06  +7.9488e-06  +0.0000e+00        1    +7.4116e-05  5.3727e-07  5.3727e-07  +0.0000e+00  1.0000e-01  
     94    2.9527e-04  1.2500e-01  1.4596e-03  1.4596e-03  +0.0000e+00  +7.8881e-06  +7.8881e-06  +0.0000e+00        1    +7.3970e-05  4.9104e-07  4.9104e-07  +0.0000e+00  1.0000e-01  
     95    1.4596e-03  1.5625e-02  2.7074e-04  2.7074e-04  +0.0000e+00  +7.8317e-06  +7.8317e-06  +0.0000e+00        1    +7.3400e-05  4.9167e-07  4.9167e-07  +0.0000e+00  1.0000e-01  
     96    2.7074e-04  1.2500e-01  1.3693e-03  1.3693e-03  +0.0000e+00  +7.7776e-06  +7.7776e-06  +0.0000e+00        1    +7.3210e-05  4.5656e-07  4.5656e-07  +0.0000e+00  1.0000e-01  
     97    1.3693e-03  1.5625e-02  2.6520e-04  2.6520e-04  +0.0000e+00  +7.7314e-06  +7.7314e-06  +0.0000e+00        1    +7.2718e-05  4.5960e-07  4.5960e-07  +0.0000e+00  1.0000e-01  
     98    2.6520e-04  1.2500e-01  1.2434e-03  1.2434e-03  +0.0000e+00  +7.6696e-06  +7.6696e-06  +0.0000e+00        1    +7.2496e-05  4.2003e-07  4.2003e-07  +0.0000e+00  1.0000e-01  
     99    1.2434e-03  1.5625e-02  2.3910e-04  2.3910e-04  +0.0000e+00  +7.6255e-06  +7.6255e-06  +0.0000e+00        1    +7.2067e-05  4.1882e-07  4.1882e-07  +0.0000e+00  1.0000e-01  
    100    2.3910e-04  1.2500e-01  1.1891e-03  1.1891e-03  +0.0000e+00  +7.5740e-06  +7.5740e-06  +0.0000e+00        1    +7.1823e-05  3.9168e-07  3.9168e-07  +0.0000e+00  1.0000e-01  
    101    1.1891e-03  1.5625e-02  2.4205e-04  2.4205e-04  +0.0000e+00  +7.5391e-06  +7.5391e-06  +0.0000e+00        1    +7.1446e-05  3.9441e-07  3.9441e-07  +0.0000e+00  1.0000e-01  
    102    2.4205e-04  2.5000e-01  2.1691e-03  2.1691e-03  +0.0000e+00  +7.5233e-06  +7.5233e-06  +0.0000e+00        1    +7.1662e-05  3.5714e-07  3.5714e-07  +0.0000e+00  1.0000e-01  
    103    2.1691e-03  1.5625e-02  3.2205e-04  3.2205e-04  +0.0000e+00  +7.3955e-06  +7.3955e-06  +0.0000e+00        1    +7.0370e-05  3.5853e-07  3.5853e-07  +0.0000e+00  1.0000e-01  
    104    3.2205e-04  6.2500e-02  9.7376e-04  9.7376e-04  +0.0000e+00  +7.3848e-06  +7.3848e-06  +0.0000e+00        1    +7.0295e-05  3.5527e-07  3.5527e-07  +0.0000e+00  1.0000e-01  
    105    9.7376e-04  1.5625e-02  2.1157e-04  2.1157e-04  +0.0000e+00  +7.3594e-06  +7.3594e-06  +0.0000e+00        1    +7.0032e-05  3.5621e-07  3.5621e-07  +0.0000e+00  1.0000e-01  
    106    2.1157e-04  2.5000e-01  1.7586e-03  1.7586e-03  +0.0000e+00  +7.3209e-06  +7.3209e-06  +0.0000e+00        1    +6.9949e-05  3.2595e-07  3.2595e-07  +0.0000e+00  1.0000e-01  
    107    1.7586e-03  1.5625e-02  2.6952e-04  2.6952e-04  +0.0000e+00  +7.2303e-06  +7.2303e-06  +0.0000e+00        1    +6.9068e-05  3.2345e-07  3.2345e-07  +0.0000e+00  1.0000e-01  
    108    2.6952e-04  6.2500e-02  8.0927e-04  8.0927e-04  +0.0000e+00  +7.2147e-06  +7.2147e-06  +0.0000e+00        1    +6.8956e-05  3.1910e-07  3.1910e-07  +0.0000e+00  1.0000e-01  
    109    8.0927e-04  1.5625e-02  1.8709e-04  1.8709e-04  +0.0000e+00  +7.1956e-06  +7.1956e-06  +0.0000e+00        1    +6.8765e-05  3.1904e-07  3.1904e-07  +0.0000e+00  1.0000e-01  
    110    1.8709e-04  2.5000e-01  1.4429e-03  1.4429e-03  +0.0000e+00  +7.1475e-06  +7.1475e-06  +0.0000e+00        1    +6.8524e-05  2.9514e-07  2.9514e-07  +0.0000e+00  1.0000e-01  
    111    1.4429e-03  1.5625e-02  2.3380e-04  2.3380e-04  +0.0000e+00  +7.0807e-06  +7.0807e-06  +0.0000e+00        1    +6.7901e-05  2.9063e-07  2.9063e-07  +0.0000e+00  1.0000e-01  
    112    2.3380e-04  6.2500e-02  6.8184e-04  6.8184e-04  +0.0000e+00  +7.0630e-06  +7.0630e-06  +0.0000e+00        1    +6.7770e-05  2.8592e-07  2.8592e-07  +0.0000e+00  1.0000e-01  
    113    6.8184e-04  1.5625e-02  1.6712e-04  1.6712e-04  +0.0000e+00  +7.0479e-06  +7.0479e-06  +0.0000e+00        1    +6.7626e-05  2.8530e-07  2.8530e-07  +0.0000e+00  1.0000e-01  
    114    1.6712e-04  2.5000e-01  1.1967e-03  1.1967e-03  +0.0000e+00  +6.9974e-06  +6.9974e-06  +0.0000e+00        1    +6.7307e-05  2.6670e-07  2.6670e-07  +0.0000e+00  1.0000e-01  
    115    1.1967e-03  3.1250e-02  1.5149e-03  1.5149e-03  +0.0000e+00  +6.9885e-06  +6.9885e-06  +0.0000e+00        1    +6.7353e-05  2.5318e-07  2.5318e-07  +0.0000e+00  1.0000e-01  
    116    1.5149e-03  1.5625e-02  2.5135e-04  2.5135e-04  +0.0000e+00  +6.9327e-06  +6.9327e-06  +0.0000e+00        1    +6.6738e-05  2.5892e-07  2.5892e-07  +0.0000e+00  1.0000e-01  
    117    2.5135e-04  6.2500e-02  6.8749e-04  6.8749e-04  +0.0000e+00  +6.9131e-06  +6.9131e-06  +0.0000e+00        1    +6.6652e-05  2.4787e-07  2.4787e-07  +0.0000e+00  1.0000e-01  
    118    6.8749e-04  3.1250e-02  8.2990e-04  8.2990e-04  +0.0000e+00  +6.9050e-06  +6.9050e-06  +0.0000e+00        1    +6.6618e-05  2.4315e-07  2.4315e-07  +0.0000e+00  1.0000e-01  
    119    8.2990e-04  1.5625e-02  1.7182e-04  1.7182e-04  +0.0000e+00  +6.8852e-06  +6.8852e-06  +0.0000e+00        1    +6.6424e-05  2.4281e-07  2.4281e-07  +0.0000e+00  1.0000e-01  
    120    1.7182e-04  2.5000e-01  1.6108e-03  1.6108e-03  +0.0000e+00  +6.8604e-06  +6.8604e-06  +0.0000e+00        1    +6.6378e-05  2.2257e-07  2.2257e-07  +0.0000e+00  1.0000e-01  
    121    1.6108e-03  1.5625e-02  2.5773e-04  2.5773e-04  +0.0000e+00  +6.8012e-06  +6.8012e-06  +0.0000e+00        1    +6.5714e-05  2.2974e-07  2.2974e-07  +0.0000e+00  1.0000e-01  
    122    2.5773e-04  6.2500e-02  7.1017e-04  7.1017e-04  +0.0000e+00  +6.7840e-06  +6.7840e-06  +0.0000e+00        1    +6.5657e-05  2.1831e-07  2.1831e-07  +0.0000e+00  1.0000e-01  
    123    7.1017e-04  1.5625e-02  1.5326e-04  1.5326e-04  +0.0000e+00  +6.7684e-06  +6.7684e-06  +0.0000e+00        1    +6.5509e-05  2.1752e-07  2.1752e-07  +0.0000e+00  1.0000e-01  
    124    1.5326e-04  2.5000e-01  1.3788e-03  1.3788e-03  +0.0000e+00  +6.7339e-06  +6.7339e-06  +0.0000e+00        1    +6.5353e-05  1.9856e-07  1.9856e-07  +0.0000e+00  1.0000e-01  
    125    1.3788e-03  1.5625e-02  2.2659e-04  2.2659e-04  +0.0000e+00  +6.6895e-06  +6.6895e-06  +0.0000e+00        1    +6.4862e-05  2.0328e-07  2.0328e-07  +0.0000e+00  1.0000e-01  
    126    2.2659e-04  1.2500e-01  1.3365e-03  1.3365e-03  +0.0000e+00  +6.6869e-06  +6.6869e-06  +0.0000e+00        1    +6.4994e-05  1.8748e-07  1.8748e-07  +0.0000e+00  1.0000e-01  
    127    1.3365e-03  1.5625e-02  2.2306e-04  2.2306e-04  +0.0000e+00  +6.6469e-06  +6.6469e-06  +0.0000e+00        1    +6.4538e-05  1.9312e-07  1.9312e-07  +0.0000e+00  1.0000e-01  
    128    2.2306e-04  1.2500e-01  1.2782e-03  1.2782e-03  +0.0000e+00  +6.6390e-06  +6.6390e-06  +0.0000e+00        1    +6.4651e-05  1.7386e-07  1.7386e-07  +0.0000e+00  1.0000e-01  
    129    1.2782e-03  1.5625e-02  2.1087e-04  2.1087e-04  +0.0000e+00  +6.6001e-06  +6.6001e-06  +0.0000e+00        1    +6.4226e-05  1.7756e-07  1.7756e-07  +0.0000e+00  1.0000e-01  
    130    2.1087e-04  1.2500e-01  1.2496e-03  1.2496e-03  +0.0000e+00  +6.5972e-06  +6.5972e-06  +0.0000e+00        1    +6.4323e-05  1.6493e-07  1.6493e-07  +0.0000e+00  1.0000e-01  
    131    1.2496e-03  1.5625e-02  2.1086e-04  2.1086e-04  +0.0000e+00  +6.5627e-06  +6.5627e-06  +0.0000e+00        1    +6.3924e-05  1.7032e-07  1.7032e-07  +0.0000e+00  1.0000e-01  
    132    2.1086e-04  1.2500e-01  1.1917e-03  1.1917e-03  +0.0000e+00  +6.5527e-06  +6.5527e-06  +0.0000e+00        1    +6.4008e-05  1.5191e-07  1.5191e-07  +0.0000e+00  1.0000e-01  
    133    1.1917e-03  1.5625e-02  1.9643e-04  1.9643e-04  +0.0000e+00  +6.5179e-06  +6.5179e-06  +0.0000e+00        1    +6.3633e-05  1.5462e-07  1.5462e-07  +0.0000e+00  1.0000e-01  
    134    1.9643e-04  1.2500e-01  1.1789e-03  1.1789e-03  +0.0000e+00  +6.5161e-06  +6.5161e-06  +0.0000e+00        1    +6.3706e-05  1.4556e-07  1.4556e-07  +0.0000e+00  1.0000e-01  
    135    1.1789e-03  1.5625e-02  2.0131e-04  2.0131e-04  +0.0000e+00  +6.4862e-06  +6.4862e-06  +0.0000e+00        1    +6.3352e-05  1.5106e-07  1.5106e-07  +0.0000e+00  1.0000e-01  
    136    2.0131e-04  1.2500e-01  1.1159e-03  1.1159e-03  +0.0000e+00  +6.4744e-06  +6.4744e-06  +0.0000e+00        1    +6.3416e-05  1.3275e-07  1.3275e-07  +0.0000e+00  1.0000e-01  
    137    1.1159e-03  1.5625e-02  1.8255e-04  1.8255e-04  +0.0000e+00  +6.4424e-06  +6.4424e-06  +0.0000e+00        1    +6.3080e-05  1.3436e-07  1.3436e-07  +0.0000e+00  1.0000e-01  
    138    1.8255e-04  6.2500e-02  5.1330e-04  5.1330e-04  +0.0000e+00  +6.4302e-06  +6.4302e-06  +0.0000e+00        1    +6.3012e-05  1.2901e-07  1.2901e-07  +0.0000e+00  1.0000e-01  
    139    5.1330e-04  3.1250e-02  6.2006e-04  6.2006e-04  +0.0000e+00  +6.4301e-06  +6.4301e-06  +0.0000e+00        1    +6.2984e-05  1.3167e-07  1.3167e-07  +0.0000e+00  1.0000e-01  
    140    6.2006e-04  3.1250e-02  7.6112e-04  7.6112e-04  +0.0000e+00  +6.4284e-06  +6.4284e-06  +0.0000e+00        1    +6.2974e-05  1.3100e-07  1.3100e-07  +0.0000e+00  1.0000e-01  
    141    7.6112e-04  1.5625e-02  1.4476e-04  1.4476e-04  +0.0000e+00  +6.4131e-06  +6.4131e-06  +0.0000e+00        1    +6.2814e-05  1.3173e-07  1.3173e-07  +0.0000e+00  1.0000e-01  
    142    1.4476e-04  2.5000e-01  1.5248e-03  1.5248e-03  +0.0000e+00  +6.4104e-06  +6.4104e-06  +0.0000e+00        1    +6.2935e-05  1.1690e-07  1.1690e-07  +0.0000e+00  1.0000e-01  
    143    1.5248e-03  1.5625e-02  2.3263e-04  2.3263e-04  +0.0000e+00  +6.3592e-06  +6.3592e-06  +0.0000e+00        1    +6.2342e-05  1.2496e-07  1.2496e-07  +0.0000e+00  1.0000e-01  
    144    2.3263e-04  6.2500e-02  6.7645e-04  6.7645e-04  +0.0000e+00  +6.3518e-06  +6.3518e-06  +0.0000e+00        1    +6.2331e-05  1.1866e-07  1.1866e-07  +0.0000e+00  1.0000e-01  
    145    6.7645e-04  1.5625e-02  1.3137e-04  1.3137e-04  +0.0000e+00  +6.3392e-06  +6.3392e-06  +0.0000e+00        1    +6.2201e-05  1.1905e-07  1.1905e-07  +0.0000e+00  1.0000e-01  
    146    1.3137e-04  2.5000e-01  1.3577e-03  1.3577e-03  +0.0000e+00  +6.3281e-06  +6.3281e-06  +0.0000e+00        1    +6.2235e-05  1.0459e-07  1.0459e-07  +0.0000e+00  1.0000e-01  
    147    1.3577e-03  1.5625e-02  2.0984e-04  2.0984e-04  +0.0000e+00  +6.2871e-06  +6.2871e-06  +0.0000e+00        1    +6.1763e-05  1.1084e-07  1.1084e-07  +0.0000e+00  1.0000e-01  
    148    2.0984e-04  6.2500e-02  6.0568e-04  6.0568e-04  +0.0000e+00  +6.2791e-06  +6.2791e-06  +0.0000e+00        1    +6.1740e-05  1.0511e-07  1.0511e-07  +0.0000e+00  1.0000e-01  
    149    6.0568e-04  1.5625e-02  1.1979e-04  1.1979e-04  +0.0000e+00  +6.2686e-06  +6.2686e-06  +0.0000e+00        1    +6.1633e-05  1.0529e-07  1.0529e-07  +0.0000e+00  1.0000e-01  
    150    1.1979e-04  2.5000e-01  1.2178e-03  1.2178e-03  +0.0000e+00  +6.2525e-06  +6.2525e-06  +0.0000e+00        1    +6.1607e-05  9.1846e-08  9.1846e-08  +0.0000e+00  1.0000e-01  
    151    1.2178e-03  1.5625e-02  1.9037e-04  1.9037e-04  +0.0000e+00  +6.2192e-06  +6.2192e-06  +0.0000e+00        1    +6.1225e-05  9.6783e-08  9.6783e-08  +0.0000e+00  1.0000e-01  
    152    1.9037e-04  6.2500e-02  5.4609e-04  5.4609e-04  +0.0000e+00  +6.2110e-06  +6.2110e-06  +0.0000e+00        1    +6.1193e-05  9.1694e-08  9.1694e-08  +0.0000e+00  1.0000e-01  
    153    5.4609e-04  1.5625e-02  1.0971e-04  1.0971e-04  +0.0000e+00  +6.2021e-06  +6.2021e-06  +0.0000e+00        1    +6.1104e-05  9.1766e-08  9.1766e-08  +0.0000e+00  1.0000e-01  
    154    1.0971e-04  2.5000e-01  1.0999e-03  1.0999e-03  +0.0000e+00  +6.1831e-06  +6.1831e-06  +0.0000e+00        1    +6.1035e-05  7.9584e-08  7.9584e-08  +0.0000e+00  1.0000e-01  
    155    1.0999e-03  1.5625e-02  1.7362e-04  1.7362e-04  +0.0000e+00  +6.1557e-06  +6.1557e-06  +0.0000e+00        1    +6.0721e-05  8.3559e-08  8.3559e-08  +0.0000e+00  1.0000e-01  
    156    1.7362e-04  6.2500e-02  4.9557e-04  4.9557e-04  +0.0000e+00  +6.1476e-06  +6.1476e-06  +0.0000e+00        1    +6.0685e-05  7.9106e-08  7.9106e-08  +0.0000e+00  1.0000e-01  
    157    4.9557e-04  1.5625e-02  1.0088e-04  1.0088e-04  +0.0000e+00  +6.1400e-06  +6.1400e-06  +0.0000e+00        1    +6.0609e-05  7.9127e-08  7.9127e-08  +0.0000e+00  1.0000e-01  
    158    1.0088e-04  2.5000e-01  9.9988e-04  9.9988e-04  +0.0000e+00  +6.1194e-06  +6.1194e-06  +0.0000e+00        1    +6.0511e-05  6.8254e-08  6.8254e-08  +0.0000e+00  1.0000e-01  
    159    9.9988e-04  1.5625e-02  1.5911e-04  1.5911e-04  +0.0000e+00  +6.0965e-06  +6.0965e-06  +0.0000e+00        1    +6.0249e-05  7.1514e-08  7.1514e-08  +0.0000e+00  1.0000e-01  
    160    1.5911e-04  6.2500e-02  4.5248e-04  4.5248e-04  +0.0000e+00  +6.0886e-06  +6.0886e-06  +0.0000e+00        1    +6.0209e-05  6.7661e-08  6.7661e-08  +0.0000e+00  1.0000e-01  
    161    4.5248e-04  1.5625e-02  9.6957e-05  9.6957e-05  +0.0000e+00  +6.0820e-06  +6.0820e-06  +0.0000e+00        1    +6.0144e-05  6.7665e-08  6.7665e-08  +0.0000e+00  1.0000e-01  
=========================================================
Total gradient evaluations: 8.294e+04 
