=========================================================
*                                                       *
*  Samples: 1.28e+02; epsilon: 2.3923e-03; varepson:2.3923e-03 *
*                                                       *
=========================================================
     Iter   search_dire    stepsize    KKT_inf    eKKT_inf    KKT-eKKT      merit     e_merit     mrt-emrt      rank          f           c           ec        c-ec         tau    
initial    0.0000e+00  0.0000e+00  2.2480e+00  2.2145e+00  +3.3480e-02  +2.2633e+00  +2.2298e+00  +3.3480e-02        1    +1.5295e-01  2.2480e+00  2.2145e+00  +3.3480e-02  1.0000e-01  
      1    3.6855e-01  1.5625e-02  2.2178e+00  2.1773e+00  +4.0459e-02  +2.2559e+00  +2.2155e+00  +4.0459e-02        1    +3.8192e-01  2.2178e+00  2.1773e+00  +4.0459e-02  1.0000e-01  
      2    1.1351e+00  7.8125e-03  2.2112e+00  2.1852e+00  +2.6088e-02  +2.2505e+00  +2.2244e+00  +2.6088e-02        1    +3.9290e-01  2.2112e+00  2.1852e+00  +2.6088e-02  1.0000e-01  
      3    1.5840e+00  3.9062e-03  2.2071e+00  2.1727e+00  +3.4487e-02  +2.2120e+00  +2.1775e+00  +3.4487e-02        1    +4.8527e-02  2.2071e+00  2.1727e+00  +3.4487e-02  1.0000e-01  
      4    1.5675e-01  1.2500e-01  3.8919e+00  3.8439e+00  +4.8017e-02  +2.1773e+00  +2.1625e+00  +1.4868e-02        1    +2.6058e+00  1.9167e+00  1.9019e+00  +1.4868e-02  1.0000e-01  
      5    3.8919e+00  3.9062e-03  1.9362e+00  1.9008e+00  +3.5385e-02  +1.9373e+00  +1.9019e+00  +3.5385e-02        1    +1.1099e-02  1.9362e+00  1.9008e+00  +3.5385e-02  1.0000e-01  
      6    1.7197e-01  2.5000e-01  3.8258e+00  3.7896e+00  +3.6150e-02  +1.8910e+00  +1.8698e+00  +2.1218e-02        1    +4.1169e+00  1.4793e+00  1.4581e+00  +2.1218e-02  1.0000e-01  
      7    3.8258e+00  7.8125e-03  1.6078e+00  1.5542e+00  +5.3600e-02  +1.6880e+00  +1.6344e+00  +5.3600e-02        1    +8.0164e-01  1.6078e+00  1.5542e+00  +5.3600e-02  1.0000e-01  
      8    1.1635e+00  7.8125e-03  1.6235e+00  1.5826e+00  +4.0893e-02  +1.6586e+00  +1.6177e+00  +4.0893e-02        1    +3.5078e-01  1.6235e+00  1.5826e+00  +4.0893e-02  1.0000e-01  
      9    4.7640e-01  3.1250e-02  1.6070e+00  1.5789e+00  +2.8045e-02  +1.6147e+00  +1.5867e+00  +2.8045e-02        1    +7.7355e-02  1.6070e+00  1.5789e+00  +2.8045e-02  1.0000e-01  
     10    3.2486e-01  3.1250e-02  1.5697e+00  1.5581e+00  +1.1625e-02  +1.6143e+00  +1.6027e+00  +1.1625e-02        1    +4.4614e-01  1.5697e+00  1.5581e+00  +1.1625e-02  1.0000e-01  
     11    1.1937e+00  7.8125e-03  1.5659e+00  1.5430e+00  +2.2982e-02  +1.5689e+00  +1.5459e+00  +2.2982e-02        1    +2.9783e-02  1.5659e+00  1.5430e+00  +2.2982e-02  1.0000e-01  
     12    1.5892e-01  6.2500e-02  1.4712e+00  1.4638e+00  +7.3825e-03  +1.5248e+00  +1.5174e+00  +7.3825e-03        1    +5.3596e-01  1.4712e+00  1.4638e+00  +7.3825e-03  1.0000e-01  
     13    1.3084e+00  7.8125e-03  1.4702e+00  1.4509e+00  +1.9232e-02  +1.4721e+00  +1.4529e+00  +1.9232e-02        1    +1.9668e-02  1.4702e+00  1.4509e+00  +1.9232e-02  1.0000e-01  
     14    1.9595e-01  3.1250e-02  1.4306e+00  1.4210e+00  +9.5742e-03  +1.4473e+00  +1.4378e+00  +9.5742e-03        1    +1.6723e-01  1.4306e+00  1.4210e+00  +9.5742e-03  1.0000e-01  
     15    6.6180e-01  1.5625e-02  1.4209e+00  1.3985e+00  +2.2385e-02  +1.4456e+00  +1.4232e+00  +2.2385e-02        1    +2.4696e-01  1.4209e+00  1.3985e+00  +2.2385e-02  1.0000e-01  
     16    7.9631e-01  7.8125e-03  1.4151e+00  1.4011e+00  +1.3990e-02  +1.4155e+00  +1.4015e+00  +1.3990e-02        1    +4.0592e-03  1.4151e+00  1.4011e+00  +1.3990e-02  1.0000e-01  
     17    4.5045e-02  5.0000e-01  3.1307e+00  3.1207e+00  +9.9501e-03  +1.1376e+00  +1.1153e+00  +2.2262e-02        1    +3.8461e+00  7.5295e-01  7.3069e-01  +2.2262e-02  1.0000e-01  
     18    3.1307e+00  7.8125e-03  8.4671e-01  8.6127e-01  -1.4559e-02  +8.5971e-01  +8.7427e-01  -1.4559e-02        1    +1.2998e-01  8.4671e-01  8.6127e-01  -1.4559e-02  1.0000e-01  
     19    5.0665e-01  1.5625e-02  8.3695e-01  8.4080e-01  -3.8565e-03  +8.5934e-01  +8.6320e-01  -3.8565e-03        1    +2.2394e-01  8.3695e-01  8.4080e-01  -3.8565e-03  1.0000e-01  
     20    7.5821e-01  7.8125e-03  8.3394e-01  8.4563e-01  -1.1689e-02  +8.3481e-01  +8.4650e-01  -1.1689e-02        1    +8.6700e-03  8.3394e-01  8.4563e-01  -1.1689e-02  1.0000e-01  
     21    6.9106e-02  5.0000e-01  3.2836e+00  3.2795e+00  +4.0165e-03  +7.6089e-01  +7.5698e-01  +3.9073e-03        1    +4.2798e+00  3.3291e-01  3.2900e-01  +3.9073e-03  1.0000e-01  
     22    3.2836e+00  1.5625e-02  1.9766e+00  1.9671e+00  +9.5274e-03  +7.2091e-01  +7.6888e-01  -4.7978e-02        1    +1.5445e+00  5.6646e-01  6.1444e-01  -4.7978e-02  1.0000e-01  
     23    1.9766e+00  1.5625e-02  1.1485e+00  1.1441e+00  +4.3956e-03  +6.3903e-01  +6.5170e-01  -1.2669e-02        1    +6.0945e-01  5.7808e-01  5.9075e-01  -1.2669e-02  1.0000e-01  
     24    1.1485e+00  1.5625e-02  5.9645e-01  6.2407e-01  -2.7623e-02  +6.1760e-01  +6.4522e-01  -2.7623e-02        1    +2.1151e-01  5.9645e-01  6.2407e-01  -2.7623e-02  1.0000e-01  
     25    5.3114e-01  1.5625e-02  5.8784e-01  6.0900e-01  -2.1167e-02  +5.9882e-01  +6.1999e-01  -2.1167e-02        1    +1.0986e-01  5.8784e-01  6.0900e-01  -2.1167e-02  1.0000e-01  
     26    2.9377e-01  3.1250e-02  5.7631e-01  6.0562e-01  -2.9310e-02  +5.9161e-01  +6.2092e-01  -2.9310e-02        1    +1.5302e-01  5.7631e-01  6.0562e-01  -2.9310e-02  1.0000e-01  
     27    5.1184e-01  1.5625e-02  5.6795e-01  5.8945e-01  -2.1499e-02  +5.7527e-01  +5.9677e-01  -2.1499e-02        1    +7.3185e-02  5.6795e-01  5.8945e-01  -2.1499e-02  1.0000e-01  
     28    2.5410e-01  3.1250e-02  5.5439e-01  5.8378e-01  -2.9385e-02  +5.6753e-01  +5.9691e-01  -2.9385e-02        1    +1.3138e-01  5.5439e-01  5.8378e-01  -2.9385e-02  1.0000e-01  
     29    5.1734e-01  1.5625e-02  5.4668e-01  5.6689e-01  -2.0211e-02  +5.5250e-01  +5.7271e-01  -2.0211e-02        1    +5.8148e-02  5.4668e-01  5.6689e-01  -2.0211e-02  1.0000e-01  
     30    2.7544e-01  3.1250e-02  5.8422e-01  5.8179e-01  +2.4326e-03  +5.4651e-01  +5.7608e-01  -2.9566e-02        1    +1.4633e-01  5.3188e-01  5.6145e-01  -2.9566e-02  1.0000e-01  
     31    5.8422e-01  1.5625e-02  5.2501e-01  5.4333e-01  -1.8319e-02  +5.3101e-01  +5.4933e-01  -1.8319e-02        1    +6.0028e-02  5.2501e-01  5.4333e-01  -1.8319e-02  1.0000e-01  
     32    3.2971e-01  3.1250e-02  7.1757e-01  7.1468e-01  +2.8896e-03  +5.3100e-01  +5.6180e-01  -3.0809e-02        1    +2.0430e-01  5.1057e-01  5.4137e-01  -3.0809e-02  1.0000e-01  
     33    7.1757e-01  1.5625e-02  5.0483e-01  5.2146e-01  -1.6625e-02  +5.1251e-01  +5.2914e-01  -1.6625e-02        1    +7.6838e-02  5.0483e-01  5.2146e-01  -1.6625e-02  1.0000e-01  
     34    4.1086e-01  1.5625e-02  4.9778e-01  5.2302e-01  -2.5232e-02  +5.0133e-01  +5.2656e-01  -2.5232e-02        1    +3.5484e-02  4.9778e-01  5.2302e-01  -2.5232e-02  1.0000e-01  
     35    2.4411e-01  3.1250e-02  5.3967e-01  5.3845e-01  +1.2185e-03  +4.9600e-01  +5.1031e-01  -1.4316e-02        1    +1.1792e-01  4.8420e-01  4.9852e-01  -1.4316e-02  1.0000e-01  
     36    5.3967e-01  1.5625e-02  4.7831e-01  5.0472e-01  -2.6407e-02  +4.8355e-01  +5.0996e-01  -2.6407e-02        1    +5.2383e-02  4.7831e-01  5.0472e-01  -2.6407e-02  1.0000e-01  
     37    3.3752e-01  1.5625e-02  4.7166e-01  4.9070e-01  -1.9041e-02  +4.7407e-01  +4.9311e-01  -1.9041e-02        1    +2.4104e-02  4.7166e-01  4.9070e-01  -1.9041e-02  1.0000e-01  
     38    2.0148e-01  3.1250e-02  4.5764e-01  4.8502e-01  -2.7374e-02  +4.6557e-01  +4.9295e-01  -2.7374e-02        1    +7.9296e-02  4.5764e-01  4.8502e-01  -2.7374e-02  1.0000e-01  
     39    4.4206e-01  1.5625e-02  4.5179e-01  4.6942e-01  -1.7626e-02  +4.5514e-01  +4.7277e-01  -1.7626e-02        1    +3.3498e-02  4.5179e-01  4.6942e-01  -1.7626e-02  1.0000e-01  
     40    2.6991e-01  3.1250e-02  6.0304e-01  6.0104e-01  +2.0029e-03  +4.5326e-01  +4.8276e-01  -2.9500e-02        1    +1.3974e-01  4.3929e-01  4.6879e-01  -2.9500e-02  1.0000e-01  
     41    6.0304e-01  1.5625e-02  4.3453e-01  4.5099e-01  -1.6459e-02  +4.3994e-01  +4.5640e-01  -1.6459e-02        1    +5.4144e-02  4.3453e-01  4.5099e-01  -1.6459e-02  1.0000e-01  
     42    3.6456e-01  1.5625e-02  4.2868e-01  4.5359e-01  -2.4904e-02  +4.3112e-01  +4.5603e-01  -2.4904e-02        1    +2.4423e-02  4.2868e-01  4.5359e-01  -2.4904e-02  1.0000e-01  
     43    2.2589e-01  3.1250e-02  5.1293e-01  5.1205e-01  +8.8194e-04  +4.2710e-01  +4.4143e-01  -1.4330e-02        1    +1.0074e-01  4.1702e-01  4.3135e-01  -1.4330e-02  1.0000e-01  
     44    5.1293e-01  1.5625e-02  4.1262e-01  4.3928e-01  -2.6667e-02  +4.1706e-01  +4.4373e-01  -2.6667e-02        1    +4.4435e-02  4.1262e-01  4.3928e-01  -2.6667e-02  1.0000e-01  
     45    3.2815e-01  1.5625e-02  4.0696e-01  4.2623e-01  -1.9272e-02  +4.0884e-01  +4.2811e-01  -1.9272e-02        1    +1.8789e-02  4.0696e-01  4.2623e-01  -1.9272e-02  1.0000e-01  
     46    2.0107e-01  3.1250e-02  4.4240e-01  4.4108e-01  +1.3205e-03  +4.0280e-01  +4.3106e-01  -2.8259e-02        1    +7.5540e-02  3.9525e-01  4.2351e-01  -2.8259e-02  1.0000e-01  
     47    4.4240e-01  1.5625e-02  3.9038e-01  4.0874e-01  -1.8361e-02  +3.9337e-01  +4.1173e-01  -1.8361e-02        1    +2.9907e-02  3.9038e-01  4.0874e-01  -1.8361e-02  1.0000e-01  
     48    2.7053e-01  1.5625e-02  3.8479e-01  4.0943e-01  -2.4637e-02  +3.8614e-01  +4.1078e-01  -2.4637e-02        1    +1.3514e-02  3.8479e-01  4.0943e-01  -2.4637e-02  1.0000e-01  
     49    1.6682e-01  3.1250e-02  3.8238e-01  3.9044e-01  -8.0521e-03  +3.7938e-01  +3.9603e-01  -1.6642e-02        1    +5.5887e-02  3.7379e-01  3.9044e-01  -1.6642e-02  1.0000e-01  
     50    3.8238e-01  1.5625e-02  3.6911e-01  3.9494e-01  -2.5828e-02  +3.7157e-01  +3.9739e-01  -2.5828e-02        1    +2.4569e-02  3.6911e-01  3.9494e-01  -2.5828e-02  1.0000e-01  
     51    2.4364e-01  3.1250e-02  5.5426e-01  5.5347e-01  +7.9271e-04  +3.7086e-01  +3.8526e-01  -1.4400e-02        1    +1.1428e-01  3.5943e-01  3.7383e-01  -1.4400e-02  1.0000e-01  
     52    5.5426e-01  1.5625e-02  3.5662e-01  3.8469e-01  -2.8072e-02  +3.6154e-01  +3.8961e-01  -2.8072e-02        1    +4.9162e-02  3.5662e-01  3.8469e-01  -2.8072e-02  1.0000e-01  
     53    3.5550e-01  1.5625e-02  3.5190e-01  3.7203e-01  -2.0131e-02  +3.5380e-01  +3.7393e-01  -2.0131e-02        1    +1.9027e-02  3.5190e-01  3.7203e-01  -2.0131e-02  1.0000e-01  
     54    2.1538e-01  3.1250e-02  4.7057e-01  4.6917e-01  +1.4003e-03  +3.5059e-01  +3.8057e-01  -2.9983e-02        1    +8.3298e-02  3.4226e-01  3.7224e-01  -2.9983e-02  1.0000e-01  
     55    4.7057e-01  1.5625e-02  3.3827e-01  3.5787e-01  -1.9609e-02  +3.4132e-01  +3.6093e-01  -1.9609e-02        1    +3.0580e-02  3.3827e-01  3.5787e-01  -1.9609e-02  1.0000e-01  
     56    2.8105e-01  1.5625e-02  3.3357e-01  3.5971e-01  -2.6139e-02  +3.3482e-01  +3.6096e-01  -2.6139e-02        1    +1.2522e-02  3.3357e-01  3.5971e-01  -2.6139e-02  1.0000e-01  
     57    1.6888e-01  3.1250e-02  3.8004e-01  3.7940e-01  +6.3438e-04  +3.2949e-01  +3.4776e-01  -1.8270e-02        1    +5.4084e-02  3.2408e-01  3.4235e-01  -1.8270e-02  1.0000e-01  
     58    3.8004e-01  1.5625e-02  3.2017e-01  3.4745e-01  -2.7276e-02  +3.2235e-01  +3.4963e-01  -2.7276e-02        1    +2.1810e-02  3.2017e-01  3.4745e-01  -2.7276e-02  1.0000e-01  
     59    2.3376e-01  3.1250e-02  5.2143e-01  5.2065e-01  +7.8041e-04  +3.2178e-01  +3.3834e-01  -1.6560e-02        1    +1.0029e-01  3.1175e-01  3.2831e-01  -1.6560e-02  1.0000e-01  
     60    5.2143e-01  1.5625e-02  3.2133e-01  3.3838e-01  -1.7047e-02  +3.1323e-01  +3.4234e-01  -2.9109e-02        1    +3.9622e-02  3.0927e-01  3.3838e-01  -2.9109e-02  1.0000e-01  
     61    3.2133e-01  1.5625e-02  3.0511e-01  3.2713e-01  -2.2024e-02  +3.0655e-01  +3.2858e-01  -2.2024e-02        1    +1.4430e-02  3.0511e-01  3.2713e-01  -2.2024e-02  1.0000e-01  
     62    1.8956e-01  3.1250e-02  4.0734e-01  4.0614e-01  +1.2002e-03  +3.0279e-01  +3.3334e-01  -3.0553e-02        1    +6.2047e-02  2.9659e-01  3.2714e-01  -3.0553e-02  1.0000e-01  
     63    4.0734e-01  1.5625e-02  2.9296e-01  3.1460e-01  -2.1641e-02  +2.9513e-01  +3.1677e-01  -2.1641e-02        1    +2.1735e-02  2.9296e-01  3.1460e-01  -2.1641e-02  1.0000e-01  
     64    2.3793e-01  1.5625e-02  2.8878e-01  3.1584e-01  -2.7055e-02  +2.8962e-01  +3.1668e-01  -2.7055e-02        1    +8.3798e-03  2.8878e-01  3.1584e-01  -2.7055e-02  1.0000e-01  
     65    1.3873e-01  3.1250e-02  3.0827e-01  3.0773e-01  +5.3875e-04  +2.8392e-01  +3.0460e-01  -2.0682e-02        1    +3.5470e-02  2.8037e-01  3.0105e-01  -2.0682e-02  1.0000e-01  
     66    3.0827e-01  1.5625e-02  2.7670e-01  3.0450e-01  -2.7804e-02  +2.7804e-01  +3.0585e-01  -2.7804e-02        1    +1.3453e-02  2.7670e-01  3.0450e-01  -2.7804e-02  1.0000e-01  
     67    1.8351e-01  3.1250e-02  4.0555e-01  4.0489e-01  +6.6242e-04  +2.7507e-01  +2.9454e-01  -1.9464e-02        1    +6.0529e-02  2.6902e-01  2.8849e-01  -1.9464e-02  1.0000e-01  
     68    4.0555e-01  1.5625e-02  2.6614e-01  2.9510e-01  -2.8964e-02  +2.6841e-01  +2.9737e-01  -2.8964e-02        1    +2.2693e-02  2.6614e-01  2.9510e-01  -2.8964e-02  1.0000e-01  
     69    2.4313e-01  1.5625e-02  2.6237e-01  2.8595e-01  -2.3576e-02  +2.6320e-01  +2.8678e-01  -2.3576e-02        1    +8.2814e-03  2.6237e-01  2.8595e-01  -2.3576e-02  1.0000e-01  
     70    1.4334e-01  3.1250e-02  3.0623e-01  3.0536e-01  +8.7163e-04  +2.5822e-01  +2.8819e-01  -2.9969e-02        1    +3.5092e-02  2.5471e-01  2.8468e-01  -2.9969e-02  1.0000e-01  
     71    3.0623e-01  1.5625e-02  2.5132e-01  2.7453e-01  -2.3214e-02  +2.5256e-01  +2.7577e-01  -2.3214e-02        1    +1.2372e-02  2.5132e-01  2.7453e-01  -2.3214e-02  1.0000e-01  
     72    1.7948e-01  3.1250e-02  3.8583e-01  3.8470e-01  +1.1241e-03  +2.4985e-01  +2.8113e-01  -3.1277e-02        1    +5.5056e-02  2.4435e-01  2.7563e-01  -3.1277e-02  1.0000e-01  
     73    3.8583e-01  1.5625e-02  2.4139e-01  2.6427e-01  -2.2881e-02  +2.4326e-01  +2.6614e-01  -2.2881e-02        1    +1.8716e-02  2.4139e-01  2.6427e-01  -2.2881e-02  1.0000e-01  
     74    2.2355e-01  1.5625e-02  2.3797e-01  2.6593e-01  -2.7959e-02  +2.3866e-01  +2.6662e-01  -2.7959e-02        1    +6.8649e-03  2.3797e-01  2.6593e-01  -2.7959e-02  1.0000e-01  
     75    1.2916e-01  3.1250e-02  2.8481e-01  2.8431e-01  +4.9229e-04  +2.3401e-01  +2.5613e-01  -2.2127e-02        1    +2.9916e-02  2.3102e-01  2.5314e-01  -2.2127e-02  1.0000e-01  
     76    2.8481e-01  1.5625e-02  2.2800e-01  2.5665e-01  -2.8651e-02  +2.2909e-01  +2.5774e-01  -2.8651e-02        1    +1.0862e-02  2.2800e-01  2.5665e-01  -2.8651e-02  1.0000e-01  
     77    1.6702e-01  3.1250e-02  3.6603e-01  3.6542e-01  +6.0913e-04  +2.2652e-01  +2.4769e-01  -2.1169e-02        1    +4.8999e-02  2.2162e-01  2.4279e-01  -2.1169e-02  1.0000e-01  
     78    3.6603e-01  1.5625e-02  2.1919e-01  2.4882e-01  -2.9624e-02  +2.2096e-01  +2.5058e-01  -2.9624e-02        1    +1.7619e-02  2.1919e-01  2.4882e-01  -2.9624e-02  1.0000e-01  
     79    2.1559e-01  1.5625e-02  2.1606e-01  2.4095e-01  -2.4890e-02  +2.1668e-01  +2.4157e-01  -2.4890e-02        1    +6.2056e-03  2.1606e-01  2.4095e-01  -2.4890e-02  1.0000e-01  
     80    1.2558e-01  3.1250e-02  2.6648e-01  2.6572e-01  +7.6425e-04  +2.1236e-01  +2.4282e-01  -3.0461e-02        1    +2.6407e-02  2.0972e-01  2.4018e-01  -3.0461e-02  1.0000e-01  
     81    2.6648e-01  1.5625e-02  2.0687e-01  2.3150e-01  -2.4629e-02  +2.0778e-01  +2.3241e-01  -2.4629e-02        1    +9.0434e-03  2.0687e-01  2.3150e-01  -2.4629e-02  1.0000e-01  
     82    1.5429e-01  3.1250e-02  3.2917e-01  3.2821e-01  +9.5635e-04  +2.0503e-01  +2.3653e-01  -3.1501e-02        1    +3.9926e-02  2.0104e-01  2.3254e-01  -3.1501e-02  1.0000e-01  
     83    3.2917e-01  1.5625e-02  1.9851e-01  2.2288e-01  -2.4369e-02  +1.9984e-01  +2.2421e-01  -2.4369e-02        1    +1.3286e-02  1.9851e-01  2.2288e-01  -2.4369e-02  1.0000e-01  
     84    1.8888e-01  3.1250e-02  4.0284e-01  4.0164e-01  +1.2022e-03  +1.9925e-01  +2.3205e-01  -3.2805e-02        1    +5.9479e-02  1.9330e-01  2.2611e-01  -3.2805e-02  1.0000e-01  
     85    4.0284e-01  1.5625e-02  2.2769e-01  2.2728e-01  +4.0945e-04  +1.9305e-01  +2.1725e-01  -2.4199e-02        1    +1.9111e-02  1.9114e-01  2.1534e-01  -2.4199e-02  1.0000e-01  
     86    2.2769e-01  1.5625e-02  1.8852e-01  2.1782e-01  -2.9300e-02  +1.8917e-01  +2.1847e-01  -2.9300e-02        1    +6.5573e-03  1.8852e-01  2.1782e-01  -2.9300e-02  1.0000e-01  
     87    1.2881e-01  3.1250e-02  2.7916e-01  2.7866e-01  +4.9502e-04  +1.8591e-01  +2.0954e-01  -2.3632e-02        1    +2.8524e-02  1.8306e-01  2.0669e-01  -2.3632e-02  1.0000e-01  
     88    2.7916e-01  1.5625e-02  1.8075e-01  2.1065e-01  -2.9902e-02  +1.8172e-01  +2.1162e-01  -2.9902e-02        1    +9.7271e-03  1.8075e-01  2.1065e-01  -2.9902e-02  1.0000e-01  
     89    1.5954e-01  3.1250e-02  3.4388e-01  3.4328e-01  +5.9950e-04  +1.8004e-01  +2.0296e-01  -2.2915e-02        1    +4.3071e-02  1.7574e-01  1.9865e-01  -2.2915e-02  1.0000e-01  
     90    3.4388e-01  1.5625e-02  1.9686e-01  2.0453e-01  -7.6690e-03  +1.7531e-01  +2.0598e-01  -3.0670e-02        1    +1.4556e-02  1.7386e-01  2.0453e-01  -3.0670e-02  1.0000e-01  
     91    1.9686e-01  1.5625e-02  1.7137e-01  1.9780e-01  -2.6426e-02  +1.7186e-01  +1.9828e-01  -2.6426e-02        1    +4.8558e-03  1.7137e-01  1.9780e-01  -2.6426e-02  1.0000e-01  
     92    1.1166e-01  3.1250e-02  2.3412e-01  2.3342e-01  +6.9475e-04  +1.6835e-01  +1.9965e-01  -3.1291e-02        1    +2.0290e-02  1.6633e-01  1.9762e-01  -3.1291e-02  1.0000e-01  
     93    2.3412e-01  1.5625e-02  1.6405e-01  1.9030e-01  -2.6250e-02  +1.6471e-01  +1.9096e-01  -2.6250e-02        1    +6.6271e-03  1.6405e-01  1.9030e-01  -2.6250e-02  1.0000e-01  
     94    1.3222e-01  3.1250e-02  2.7853e-01  2.7770e-01  +8.2843e-04  +1.6221e-01  +1.9423e-01  -3.2021e-02        1    +2.8511e-02  1.5936e-01  1.9138e-01  -3.2021e-02  1.0000e-01  
     95    2.7853e-01  1.5625e-02  1.5730e-01  1.8337e-01  -2.6064e-02  +1.5822e-01  +1.8428e-01  -2.6064e-02        1    +9.1187e-03  1.5730e-01  1.8337e-01  -2.6064e-02  1.0000e-01  
     96    1.5643e-01  3.1250e-02  3.2973e-01  3.2874e-01  +9.9183e-04  +1.5700e-01  +1.8991e-01  -3.2909e-02        1    +3.9777e-02  1.5303e-01  1.8594e-01  -3.2909e-02  1.0000e-01  
     97    3.2973e-01  1.5625e-02  1.8349e-01  1.8316e-01  +3.2779e-04  +1.5245e-01  +1.7837e-01  -2.5920e-02        1    +1.2421e-02  1.5121e-01  1.7713e-01  -2.5920e-02  1.0000e-01  
     98    1.8349e-01  1.5625e-02  1.4907e-01  1.7902e-01  -2.9950e-02  +1.4948e-01  +1.7943e-01  -2.9950e-02        1    +4.1187e-03  1.4907e-01  1.7902e-01  -2.9950e-02  1.0000e-01  
     99    1.0181e-01  3.1250e-02  2.1867e-01  2.1828e-01  +3.9211e-04  +1.4643e-01  +1.7196e-01  -2.5529e-02        1    +1.7515e-02  1.4468e-01  1.7021e-01  -2.5529e-02  1.0000e-01  
    100    2.1867e-01  1.5625e-02  1.4273e-01  1.7307e-01  -3.0342e-02  +1.4331e-01  +1.7365e-01  -3.0342e-02        1    +5.7638e-03  1.4273e-01  1.7307e-01  -3.0342e-02  1.0000e-01  
    101    1.2243e-01  3.1250e-02  2.6200e-01  2.6153e-01  +4.7020e-04  +1.4114e-01  +1.6618e-01  -2.5040e-02        1    +2.5011e-02  1.3864e-01  1.6368e-01  -2.5040e-02  1.0000e-01  
    102    2.6200e-01  1.5625e-02  1.4719e-01  1.6777e-01  -2.0583e-02  +1.3776e-01  +1.6859e-01  -3.0828e-02        1    +8.1749e-03  1.3694e-01  1.6777e-01  -3.0828e-02  1.0000e-01  
    103    1.4719e-01  3.1250e-02  3.1370e-01  3.1314e-01  +5.6244e-04  +1.3675e-01  +1.6124e-01  -2.4494e-02        1    +3.5739e-02  1.3317e-01  1.5767e-01  -2.4494e-02  1.0000e-01  
    104    3.1370e-01  1.5625e-02  1.7613e-01  1.7559e-01  +5.4441e-04  +1.3294e-01  +1.6437e-01  -3.1436e-02        1    +1.1573e-02  1.3178e-01  1.6322e-01  -3.1436e-02  1.0000e-01  
    105    1.7613e-01  1.5625e-02  1.2990e-01  1.5759e-01  -2.7693e-02  +1.3027e-01  +1.5796e-01  -2.7693e-02        1    +3.7219e-03  1.2990e-01  1.5759e-01  -2.7693e-02  1.0000e-01  
    106    9.8126e-02  3.1250e-02  2.0426e-01  2.0364e-01  +6.2649e-04  +1.2761e-01  +1.5953e-01  -3.1916e-02        1    +1.5393e-02  1.2607e-01  1.5799e-01  -3.1916e-02  1.0000e-01  
    107    2.0426e-01  1.5625e-02  1.2434e-01  1.5192e-01  -2.7577e-02  +1.2483e-01  +1.5240e-01  -2.7577e-02        1    +4.8658e-03  1.2434e-01  1.5192e-01  -2.7577e-02  1.0000e-01  
    108    1.1336e-01  3.1250e-02  2.3684e-01  2.3612e-01  +7.2327e-04  +1.2283e-01  +1.5528e-01  -3.2454e-02        1    +2.0574e-02  1.2077e-01  1.5322e-01  -3.2454e-02  1.0000e-01  
    109    2.3684e-01  1.5625e-02  1.3091e-01  1.4663e-01  -1.5727e-02  +1.1983e-01  +1.4727e-01  -2.7446e-02        1    +6.3952e-03  1.1919e-01  1.4663e-01  -2.7446e-02  1.0000e-01  
    110    1.3091e-01  3.1250e-02  2.7370e-01  2.7286e-01  +8.3733e-04  +1.1863e-01  +1.5172e-01  -3.3087e-02        1    +2.7370e-02  1.1589e-01  1.4898e-01  -3.3087e-02  1.0000e-01  
    111    2.7370e-01  1.5625e-02  1.5034e-01  1.5008e-01  +2.5927e-04  +1.1531e-01  +1.4265e-01  -2.7334e-02        1    +8.3558e-03  1.1448e-01  1.4181e-01  -2.7334e-02  1.0000e-01  
    112    1.5034e-01  3.1250e-02  3.1404e-01  3.1307e-01  +9.6840e-04  +1.1507e-01  +1.4888e-01  -3.3808e-02        1    +3.5932e-02  1.1148e-01  1.4529e-01  -3.3808e-02  1.0000e-01  
    113    3.1404e-01  1.5625e-02  1.7102e-01  1.7071e-01  +3.0587e-04  +1.1131e-01  +1.3857e-01  -2.7256e-02        1    +1.0747e-02  1.1024e-01  1.3749e-01  -2.7256e-02  1.0000e-01  
    114    1.7102e-01  1.5625e-02  1.0870e-01  1.3965e-01  -3.0944e-02  +1.0904e-01  +1.3999e-01  -3.0944e-02        1    +3.4051e-03  1.0870e-01  1.3965e-01  -3.0944e-02  1.0000e-01  
    115    9.3100e-02  3.1250e-02  1.9712e-01  1.9677e-01  +3.5725e-04  +1.0693e-01  +1.3392e-01  -2.6982e-02        1    +1.4211e-02  1.0551e-01  1.3250e-01  -2.6982e-02  1.0000e-01  
    116    1.9712e-01  1.5625e-02  1.0803e-01  1.3534e-01  -2.7315e-02  +1.0456e-01  +1.3579e-01  -3.1232e-02        1    +4.4715e-03  1.0411e-01  1.3534e-01  -3.1232e-02  1.0000e-01  
    117    1.0803e-01  3.1250e-02  2.2810e-01  2.2768e-01  +4.1789e-04  +1.0303e-01  +1.2967e-01  -2.6640e-02        1    +1.8948e-02  1.0113e-01  1.2777e-01  -2.6640e-02  1.0000e-01  
    118    2.2810e-01  1.5625e-02  1.2529e-01  1.3146e-01  -6.1668e-03  +1.0048e-01  +1.3205e-01  -3.1568e-02        1    +5.9228e-03  9.9891e-02  1.3146e-01  -3.1568e-02  1.0000e-01  
    119    1.2529e-01  3.1250e-02  2.6385e-01  2.6336e-01  +4.8773e-04  +9.9655e-02  +1.2592e-01  -2.6265e-02        1    +2.5277e-02  9.7127e-02  1.2339e-01  -2.6265e-02  1.0000e-01  
    120    2.6385e-01  1.5625e-02  1.4490e-01  1.4443e-01  +4.7289e-04  +9.6855e-02  +1.2883e-01  -3.1971e-02        1    +7.8403e-03  9.6071e-02  1.2804e-01  -3.1971e-02  1.0000e-01  
    121    1.4490e-01  1.5625e-02  9.4688e-02  1.2362e-01  -2.8931e-02  +9.4935e-02  +1.2387e-01  -2.8931e-02        1    +2.4679e-03  9.4688e-02  1.2362e-01  -2.8931e-02  1.0000e-01  
    122    7.9291e-02  3.1250e-02  1.6378e-01  1.6325e-01  +5.2735e-04  +9.2868e-02  +1.2516e-01  -3.2288e-02        1    +9.9154e-03  9.1876e-02  1.2416e-01  -3.2288e-02  1.0000e-01  
    123    1.6378e-01  1.5625e-02  9.0590e-02  1.1944e-01  -2.8850e-02  +9.0898e-02  +1.1975e-01  -2.8850e-02        1    +3.0717e-03  9.0590e-02  1.1944e-01  -2.8850e-02  1.0000e-01  
    124    8.9395e-02  3.1250e-02  1.8524e-01  1.8465e-01  +5.8960e-04  +8.9208e-02  +1.2184e-01  -3.2635e-02        1    +1.2609e-02  8.7947e-02  1.2058e-01  -3.2635e-02  1.0000e-01  
    125    1.8524e-01  1.5625e-02  1.0089e-01  1.1552e-01  -1.4628e-02  +8.7144e-02  +1.1590e-01  -2.8758e-02        1    +3.8500e-03  8.6759e-02  1.1552e-01  -2.8758e-02  1.0000e-01  
    126    1.0089e-01  3.1250e-02  2.0929e-01  2.0862e-01  +6.6111e-04  +8.5895e-02  +1.1893e-01  -3.3036e-02        1    +1.6029e-02  8.4293e-02  1.1733e-01  -3.3036e-02  1.0000e-01  
    127    2.0929e-01  1.5625e-02  1.1361e-01  1.1343e-01  +1.7785e-04  +8.3690e-02  +1.1236e-01  -2.8671e-02        1    +4.8255e-03  8.3208e-02  1.1188e-01  -2.8671e-02  1.0000e-01  
    128    1.1361e-01  3.1250e-02  2.3570e-01  2.3496e-01  +7.4203e-04  +8.2950e-02  +1.1644e-01  -3.3491e-02        1    +2.0266e-02  8.0923e-02  1.1441e-01  -3.3491e-02  1.0000e-01  
    129    2.3570e-01  1.5625e-02  1.2735e-01  1.2714e-01  +2.0927e-04  +8.0547e-02  +1.0914e-01  -2.8596e-02        1    +6.0136e-03  7.9946e-02  1.0854e-01  -2.8596e-02  1.0000e-01  
    130    1.2735e-01  3.1250e-02  2.6401e-01  2.6318e-01  +8.3177e-04  +8.0386e-02  +1.1438e-01  -3.3992e-02        1    +2.5367e-02  7.7850e-02  1.1184e-01  -3.3992e-02  1.0000e-01  
    131    2.6401e-01  1.5625e-02  1.4179e-01  1.4154e-01  +2.4308e-04  +7.7727e-02  +1.0626e-01  -2.8536e-02        1    +7.4111e-03  7.6986e-02  1.0552e-01  -2.8536e-02  1.0000e-01  
    132    1.4179e-01  1.5625e-02  7.6123e-02  1.0745e-01  -3.1329e-02  +7.6137e-02  +1.0768e-01  -3.1545e-02        1    +2.3013e-03  7.5907e-02  1.0745e-01  -3.1545e-02  1.0000e-01  
    133    7.6123e-02  3.1250e-02  1.5969e-01  1.5941e-01  +2.8065e-04  +7.4605e-02  +1.0296e-01  -2.8351e-02        1    +9.3557e-03  7.3669e-02  1.0202e-01  -2.8351e-02  1.0000e-01  
    134    1.5969e-01  1.5625e-02  8.6177e-02  1.0441e-01  -1.8233e-02  +7.2962e-02  +1.0470e-01  -3.1736e-02        1    +2.8795e-03  7.2674e-02  1.0441e-01  -3.1736e-02  1.0000e-01  
    135    8.6177e-02  3.1250e-02  1.8042e-01  1.8009e-01  +3.2421e-04  +7.1762e-02  +9.9882e-02  -2.8120e-02        1    +1.1888e-02  7.0574e-02  9.8693e-02  -2.8120e-02  1.0000e-01  
    136    1.8042e-01  1.5625e-02  9.7559e-02  1.0162e-01  -4.0639e-03  +7.0036e-02  +1.0199e-01  -3.1950e-02        1    +3.6309e-03  6.9673e-02  1.0162e-01  -3.1950e-02  1.0000e-01  
    137    9.7559e-02  3.1250e-02  2.0392e-01  2.0355e-01  +3.7361e-04  +6.9222e-02  +9.7090e-02  -2.7868e-02        1    +1.5135e-02  6.7709e-02  9.5577e-02  -2.7868e-02  1.0000e-01  
    138    2.0392e-01  1.5625e-02  1.1033e-01  1.0995e-01  +3.8750e-04  +6.7372e-02  +9.9573e-02  -3.2201e-02        1    +4.5887e-03  6.6913e-02  9.9114e-02  -3.2201e-02  1.0000e-01  
    139    1.1033e-01  3.1250e-02  2.3014e-01  2.2972e-01  +4.2870e-04  +6.7012e-02  +9.4611e-02  -2.7599e-02        1    +1.9229e-02  6.5089e-02  9.2688e-02  -2.7599e-02  1.0000e-01  
    140    2.3014e-01  1.5625e-02  1.2443e-01  1.2400e-01  +4.2837e-04  +6.4989e-02  +9.7478e-02  -3.2489e-02        1    +5.7847e-03  6.4410e-02  9.6899e-02  -3.2489e-02  1.0000e-01  
    141    1.2443e-01  1.5625e-02  6.7023e-02  9.3399e-02  -2.6377e-02  +6.3668e-02  +9.3578e-02  -2.9911e-02        1    +1.7889e-03  6.3489e-02  9.3399e-02  -2.9911e-02  1.0000e-01  
    142    6.7023e-02  3.1250e-02  1.3775e-01  1.3728e-01  +4.6678e-04  +6.2311e-02  +9.5024e-02  -3.2713e-02        1    +7.0267e-03  6.1609e-02  9.4321e-02  -3.2713e-02  1.0000e-01  
    143    1.3775e-01  1.5625e-02  7.4040e-02  9.0605e-02  -1.6565e-02  +6.0964e-02  +9.0819e-02  -2.9856e-02        1    +2.1410e-03  6.0750e-02  9.0605e-02  -2.9856e-02  1.0000e-01  
    144    7.4040e-02  3.1250e-02  1.5254e-01  1.5203e-01  +5.0936e-04  +5.9834e-02  +9.2782e-02  -3.2947e-02        1    +8.5690e-03  5.8977e-02  9.1925e-02  -3.2947e-02  1.0000e-01  
    145    1.5254e-01  1.5625e-02  8.1878e-02  8.7971e-02  -6.0931e-03  +5.8438e-02  +8.8228e-02  -2.9790e-02        1    +2.5759e-03  5.8181e-02  8.7971e-02  -2.9790e-02  1.0000e-01  
    146    8.1878e-02  3.1250e-02  1.6883e-01  1.6827e-01  +5.5697e-04  +5.7564e-02  +9.0778e-02  -3.3213e-02        1    +1.0452e-02  5.6519e-02  8.9732e-02  -3.3213e-02  1.0000e-01  
    147    1.6883e-01  1.5625e-02  9.0435e-02  9.0312e-02  +1.2301e-04  +5.6097e-02  +8.5823e-02  -2.9727e-02        1    +3.1028e-03  5.5786e-02  8.5513e-02  -2.9727e-02  1.0000e-01  
    148    9.0435e-02  3.1250e-02  1.8652e-01  1.8591e-01  +6.0968e-04  +5.5508e-02  +8.9018e-02  -3.3509e-02        1    +1.2716e-02  5.4237e-02  8.7746e-02  -3.3509e-02  1.0000e-01  
    149    1.8652e-01  1.5625e-02  9.9636e-02  9.9491e-02  +1.4466e-04  +5.3943e-02  +8.3610e-02  -2.9668e-02        1    +3.7294e-03  5.3570e-02  8.3237e-02  -2.9668e-02  1.0000e-01  
    150    9.9636e-02  3.1250e-02  2.0546e-01  2.0479e-01  +6.6729e-04  +5.3672e-02  +8.7505e-02  -3.3833e-02        1    +1.5387e-02  5.2133e-02  8.5966e-02  -3.3833e-02  1.0000e-01  
    151    2.0546e-01  1.5625e-02  1.0936e-01  1.0919e-01  +1.6786e-04  +5.1980e-02  +8.1594e-02  -2.9614e-02        1    +4.4588e-03  5.1534e-02  8.1148e-02  -2.9614e-02  1.0000e-01  
    152    1.0936e-01  1.5625e-02  5.8152e-02  8.2703e-02  -2.4551e-02  +5.0940e-02  +8.2843e-02  -3.1903e-02        1    +1.3928e-03  5.0800e-02  8.2703e-02  -3.1903e-02  1.0000e-01  
    153    5.8152e-02  3.1250e-02  1.2121e-01  1.2101e-01  +1.9409e-04  +4.9834e-02  +7.9321e-02  -2.9488e-02        1    +5.4421e-03  4.9289e-02  7.8777e-02  -2.9488e-02  1.0000e-01  
    154    1.2121e-01  1.5625e-02  6.4709e-02  8.0629e-02  -1.5921e-02  +4.8774e-02  +8.0797e-02  -3.2023e-02        1    +1.6778e-03  4.8606e-02  8.0629e-02  -3.2023e-02  1.0000e-01  
    155    6.4709e-02  3.1250e-02  1.3468e-01  1.3446e-01  +2.2406e-04  +4.7849e-02  +7.7184e-02  -2.9334e-02        1    +6.6791e-03  4.7182e-02  7.6516e-02  -2.9334e-02  1.0000e-01  
    156    1.3468e-01  1.5625e-02  7.2030e-02  7.8707e-02  -6.6777e-03  +4.6756e-02  +7.8911e-02  -3.2155e-02        1    +2.0364e-03  4.6553e-02  7.8707e-02  -3.2155e-02  1.0000e-01  
    157    7.2030e-02  3.1250e-02  1.4977e-01  1.4952e-01  +2.5768e-04  +4.6035e-02  +7.5202e-02  -2.9167e-02        1    +8.2208e-03  4.5213e-02  7.4380e-02  -2.9167e-02  1.0000e-01  
    158    1.4977e-01  1.5625e-02  8.0182e-02  7.9870e-02  +3.1232e-04  +4.4890e-02  +7.7196e-02  -3.2306e-02        1    +2.4825e-03  4.4642e-02  7.6948e-02  -3.2306e-02  1.0000e-01  
    159    8.0182e-02  3.1250e-02  1.6653e-01  1.6624e-01  +2.9498e-04  +4.4399e-02  +7.3386e-02  -2.8987e-02        1    +1.0125e-02  4.3387e-02  7.2374e-02  -2.8987e-02  1.0000e-01  
    160    1.6653e-01  1.5625e-02  8.9183e-02  8.8846e-02  +3.3759e-04  +4.3181e-02  +7.5660e-02  -3.2479e-02        1    +3.0315e-03  4.2878e-02  7.5357e-02  -3.2479e-02  1.0000e-01  
    161    8.9183e-02  3.1250e-02  1.8496e-01  1.8463e-01  +3.3594e-04  +4.2954e-02  +7.1749e-02  -2.8795e-02        1    +1.2453e-02  4.1709e-02  7.0503e-02  -2.8795e-02  1.0000e-01  
    162    1.8496e-01  1.5625e-02  9.9015e-02  9.8649e-02  +3.6556e-04  +4.1638e-02  +7.4309e-02  -3.2672e-02        1    +3.6986e-03  4.1268e-02  7.3939e-02  -3.2672e-02  1.0000e-01  
    163    9.9015e-02  1.5625e-02  5.2872e-02  7.1311e-02  -1.8439e-02  +4.0792e-02  +7.1427e-02  -3.0636e-02        1    +1.1593e-03  4.0676e-02  7.1311e-02  -3.0636e-02  1.0000e-01  
    164    5.2872e-02  3.1250e-02  1.0842e-01  1.0803e-01  +3.9232e-04  +3.9908e-02  +7.2734e-02  -3.2826e-02        1    +4.3930e-03  3.9468e-02  7.2294e-02  -3.2826e-02  1.0000e-01  
    165    1.0842e-01  1.5625e-02  5.7794e-02  6.9509e-02  -1.1715e-02  +3.9050e-02  +6.9645e-02  -3.0594e-02        1    +1.3535e-03  3.8915e-02  6.9509e-02  -3.0594e-02  1.0000e-01  
    166    5.7794e-02  3.1250e-02  1.1873e-01  1.1831e-01  +4.2155e-04  +3.8298e-02  +7.1284e-02  -3.2986e-02        1    +5.2337e-03  3.7775e-02  7.0761e-02  -3.2986e-02  1.0000e-01  
    167    1.1873e-01  1.5625e-02  6.3235e-02  6.7805e-02  -4.5701e-03  +3.7418e-02  +6.7963e-02  -3.0545e-02        1    +1.5880e-03  3.7259e-02  6.7805e-02  -3.0545e-02  1.0000e-01  
    168    6.3235e-02  3.1250e-02  1.3000e-01  1.2955e-01  +4.5376e-04  +3.6811e-02  +6.9975e-02  -3.3164e-02        1    +6.2408e-03  3.6187e-02  6.9351e-02  -3.3164e-02  1.0000e-01  
    169    1.3000e-01  1.5625e-02  6.9148e-02  6.9079e-02  +6.9776e-05  +3.5897e-02  +6.6393e-02  -3.0496e-02        1    +1.8676e-03  3.5710e-02  6.6206e-02  -3.0496e-02  1.0000e-01  
    170    6.9148e-02  3.1250e-02  1.4221e-01  1.4172e-01  +4.8907e-04  +3.5449e-02  +6.8809e-02  -3.3361e-02        1    +7.4356e-03  3.4705e-02  6.8066e-02  -3.3361e-02  1.0000e-01  
    171    1.4221e-01  1.5625e-02  7.5517e-02  7.5431e-02  +8.5105e-05  +3.4488e-02  +6.4935e-02  -3.0447e-02        1    +2.1972e-03  3.4268e-02  6.4715e-02  -3.0447e-02  1.0000e-01  
    172    7.5517e-02  3.1250e-02  1.5532e-01  1.5479e-01  +5.2749e-04  +3.4214e-02  +6.7789e-02  -3.3575e-02        1    +8.8380e-03  3.3330e-02  6.6905e-02  -3.3575e-02  1.0000e-01  
    173    1.5532e-01  1.5625e-02  8.2307e-02  8.2205e-02  +1.0158e-04  +3.3192e-02  +6.3590e-02  -3.0398e-02        1    +2.5813e-03  3.2933e-02  6.3332e-02  -3.0398e-02  1.0000e-01  
    174    8.2307e-02  3.1250e-02  1.6925e-01  1.6868e-01  +5.6893e-04  +3.3110e-02  +6.6915e-02  -3.3805e-02        1    +1.0464e-02  3.2063e-02  6.5868e-02  -3.3805e-02  1.0000e-01  
    175    1.6925e-01  1.5625e-02  8.9467e-02  8.9348e-02  +1.1910e-04  +3.2010e-02  +6.2361e-02  -3.0351e-02        1    +3.0225e-03  3.1708e-02  6.2059e-02  -3.0351e-02  1.0000e-01  
    176    8.9467e-02  1.5625e-02  4.7312e-02  6.3464e-02  -1.6151e-02  +3.1355e-02  +6.3560e-02  -3.2205e-02        1    +9.5948e-04  3.1259e-02  6.3464e-02  -3.2205e-02  1.0000e-01  
    177    4.7312e-02  3.1250e-02  9.8048e-02  9.7909e-02  +1.3888e-04  +3.0692e-02  +6.0948e-02  -3.0256e-02        1    +3.6018e-03  3.0332e-02  6.0588e-02  -3.0256e-02  1.0000e-01  
    178    9.8048e-02  1.5625e-02  5.2004e-02  6.2199e-02  -1.0196e-02  +3.0026e-02  +6.2312e-02  -3.2286e-02        1    +1.1244e-03  2.9913e-02  6.2199e-02  -3.2286e-02  1.0000e-01  
    179    5.2004e-02  3.1250e-02  1.0766e-01  1.0749e-01  +1.6114e-04  +2.9469e-02  +5.9612e-02  -3.0143e-02        1    +4.3107e-03  2.9038e-02  5.9181e-02  -3.0143e-02  1.0000e-01  
    180    1.0766e-01  1.5625e-02  5.7172e-02  6.1025e-02  -3.8527e-03  +2.8784e-02  +6.1158e-02  -3.2373e-02        1    +1.3263e-03  2.8652e-02  6.1025e-02  -3.2373e-02  1.0000e-01  
    181    5.7172e-02  3.1250e-02  1.1829e-01  1.1810e-01  +1.8581e-04  +2.8345e-02  +5.8365e-02  -3.0020e-02        1    +5.1725e-03  2.7827e-02  5.7848e-02  -3.0020e-02  1.0000e-01  
    182    1.1829e-01  1.5625e-02  6.2868e-02  6.2597e-02  +2.7072e-04  +2.7632e-02  +6.0104e-02  -3.2472e-02        1    +1.5716e-03  2.7475e-02  5.9947e-02  -3.2472e-02  1.0000e-01  
    183    6.2868e-02  3.1250e-02  1.2998e-01  1.2977e-01  +2.1292e-04  +2.7322e-02  +5.7211e-02  -2.9889e-02        1    +6.2147e-03  2.6701e-02  5.6590e-02  -2.9889e-02  1.0000e-01  
    184    1.2998e-01  1.5625e-02  6.9112e-02  6.8824e-02  +2.8802e-04  +2.6570e-02  +5.9154e-02  -3.2584e-02        1    +1.8677e-03  2.6384e-02  5.8967e-02  -3.2584e-02  1.0000e-01  
    185    6.9112e-02  3.1250e-02  1.4277e-01  1.4253e-01  +2.4253e-04  +2.6407e-02  +5.6155e-02  -2.9747e-02        1    +7.4674e-03  2.5661e-02  5.5408e-02  -2.9747e-02  1.0000e-01  
    186    1.4277e-01  1.5625e-02  7.5915e-02  7.5608e-02  +3.0699e-04  +2.5603e-02  +5.8311e-02  -3.2708e-02        1    +2.2226e-03  2.5381e-02  5.8089e-02  -3.2708e-02  1.0000e-01  
    187    7.5915e-02  1.5625e-02  4.0306e-02  5.6170e-02  -1.5864e-02  +2.5088e-02  +5.6243e-02  -3.1155e-02        1    +7.2718e-04  2.5015e-02  5.6170e-02  -3.1155e-02  1.0000e-01  
    188    4.0306e-02  3.1250e-02  8.2569e-02  8.2243e-02  +3.2563e-04  +2.4530e-02  +5.7341e-02  -3.2811e-02        1    +2.5980e-03  2.4270e-02  5.7081e-02  -3.2811e-02  1.0000e-01  
    189    8.2569e-02  1.5625e-02  4.3781e-02  5.5048e-02  -1.1267e-02  +2.4010e-02  +5.5131e-02  -3.1121e-02        1    +8.3128e-04  2.3927e-02  5.5048e-02  -3.1121e-02  1.0000e-01  
    190    4.3781e-02  3.1250e-02  8.9814e-02  8.9468e-02  +3.4583e-04  +2.3527e-02  +5.6446e-02  -3.2918e-02        1    +3.0459e-03  2.3223e-02  5.6141e-02  -3.2918e-02  1.0000e-01  
    191    8.9814e-02  1.5625e-02  4.7597e-02  5.3984e-02  -6.3867e-03  +2.2998e-02  +5.4079e-02  -3.1081e-02        1    +9.5534e-04  2.2902e-02  5.3984e-02  -3.1081e-02  1.0000e-01  
    192    4.7597e-02  3.1250e-02  9.7698e-02  9.7330e-02  +3.6793e-04  +2.2596e-02  +5.5633e-02  -3.3037e-02        1    +3.5766e-03  2.2238e-02  5.5275e-02  -3.3037e-02  1.0000e-01  
    193    9.7698e-02  1.5625e-02  5.1738e-02  5.2982e-02  -1.2433e-03  +2.2051e-02  +5.3092e-02  -3.1041e-02        1    +1.1021e-03  2.1941e-02  5.2982e-02  -3.1041e-02  1.0000e-01  
    194    5.1738e-02  3.1250e-02  1.0624e-01  1.0585e-01  +3.9202e-04  +2.1736e-02  +5.4904e-02  -3.3168e-02        1    +4.2020e-03  2.1316e-02  5.4484e-02  -3.3168e-02  1.0000e-01  
    195    1.0624e-01  1.5625e-02  5.6207e-02  5.6171e-02  +3.6159e-05  +2.1169e-02  +5.2169e-02  -3.1000e-02        1    +1.2744e-03  2.1042e-02  5.2041e-02  -3.1000e-02  1.0000e-01  
    196    5.6207e-02  3.1250e-02  1.1544e-01  1.1502e-01  +4.1819e-04  +2.0950e-02  +5.4260e-02  -3.3311e-02        1    +4.9347e-03  2.0456e-02  5.3767e-02  -3.3311e-02  1.0000e-01  
    197    1.1544e-01  1.5625e-02  6.1003e-02  6.0955e-02  +4.7983e-05  +2.0353e-02  +5.1311e-02  -3.0958e-02        1    +1.4756e-03  2.0205e-02  5.1163e-02  -3.0958e-02  1.0000e-01  
    198    6.1003e-02  3.1250e-02  1.2530e-01  1.2485e-01  +4.4649e-04  +2.0238e-02  +5.3703e-02  -3.3465e-02        1    +5.7870e-03  1.9659e-02  5.3124e-02  -3.3465e-02  1.0000e-01  
    199    1.2530e-01  1.5625e-02  6.6118e-02  6.6057e-02  +6.0649e-05  +1.9604e-02  +5.0518e-02  -3.0914e-02        1    +1.7085e-03  1.9433e-02  5.0347e-02  -3.0914e-02  1.0000e-01  
    200    6.6118e-02  3.1250e-02  1.3579e-01  1.3531e-01  +4.7692e-04  +1.9603e-02  +5.3233e-02  -3.3630e-02        1    +6.7711e-03  1.8926e-02  5.2556e-02  -3.3630e-02  1.0000e-01  
    201    1.3579e-01  1.5625e-02  7.1536e-02  7.1462e-02  +7.4118e-05  +1.8922e-02  +4.9792e-02  -3.0870e-02        1    +1.9758e-03  1.8724e-02  4.9594e-02  -3.0870e-02  1.0000e-01  
    202    7.1536e-02  1.5625e-02  3.7733e-02  5.0801e-02  -1.3068e-02  +1.8526e-02  +5.0867e-02  -3.2340e-02        1    +6.5321e-04  1.8461e-02  5.0801e-02  -3.2340e-02  1.0000e-01  
    203    3.7733e-02  3.1250e-02  7.7927e-02  7.7838e-02  +8.9323e-05  +1.8147e-02  +4.8941e-02  -3.0795e-02        1    +2.3195e-03  1.7915e-02  4.8710e-02  -3.0795e-02  1.0000e-01  
    204    7.7927e-02  1.5625e-02  4.1196e-02  5.0065e-02  -8.8690e-03  +1.7744e-02  +5.0140e-02  -3.2395e-02        1    +7.5000e-04  1.7669e-02  5.0065e-02  -3.2395e-02  1.0000e-01  
    205    4.1196e-02  3.1250e-02  8.5011e-02  8.4905e-02  +1.0625e-04  +1.7427e-02  +4.8134e-02  -3.0707e-02        1    +2.7333e-03  1.7154e-02  4.7861e-02  -3.0707e-02  1.0000e-01  
    206    8.5011e-02  1.5625e-02  4.4983e-02  4.9381e-02  -4.3984e-03  +1.7014e-02  +4.9468e-02  -3.2454e-02        1    +8.6662e-04  1.6927e-02  4.9381e-02  -3.2454e-02  1.0000e-01  
    207    4.4983e-02  3.1250e-02  9.2794e-02  9.2669e-02  +1.2486e-04  +1.6764e-02  +4.7377e-02  -3.0613e-02        1    +3.2295e-03  1.6441e-02  4.7054e-02  -3.0613e-02  1.0000e-01  
    208    9.2794e-02  1.5625e-02  4.9132e-02  4.8895e-02  +2.3678e-04  +1.6334e-02  +4.8855e-02  -3.2521e-02        1    +1.0065e-03  1.6234e-02  4.8755e-02  -3.2521e-02  1.0000e-01  
    209    4.9132e-02  3.1250e-02  1.0131e-01  1.0117e-01  +1.4522e-04  +1.6160e-02  +4.6671e-02  -3.0511e-02        1    +3.8227e-03  1.5778e-02  4.6289e-02  -3.0511e-02  1.0000e-01  
    210    1.0131e-01  1.5625e-02  5.3666e-02  5.3417e-02  +2.4918e-04  +1.5708e-02  +4.8303e-02  -3.2595e-02        1    +1.1737e-03  1.5590e-02  4.8185e-02  -3.2595e-02  1.0000e-01  
    211    5.3666e-02  3.1250e-02  1.1061e-01  1.1044e-01  +1.6739e-04  +1.5617e-02  +4.6019e-02  -3.0402e-02        1    +4.5294e-03  1.5164e-02  4.5566e-02  -3.0402e-02  1.0000e-01  
    212    1.1061e-01  1.5625e-02  5.8601e-02  5.8339e-02  +2.6273e-04  +1.5135e-02  +4.7813e-02  -3.2678e-02        1    +1.3726e-03  1.4998e-02  4.7675e-02  -3.2678e-02  1.0000e-01  
    213    5.8601e-02  1.5625e-02  3.1011e-02  4.6265e-02  -1.5254e-02  +1.4830e-02  +4.6313e-02  -3.1483e-02        1    +4.8095e-04  1.4782e-02  4.6265e-02  -3.1483e-02  1.0000e-01  
    214    3.1011e-02  3.1250e-02  6.3527e-02  6.3251e-02  +2.7635e-04  +1.4500e-02  +4.7249e-02  -3.2749e-02        1    +1.5869e-03  1.4341e-02  4.7090e-02  -3.2749e-02  1.0000e-01  
    215    6.3527e-02  1.5625e-02  3.3584e-02  4.5592e-02  -1.2008e-02  +1.4192e-02  +4.5646e-02  -3.1454e-02        1    +5.4009e-04  1.4138e-02  4.5592e-02  -3.1454e-02  1.0000e-01  
    216    3.3584e-02  3.1250e-02  6.8872e-02  6.8581e-02  +2.9106e-04  +1.3906e-02  +4.6730e-02  -3.2824e-02        1    +1.8404e-03  1.3722e-02  4.6546e-02  -3.2824e-02  1.0000e-01  
    217    6.8872e-02  1.5625e-02  3.6398e-02  4.4953e-02  -8.5551e-03  +1.3593e-02  +4.5014e-02  -3.1421e-02        1    +6.1006e-04  1.3532e-02  4.4953e-02  -3.1421e-02  1.0000e-01  
    218    3.6398e-02  3.1250e-02  7.4674e-02  7.4367e-02  +3.0707e-04  +1.3353e-02  +4.6260e-02  -3.2907e-02        1    +2.1392e-03  1.3139e-02  4.6046e-02  -3.2907e-02  1.0000e-01  
    219    7.4674e-02  1.5625e-02  3.9448e-02  4.4349e-02  -4.9017e-03  +1.3032e-02  +4.4419e-02  -3.1387e-02        1    +6.9244e-04  1.2963e-02  4.4349e-02  -3.1387e-02  1.0000e-01  
    220    3.9448e-02  3.1250e-02  8.0957e-02  8.0633e-02  +3.2449e-04  +1.2842e-02  +4.5840e-02  -3.2998e-02        1    +2.4900e-03  1.2593e-02  4.5591e-02  -3.2998e-02  1.0000e-01  
    221    8.0957e-02  1.5625e-02  4.2742e-02  4.3781e-02  -1.0386e-03  +1.2509e-02  +4.3860e-02  -3.1351e-02        1    +7.8906e-04  1.2430e-02  4.3781e-02  -3.1351e-02  1.0000e-01  
    222    4.2742e-02  3.1250e-02  8.7738e-02  8.7395e-02  +3.4338e-04  +1.2373e-02  +4.5470e-02  -3.3097e-02        1    +2.9005e-03  1.2083e-02  4.5180e-02  -3.3097e-02  1.0000e-01  
    223    8.7738e-02  1.5625e-02  4.6290e-02  4.6280e-02  +1.0293e-05  +1.2024e-02  +4.3338e-02  -3.1314e-02        1    +9.0191e-04  1.1934e-02  4.3248e-02  -3.1314e-02  1.0000e-01  
    224    4.6290e-02  3.1250e-02  9.5033e-02  9.4669e-02  +3.6384e-04  +1.1947e-02  +4.5152e-02  -3.3205e-02        1    +3.3791e-03  1.1609e-02  4.4814e-02  -3.3205e-02  1.0000e-01  
    225    9.5033e-02  1.5625e-02  5.0096e-02  5.0076e-02  +1.9837e-05  +1.1578e-02  +4.2853e-02  -3.1275e-02        1    +1.0331e-03  1.1474e-02  4.2749e-02  -3.1275e-02  1.0000e-01  
    226    5.0096e-02  3.1250e-02  1.0285e-01  1.0247e-01  +3.8591e-04  +1.1566e-02  +4.4887e-02  -3.3321e-02        1    +3.9345e-03  1.1172e-02  4.4494e-02  -3.3321e-02  1.0000e-01  
    227    1.0285e-01  1.5625e-02  5.4164e-02  5.4134e-02  +3.0055e-05  +1.1170e-02  +4.2405e-02  -3.1235e-02        1    +1.1849e-03  1.1052e-02  4.2287e-02  -3.1235e-02  1.0000e-01  
    228    5.4164e-02  1.5625e-02  2.8552e-02  4.3238e-02  -1.4686e-02  +1.0938e-02  +4.3280e-02  -3.2342e-02        1    +4.2604e-04  1.0896e-02  4.3238e-02  -3.2342e-02  1.0000e-01  
    229    2.8552e-02  3.1250e-02  5.8884e-02  5.8843e-02  +4.1571e-05  +1.0710e-02  +4.1886e-02  -3.1176e-02        1    +1.3766e-03  1.0573e-02  4.1748e-02  -3.1176e-02  1.0000e-01  
    230    5.8884e-02  1.5625e-02  3.1092e-02  4.2805e-02  -1.1714e-02  +1.0475e-02  +4.2853e-02  -3.2379e-02        1    +4.7967e-04  1.0427e-02  4.2805e-02  -3.2379e-02  1.0000e-01  
    231    3.1092e-02  3.1250e-02  6.4086e-02  6.4032e-02  +5.4305e-05  +1.0282e-02  +4.1391e-02  -3.1109e-02        1    +1.6057e-03  1.0121e-02  4.1230e-02  -3.1109e-02  1.0000e-01  
    232    6.4086e-02  1.5625e-02  3.3864e-02  4.2405e-02  -8.5409e-03  +1.0041e-02  +4.2459e-02  -3.2418e-02        1    +5.4388e-04  9.9863e-03  4.2405e-02  -3.2418e-02  1.0000e-01  
    233    3.3864e-02  3.1250e-02  6.9784e-02  6.9716e-02  +6.8260e-05  +9.8863e-03  +4.0922e-02  -3.1036e-02        1    +1.8790e-03  9.6984e-03  4.0734e-02  -3.1036e-02  1.0000e-01  
    234    6.9784e-02  1.5625e-02  3.6895e-02  4.2037e-02  -5.1420e-03  +9.6363e-03  +4.2099e-02  -3.2463e-02        1    +6.2055e-04  9.5743e-03  4.2037e-02  -3.2463e-02  1.0000e-01  
    235    3.6895e-02  3.1250e-02  7.6013e-02  7.5929e-02  +8.3501e-05  +9.5240e-03  +4.0482e-02  -3.0958e-02        1    +2.2046e-03  9.3036e-03  4.0262e-02  -3.0958e-02  1.0000e-01  
    236    7.6013e-02  1.5625e-02  4.0206e-02  4.1704e-02  -1.4972e-03  +9.2621e-03  +4.1775e-02  -3.2513e-02        1    +7.1194e-04  9.1909e-03  4.1704e-02  -3.2513e-02  1.0000e-01  
    237    4.0206e-02  3.1250e-02  8.2811e-02  8.2711e-02  +1.0010e-04  +9.1965e-03  +4.0071e-02  -3.0874e-02        1    +2.5918e-03  8.9373e-03  3.9811e-02  -3.0874e-02  1.0000e-01  
    238    8.2811e-02  1.5625e-02  4.3817e-02  4.3592e-02  +2.2426e-04  +8.9186e-03  +4.1487e-02  -3.2568e-02        1    +8.2064e-04  8.8366e-03  4.1405e-02  -3.2568e-02  1.0000e-01  
    239    4.3817e-02  3.1250e-02  9.0217e-02  9.0098e-02  +1.1814e-04  +8.9055e-03  +3.9689e-02  -3.0784e-02        1    +3.0514e-03  8.6003e-03  3.9384e-02  -3.0784e-02  1.0000e-01  
    240    9.0217e-02  1.5625e-02  4.7745e-02  4.7510e-02  +2.3493e-04  +8.6072e-03  +4.1236e-02  -3.2629e-02        1    +9.4963e-04  8.5122e-03  4.1141e-02  -3.2629e-02  1.0000e-01  
    241    4.7745e-02  1.5625e-02  2.5232e-02  4.0050e-02  -1.4818e-02  +8.4269e-03  +4.0085e-02  -3.1659e-02        1    +3.5782e-04  8.3911e-03  4.0050e-02  -3.1659e-02  1.0000e-01  
    242    2.5232e-02  3.1250e-02  5.1723e-02  5.1478e-02  +2.4582e-04  +8.2521e-03  +4.0936e-02  -3.2684e-02        1    +1.0907e-03  8.1430e-03  4.0827e-02  -3.2684e-02  1.0000e-01  
    243    5.1723e-02  1.5625e-02  2.7312e-02  3.9662e-02  -1.2350e-02  +8.0695e-03  +3.9701e-02  -3.1632e-02        1    +3.9669e-04  8.0298e-03  3.9662e-02  -3.1632e-02  1.0000e-01  
    244    2.7312e-02  3.1250e-02  5.6033e-02  5.5775e-02  +2.5757e-04  +7.9211e-03  +4.0662e-02  -3.2741e-02        1    +1.2570e-03  7.7954e-03  4.0537e-02  -3.2741e-02  1.0000e-01  
    245    5.6033e-02  1.5625e-02  2.9581e-02  3.9292e-02  -9.7118e-03  +7.7342e-03  +3.9337e-02  -3.1603e-02        1    +4.4253e-04  7.6899e-03  3.9292e-02  -3.1603e-02  1.0000e-01  
    246    2.9581e-02  3.1250e-02  6.0706e-02  6.0435e-02  +2.7034e-04  +7.6143e-03  +4.0419e-02  -3.2805e-02        1    +1.4525e-03  7.4690e-03  4.0274e-02  -3.2805e-02  1.0000e-01  
    247    6.0706e-02  1.5625e-02  3.2039e-02  3.8943e-02  -6.9045e-03  +7.4211e-03  +3.8993e-02  -3.1572e-02        1    +4.9643e-04  7.3714e-03  3.8943e-02  -3.1572e-02  1.0000e-01  
    248    3.2039e-02  3.1250e-02  6.5765e-02  6.5481e-02  +2.8421e-04  +7.3321e-03  +4.0206e-02  -3.2874e-02        1    +1.6820e-03  7.1639e-03  4.0038e-02  -3.2874e-02  1.0000e-01  
    249    6.5765e-02  1.5625e-02  3.4696e-02  3.8614e-02  -3.9180e-03  +7.1303e-03  +3.8670e-02  -3.1539e-02        1    +5.5964e-04  7.0743e-03  3.8614e-02  -3.1539e-02  1.0000e-01  
    250    3.4696e-02  3.1250e-02  7.1232e-02  7.0932e-02  +2.9925e-04  +7.0751e-03  +4.0025e-02  -3.2950e-02        1    +1.9506e-03  6.8801e-03  3.9830e-02  -3.2950e-02  1.0000e-01  
    251    7.1232e-02  1.5625e-02  3.7562e-02  3.8304e-02  -7.4229e-04  +6.8620e-03  +3.8368e-02  -3.1506e-02        1    +6.3356e-04  6.7987e-03  3.8304e-02  -3.1506e-02  1.0000e-01  
    252    3.7562e-02  3.1250e-02  7.7125e-02  7.6809e-02  +3.1555e-04  +6.8441e-03  +3.9877e-02  -3.3033e-02        1    +2.2642e-03  6.6177e-03  3.9651e-02  -3.3033e-02  1.0000e-01  
    253    7.7125e-02  1.5625e-02  4.0647e-02  4.0651e-02  -4.4920e-06  +6.6167e-03  +3.8087e-02  -3.1470e-02        1    +7.1975e-04  6.5448e-03  3.8015e-02  -3.1470e-02  1.0000e-01  
    254    4.0647e-02  1.5625e-02  2.1429e-02  3.8749e-02  -1.7320e-02  +6.4809e-03  +3.8778e-02  -3.2297e-02        1    +2.9240e-04  6.4517e-03  3.8749e-02  -3.2297e-02  1.0000e-01  
    255    2.1429e-02  3.1250e-02  4.4176e-02  4.4172e-02  +4.2790e-06  +6.3423e-03  +3.7765e-02  -3.1423e-02        1    +8.2708e-04  6.2596e-03  3.7683e-02  -3.1423e-02  1.0000e-01  
    256    4.4176e-02  1.5625e-02  2.3319e-02  3.8494e-02  -1.5175e-02  +6.2048e-03  +3.8527e-02  -3.2322e-02        1    +3.2229e-04  6.1726e-03  3.8494e-02  -3.2322e-02  1.0000e-01  
    257    2.3319e-02  3.1250e-02  4.8053e-02  4.8039e-02  +1.3942e-05  +6.0865e-03  +3.7457e-02  -3.1371e-02        1    +9.5503e-04  5.9910e-03  3.7362e-02  -3.1371e-02  1.0000e-01  
    258    4.8053e-02  1.5625e-02  2.5382e-02  3.8259e-02  -1.2877e-02  +5.9460e-03  +3.8295e-02  -3.2349e-02        1    +3.5800e-04  5.9102e-03  3.8259e-02  -3.2349e-02  1.0000e-01  
    259    2.5382e-02  3.1250e-02  5.2296e-02  5.2271e-02  +2.4515e-05  +5.8496e-03  +3.7164e-02  -3.1314e-02        1    +1.1074e-03  5.7389e-03  3.7053e-02  -3.1314e-02  1.0000e-01  
    260    5.2296e-02  1.5625e-02  2.7637e-02  3.8043e-02  -1.0407e-02  +5.7045e-03  +3.8083e-02  -3.2379e-02        1    +4.0061e-04  5.6644e-03  3.8043e-02  -3.2379e-02  1.0000e-01  
    261    2.7637e-02  3.1250e-02  5.6933e-02  5.6897e-02  +3.6060e-05  +5.6321e-03  +3.6885e-02  -3.1253e-02        1    +1.2888e-03  5.5032e-03  3.6757e-02  -3.1253e-02  1.0000e-01  
    262    5.6933e-02  1.5625e-02  3.0100e-02  3.7848e-02  -7.7477e-03  +5.4804e-03  +3.7893e-02  -3.2413e-02        1    +4.5140e-04  5.4352e-03  3.7848e-02  -3.2413e-02  1.0000e-01  
    263    3.0100e-02  3.1250e-02  6.1997e-02  6.1949e-02  +4.8648e-05  +5.4345e-03  +3.6622e-02  -3.1188e-02        1    +1.5046e-03  5.2841e-03  3.6472e-02  -3.1188e-02  1.0000e-01  
    264    6.1997e-02  1.5625e-02  3.2790e-02  3.7673e-02  -4.8835e-03  +5.2741e-03  +3.7725e-02  -3.2451e-02        1    +5.1188e-04  5.2229e-03  3.7673e-02  -3.2451e-02  1.0000e-01  
    265    3.2790e-02  3.1250e-02  6.7524e-02  6.7461e-02  +6.2354e-05  +5.2580e-03  +3.6375e-02  -3.1117e-02        1    +1.7611e-03  5.0818e-03  3.6199e-02  -3.1117e-02  1.0000e-01  
    266    6.7524e-02  1.5625e-02  3.5724e-02  3.7520e-02  -1.7966e-03  +5.0863e-03  +3.7579e-02  -3.2492e-02        1    +5.8382e-04  5.0279e-03  3.7520e-02  -3.2492e-02  1.0000e-01  
    267    3.5724e-02  1.5625e-02  1.8895e-02  3.6723e-02  -1.7828e-02  +4.9812e-03  +3.6748e-02  -3.1767e-02        1    +2.5282e-04  4.9559e-03  3.6723e-02  -3.1767e-02  1.0000e-01  
    268    1.8895e-02  3.1250e-02  3.8756e-02  3.8544e-02  +2.1154e-04  +4.8754e-03  +3.7407e-02  -3.2532e-02        1    +6.6432e-04  4.8090e-03  3.7341e-02  -3.2532e-02  1.0000e-01  
    269    3.8756e-02  1.5625e-02  2.0486e-02  3.6486e-02  -1.6000e-02  +4.7691e-03  +3.6514e-02  -3.1745e-02        1    +2.7498e-04  4.7416e-03  3.6486e-02  -3.1745e-02  1.0000e-01  
    270    2.0486e-02  3.1250e-02  4.2045e-02  4.1825e-02  +2.2041e-04  +4.6786e-03  +3.7252e-02  -3.2574e-02        1    +7.5941e-04  4.6027e-03  3.7176e-02  -3.2574e-02  1.0000e-01  
    271    4.2045e-02  1.5625e-02  2.2221e-02  3.6260e-02  -1.4039e-02  +4.5700e-03  +3.6290e-02  -3.1720e-02        1    +3.0121e-04  4.5399e-03  3.6260e-02  -3.1720e-02  1.0000e-01  
    272    2.2221e-02  3.1250e-02  4.5619e-02  4.5389e-02  +2.3007e-04  +4.4961e-03  +3.7116e-02  -3.2620e-02        1    +8.7161e-04  4.4089e-03  3.7029e-02  -3.2620e-02  1.0000e-01  
    273    4.5619e-02  1.5625e-02  2.4105e-02  3.6045e-02  -1.1940e-02  +4.3840e-03  +3.6078e-02  -3.1694e-02        1    +3.3217e-04  4.3508e-03  3.6045e-02  -3.1694e-02  1.0000e-01  
    274    2.4105e-02  3.1250e-02  4.9499e-02  4.9258e-02  +2.4057e-04  +4.3280e-03  +3.6999e-02  -3.2671e-02        1    +1.0038e-03  4.2276e-03  3.6899e-02  -3.2671e-02  1.0000e-01  
    275    4.9499e-02  1.5625e-02  2.6149e-02  3.5841e-02  -9.6929e-03  +4.2110e-03  +3.5878e-02  -3.1667e-02        1    +3.6867e-04  4.1742e-03  3.5841e-02  -3.1667e-02  1.0000e-01  
    276    2.6149e-02  3.1250e-02  5.3705e-02  5.3453e-02  +2.5199e-04  +4.1748e-03  +3.6902e-02  -3.2727e-02        1    +1.1594e-03  4.0588e-03  3.6786e-02  -3.2727e-02  1.0000e-01  
    277    5.3705e-02  1.5625e-02  2.8362e-02  3.5649e-02  -7.2866e-03  +4.0514e-03  +3.5690e-02  -3.1638e-02        1    +4.1163e-04  4.0102e-03  3.5649e-02  -3.1638e-02  1.0000e-01  
    278    2.8362e-02  3.1250e-02  5.8260e-02  5.7996e-02  +2.6440e-04  +4.0369e-03  +3.6825e-02  -3.2788e-02        1    +1.3423e-03  3.9027e-03  3.6691e-02  -3.2788e-02  1.0000e-01  
    279    5.8260e-02  1.5625e-02  3.0756e-02  3.5467e-02  -4.7104e-03  +3.9052e-03  +3.5513e-02  -3.1608e-02        1    +4.6210e-04  3.8590e-03  3.5467e-02  -3.1608e-02  1.0000e-01  
    280    3.0756e-02  1.5625e-02  1.6227e-02  3.6036e-02  -1.9809e-02  +3.8257e-03  +3.6057e-02  -3.2232e-02        1    +2.1764e-04  3.8039e-03  3.6036e-02  -3.2232e-02  1.0000e-01  
    281    1.6227e-02  3.1250e-02  3.3468e-02  3.5261e-02  -1.7928e-03  +3.7429e-03  +3.5313e-02  -3.1570e-02        1    +5.2438e-04  3.6904e-03  3.5261e-02  -3.1570e-02  1.0000e-01  
    282    3.3468e-02  1.5625e-02  1.7675e-02  3.5888e-02  -1.8212e-02  +3.6624e-03  +3.5911e-02  -3.2249e-02        1    +2.3493e-04  3.6389e-03  3.5888e-02  -3.2249e-02  1.0000e-01  
    283    1.7675e-02  3.1250e-02  3.6443e-02  3.6458e-02  -1.5556e-05  +3.5914e-03  +3.5120e-02  -3.1528e-02        1    +5.9868e-04  3.5316e-03  3.5060e-02  -3.1528e-02  1.0000e-01  
    284    3.6443e-02  1.5625e-02  1.9257e-02  3.5751e-02  -1.6494e-02  +3.5092e-03  +3.5777e-02  -3.2268e-02        1    +2.5561e-04  3.4837e-03  3.5751e-02  -3.2268e-02  1.0000e-01  
    285    1.9257e-02  3.1250e-02  3.9699e-02  3.9706e-02  -7.3367e-06  +3.4511e-03  +3.4935e-02  -3.1483e-02        1    +6.8730e-04  3.3824e-03  3.4866e-02  -3.1483e-02  1.0000e-01  
    286    3.9699e-02  1.5625e-02  2.0987e-02  3.5627e-02  -1.4640e-02  +3.3662e-03  +3.5655e-02  -3.2289e-02        1    +2.8034e-04  3.3382e-03  3.5627e-02  -3.2289e-02  1.0000e-01  
    287    2.0987e-02  3.1250e-02  4.3260e-02  4.3258e-02  +1.6447e-06  +3.3221e-03  +3.4757e-02  -3.1435e-02        1    +7.9298e-04  3.2428e-03  3.4678e-02  -3.1435e-02  1.0000e-01  
    288    4.3260e-02  1.5625e-02  2.2879e-02  3.5516e-02  -1.2636e-02  +3.2334e-03  +3.5546e-02  -3.2313e-02        1    +3.0988e-04  3.2024e-03  3.5516e-02  -3.2313e-02  1.0000e-01  
    289    2.2879e-02  3.1250e-02  4.7154e-02  4.7142e-02  +1.1451e-05  +3.2049e-03  +3.4587e-02  -3.1383e-02        1    +9.1900e-04  3.1130e-03  3.4496e-02  -3.1383e-02  1.0000e-01  
    290    4.7154e-02  1.5625e-02  2.4948e-02  3.5417e-02  -1.0468e-02  +3.1111e-03  +3.5451e-02  -3.2340e-02        1    +3.4517e-04  3.0766e-03  3.5417e-02  -3.2340e-02  1.0000e-01  
    291    2.4948e-02  3.1250e-02  5.1410e-02  5.1388e-02  +2.2149e-05  +3.1001e-03  +3.4426e-02  -3.1326e-02        1    +1.0692e-03  2.9931e-03  3.4319e-02  -3.1326e-02  1.0000e-01  
    292    5.1410e-02  1.5625e-02  2.7210e-02  3.5331e-02  -8.1209e-03  +2.9996e-03  +3.5369e-02  -3.2370e-02        1    +3.8729e-04  2.9609e-03  3.5331e-02  -3.2370e-02  1.0000e-01  
    293    2.7210e-02  1.5625e-02  1.4416e-02  3.4736e-02  -2.0320e-02  +2.9380e-03  +3.4755e-02  -3.1817e-02        1    +1.9543e-04  2.9184e-03  3.4736e-02  -3.1817e-02  1.0000e-01  
    294    1.4416e-02  3.1250e-02  2.9583e-02  3.5231e-02  -5.6481e-03  +2.8753e-03  +3.5274e-02  -3.2399e-02        1    +4.3529e-04  2.8318e-03  3.5231e-02  -3.2399e-02  1.0000e-01  
    295    2.9583e-02  1.5625e-02  1.5665e-02  3.4590e-02  -1.8926e-02  +2.8129e-03  +3.4611e-02  -3.1798e-02        1    +2.0863e-04  2.7921e-03  3.4590e-02  -3.1798e-02  1.0000e-01  
    296    1.5665e-02  3.1250e-02  3.2163e-02  3.5141e-02  -2.9774e-03  +2.7594e-03  +3.5190e-02  -3.2430e-02        1    +4.9222e-04  2.7102e-03  3.5141e-02  -3.2430e-02  1.0000e-01  
    297    3.2163e-02  1.5625e-02  1.7028e-02  3.4451e-02  -1.7422e-02  +2.6956e-03  +3.4473e-02  -3.1778e-02        1    +2.2432e-04  2.6731e-03  3.4451e-02  -3.1778e-02  1.0000e-01  
    298    1.7028e-02  3.1250e-02  3.4973e-02  3.5061e-02  -8.8133e-05  +2.6520e-03  +3.5117e-02  -3.2465e-02        1    +5.5969e-04  2.5960e-03  3.5061e-02  -3.2465e-02  1.0000e-01  
    299    3.4973e-02  1.5625e-02  1.8513e-02  3.4318e-02  -1.5804e-02  +2.5860e-03  +3.4342e-02  -3.1756e-02        1    +2.4295e-04  2.5617e-03  3.4318e-02  -3.1756e-02  1.0000e-01  
    300    1.8513e-02  3.1250e-02  3.8031e-02  3.7821e-02  +2.0993e-04  +2.5531e-03  +3.5057e-02  -3.2504e-02        1    +6.3960e-04  2.4892e-03  3.4993e-02  -3.2504e-02  1.0000e-01  
    301    3.8031e-02  1.5625e-02  2.0128e-02  3.4190e-02  -1.4062e-02  +2.4841e-03  +3.4217e-02  -3.1733e-02        1    +2.6505e-04  2.4576e-03  3.4190e-02  -3.1733e-02  1.0000e-01  
    302    2.0128e-02  3.1250e-02  4.1358e-02  4.1139e-02  +2.1887e-04  +2.4632e-03  +3.5009e-02  -3.2546e-02        1    +7.3416e-04  2.3897e-03  3.4936e-02  -3.2546e-02  1.0000e-01  
    303    4.1358e-02  1.5625e-02  2.1884e-02  3.4069e-02  -1.2185e-02  +2.3902e-03  +3.4098e-02  -3.1708e-02        1    +2.9122e-04  2.3611e-03  3.4069e-02  -3.1708e-02  1.0000e-01  
    304    2.1884e-02  3.1250e-02  4.4974e-02  4.4745e-02  +2.2862e-04  +2.3824e-03  +3.4975e-02  -3.2593e-02        1    +8.4599e-04  2.2978e-03  3.4890e-02  -3.2593e-02  1.0000e-01  
    305    4.4974e-02  1.5625e-02  2.3791e-02  3.3954e-02  -1.0163e-02  +2.3044e-03  +3.3986e-02  -3.1682e-02        1    +3.2219e-04  2.2722e-03  3.3954e-02  -3.1682e-02  1.0000e-01  
    306    2.3791e-02  1.5625e-02  1.2562e-02  3.4403e-02  -2.1841e-02  +2.2574e-03  +3.4420e-02  -3.2163e-02        1    +1.7612e-04  2.2398e-03  3.4403e-02  -3.2163e-02  1.0000e-01  
    307    1.2562e-02  3.1250e-02  2.5935e-02  3.3824e-02  -7.8885e-03  +2.2090e-03  +3.3860e-02  -3.1651e-02        1    +3.6022e-04  2.1729e-03  3.3824e-02  -3.1651e-02  1.0000e-01  
    308    2.5935e-02  1.5625e-02  1.3706e-02  3.4318e-02  -2.0612e-02  +2.1613e-03  +3.4337e-02  -3.2175e-02        1    +1.8664e-04  2.1427e-03  3.4318e-02  -3.2175e-02  1.0000e-01  
    309    1.3706e-02  3.1250e-02  2.8289e-02  3.3696e-02  -5.4075e-03  +2.1200e-03  +3.3737e-02  -3.1617e-02        1    +4.0571e-04  2.0795e-03  3.3696e-02  -3.1617e-02  1.0000e-01  
    310    2.8289e-02  1.5625e-02  1.4958e-02  3.4240e-02  -1.9283e-02  +2.0712e-03  +3.4260e-02  -3.2189e-02        1    +1.9927e-04  2.0513e-03  3.4240e-02  -3.2189e-02  1.0000e-01  
    311    1.4958e-02  3.1250e-02  3.0867e-02  3.3571e-02  -2.7048e-03  +2.0377e-03  +3.3617e-02  -3.1580e-02        1    +4.6014e-04  1.9917e-03  3.3571e-02  -3.1580e-02  1.0000e-01  
    312    3.0867e-02  1.5625e-02  1.6328e-02  3.4170e-02  -1.7842e-02  +1.9872e-03  +3.4192e-02  -3.2204e-02        1    +2.1442e-04  1.9658e-03  3.4170e-02  -3.2204e-02  1.0000e-01  
    313    1.6328e-02  3.1250e-02  3.3690e-02  3.3713e-02  -2.2585e-05  +1.9622e-03  +3.3502e-02  -3.1540e-02        1    +5.2525e-04  1.9097e-03  3.3450e-02  -3.1540e-02  1.0000e-01  
    314    3.3690e-02  1.5625e-02  1.7829e-02  3.4108e-02  -1.6279e-02  +1.9093e-03  +3.4131e-02  -3.2222e-02        1    +2.3260e-04  1.8860e-03  3.4108e-02  -3.2222e-02  1.0000e-01  
    315    1.7829e-02  3.1250e-02  3.6782e-02  3.6797e-02  -1.4724e-05  +1.8938e-03  +3.3391e-02  -3.1497e-02        1    +6.0315e-04  1.8335e-03  3.3330e-02  -3.1497e-02  1.0000e-01  
    316    3.6782e-02  1.5625e-02  1.9473e-02  3.4054e-02  -1.4581e-02  +1.8376e-03  +3.4079e-02  -3.2242e-02        1    +2.5440e-04  1.8122e-03  3.4054e-02  -3.2242e-02  1.0000e-01  
    317    1.9473e-02  3.1250e-02  4.0169e-02  4.0175e-02  -6.1313e-06  +1.8328e-03  +3.3283e-02  -3.1450e-02        1    +6.9636e-04  1.7632e-03  3.3213e-02  -3.1450e-02  1.0000e-01  
    318    4.0169e-02  1.5625e-02  2.1274e-02  3.4008e-02  -1.2734e-02  +1.7724e-03  +3.4036e-02  -3.2264e-02        1    +2.8052e-04  1.7444e-03  3.4008e-02  -3.2264e-02  1.0000e-01  
    319    2.1274e-02  1.5625e-02  1.1295e-02  3.3551e-02  -2.2256e-02  +1.7357e-03  +3.3568e-02  -3.1832e-02        1    +1.6331e-04  1.7194e-03  3.3551e-02  -3.1832e-02  1.0000e-01  
    320    1.1295e-02  3.1250e-02  2.3185e-02  3.3955e-02  -1.0770e-02  +1.6996e-03  +3.3986e-02  -3.2286e-02        1    +3.1073e-04  1.6685e-03  3.3955e-02  -3.2286e-02  1.0000e-01  
    321    2.3185e-02  1.5625e-02  1.2304e-02  3.3461e-02  -2.1157e-02  +1.6623e-03  +3.3478e-02  -3.1815e-02        1    +1.7160e-04  1.6451e-03  3.3461e-02  -3.1815e-02  1.0000e-01  
    322    1.2304e-02  3.1250e-02  2.5268e-02  3.3907e-02  -8.6399e-03  +1.6317e-03  +3.3942e-02  -3.2310e-02        1    +3.4673e-04  1.5971e-03  3.3907e-02  -3.2310e-02  1.0000e-01  
    323    2.5268e-02  1.5625e-02  1.3407e-02  3.3373e-02  -1.9966e-02  +1.5935e-03  +3.3391e-02  -3.1798e-02        1    +1.8151e-04  1.5753e-03  3.3373e-02  -3.1798e-02  1.0000e-01  
    324    1.3407e-02  3.1250e-02  2.7541e-02  3.3867e-02  -6.3262e-03  +1.5690e-03  +3.3906e-02  -3.2337e-02        1    +3.8960e-04  1.5300e-03  3.3867e-02  -3.2337e-02  1.0000e-01  
    325    2.7541e-02  1.5625e-02  1.4610e-02  3.3289e-02  -1.8678e-02  +1.5293e-03  +3.3308e-02  -3.1779e-02        1    +1.9334e-04  1.5100e-03  3.3289e-02  -3.1779e-02  1.0000e-01  
    326    1.4610e-02  3.1250e-02  3.0022e-02  3.3835e-02  -3.8125e-03  +1.5115e-03  +3.3879e-02  -3.2367e-02        1    +4.4066e-04  1.4675e-03  3.3835e-02  -3.2367e-02  1.0000e-01  
    327    3.0022e-02  1.5625e-02  1.5924e-02  3.3208e-02  -1.7284e-02  +1.4698e-03  +3.3229e-02  -3.1759e-02        1    +2.0746e-04  1.4491e-03  3.3208e-02  -3.1759e-02  1.0000e-01  
    328    1.5924e-02  3.1250e-02  3.2729e-02  3.3810e-02  -1.0810e-03  +1.4595e-03  +3.3860e-02  -3.2400e-02        1    +5.0141e-04  1.4093e-03  3.3810e-02  -3.2400e-02  1.0000e-01  
    329    3.2729e-02  1.5625e-02  1.7356e-02  3.3130e-02  -1.5775e-02  +1.4152e-03  +3.3153e-02  -3.1737e-02        1    +2.2430e-04  1.3927e-03  3.3130e-02  -3.1737e-02  1.0000e-01  
    330    1.7356e-02  3.1250e-02  3.5680e-02  3.5476e-02  +2.0371e-04  +1.4131e-03  +3.3850e-02  -3.2437e-02        1    +5.7367e-04  1.3558e-03  3.3793e-02  -3.2437e-02  1.0000e-01  
    331    3.5680e-02  1.5625e-02  1.8916e-02  3.3056e-02  -1.4139e-02  +1.3654e-03  +3.3080e-02  -3.1715e-02        1    +2.4435e-04  1.3410e-03  3.3056e-02  -3.1715e-02  1.0000e-01  
    332    1.8916e-02  1.5625e-02  9.9944e-03  3.3418e-02  -2.3424e-02  +1.3372e-03  +3.3433e-02  -3.2096e-02        1    +1.5216e-04  1.3220e-03  3.3418e-02  -3.2096e-02  1.0000e-01  
    333    9.9944e-03  3.1250e-02  2.0664e-02  3.2971e-02  -1.2307e-02  +1.3095e-03  +3.2998e-02  -3.1688e-02        1    +2.6893e-04  1.2826e-03  3.2971e-02  -3.1688e-02  1.0000e-01  
    334    2.0664e-02  1.5625e-02  1.0927e-02  3.3370e-02  -2.2443e-02  +1.2808e-03  +3.3386e-02  -3.2105e-02        1    +1.5893e-04  1.2649e-03  3.3370e-02  -3.2105e-02  1.0000e-01  
    335    1.0927e-02  3.1250e-02  2.2584e-02  3.2887e-02  -1.0303e-02  +1.2576e-03  +3.2917e-02  -3.1659e-02        1    +2.9846e-04  1.2277e-03  3.2887e-02  -3.1659e-02  1.0000e-01  
    336    2.2584e-02  1.5625e-02  1.1948e-02  3.3326e-02  -2.1378e-02  +1.2280e-03  +3.3343e-02  -3.2115e-02        1    +1.6709e-04  1.2113e-03  3.3326e-02  -3.2115e-02  1.0000e-01  
    337    1.1948e-02  3.1250e-02  2.4690e-02  3.2804e-02  -8.1147e-03  +1.2096e-03  +3.2838e-02  -3.1628e-02        1    +3.3391e-04  1.1763e-03  3.2804e-02  -3.1628e-02  1.0000e-01  
    338    2.4690e-02  1.5625e-02  1.3069e-02  3.3288e-02  -2.0219e-02  +1.1789e-03  +3.3306e-02  -3.2127e-02        1    +1.7694e-04  1.1612e-03  3.3288e-02  -3.2127e-02  1.0000e-01  
    339    1.3069e-02  3.1250e-02  2.7000e-02  3.2723e-02  -5.7227e-03  +1.1659e-03  +3.2760e-02  -3.1595e-02        1    +3.7649e-04  1.1283e-03  3.2723e-02  -3.1595e-02  1.0000e-01  
    340    2.7000e-02  1.5625e-02  1.4298e-02  3.3254e-02  -1.8957e-02  +1.1334e-03  +3.3273e-02  -3.2140e-02        1    +1.8880e-04  1.1146e-03  3.3254e-02  -3.2140e-02  1.0000e-01  
    341    1.4298e-02  3.1250e-02  2.9535e-02  3.2642e-02  -3.1072e-03  +1.1265e-03  +3.2685e-02  -3.1558e-02        1    +4.2763e-04  1.0838e-03  3.2642e-02  -3.1558e-02  1.0000e-01  
    342    2.9535e-02  1.5625e-02  1.5647e-02  3.3226e-02  -1.7580e-02  +1.0918e-03  +3.3247e-02  -3.2155e-02        1    +2.0310e-04  1.0715e-03  3.3226e-02  -3.2155e-02  1.0000e-01  
    343    1.5647e-02  3.1250e-02  3.2316e-02  3.2562e-02  -2.4579e-04  +1.0918e-03  +3.2611e-02  -3.1519e-02        1    +4.8908e-04  1.0429e-03  3.2562e-02  -3.1519e-02  1.0000e-01  
    344    3.2316e-02  1.5625e-02  1.7127e-02  3.3204e-02  -1.6077e-02  +1.0542e-03  +3.3226e-02  -3.2172e-02        1    +2.2031e-04  1.0322e-03  3.3204e-02  -3.2172e-02  1.0000e-01  
    345    1.7127e-02  1.5625e-02  9.1160e-03  3.2842e-02  -2.3726e-02  +1.0320e-03  +3.2856e-02  -3.1824e-02        1    +1.4437e-04  1.0175e-03  3.2842e-02  -3.1824e-02  1.0000e-01  
    346    9.1160e-03  3.1250e-02  1.8711e-02  3.3177e-02  -1.4466e-02  +1.0116e-03  +3.3201e-02  -3.2189e-02        1    +2.4045e-04  9.8759e-04  3.3177e-02  -3.2189e-02  1.0000e-01  
    347    1.8711e-02  1.5625e-02  9.9540e-03  3.2783e-02  -2.2829e-02  +9.8889e-04  +3.2798e-02  -3.1810e-02        1    +1.4987e-04  9.7390e-04  3.2783e-02  -3.1810e-02  1.0000e-01  
    348    9.9540e-03  3.1250e-02  2.0442e-02  3.3154e-02  -1.2713e-02  +9.7210e-04  +3.3181e-02  -3.2209e-02        1    +2.6457e-04  9.4564e-04  3.3154e-02  -3.2209e-02  1.0000e-01  
    349    2.0442e-02  1.5625e-02  1.0872e-02  3.2727e-02  -2.1855e-02  +9.4861e-04  +3.2742e-02  -3.1794e-02        1    +1.5649e-04  9.3296e-04  3.2727e-02  -3.1794e-02  1.0000e-01  
    350    1.0872e-02  3.1250e-02  2.2336e-02  3.3137e-02  -1.0801e-02  +9.3573e-04  +3.3166e-02  -3.2230e-02        1    +2.9345e-04  9.0639e-04  3.3137e-02  -3.2230e-02  1.0000e-01  
    351    2.2336e-02  1.5625e-02  1.1877e-02  3.2672e-02  -2.0795e-02  +9.1116e-04  +3.2688e-02  -3.1777e-02        1    +1.6445e-04  8.9472e-04  3.2672e-02  -3.1777e-02  1.0000e-01  
    352    1.1877e-02  3.1250e-02  2.4408e-02  3.3124e-02  -8.7164e-03  +9.0264e-04  +3.3157e-02  -3.2254e-02        1    +3.2802e-04  8.6984e-04  3.3124e-02  -3.2254e-02  1.0000e-01  
    353    2.4408e-02  1.5625e-02  1.2976e-02  3.2619e-02  -1.9643e-02  +8.7662e-04  +3.2636e-02  -3.1759e-02        1    +1.7400e-04  8.5922e-04  3.2619e-02  -3.1759e-02  1.0000e-01  
    354    1.2976e-02  3.1250e-02  2.6674e-02  3.3117e-02  -6.4430e-03  +8.7297e-04  +3.3154e-02  -3.2281e-02        1    +3.6938e-04  8.3603e-04  3.3117e-02  -3.2281e-02  1.0000e-01  
    355    2.6674e-02  1.5625e-02  1.4178e-02  3.2567e-02  -1.8390e-02  +8.4507e-04  +3.2586e-02  -3.1741e-02        1    +1.8546e-04  8.2653e-04  3.2567e-02  -3.1741e-02  1.0000e-01  
    356    1.4178e-02  1.5625e-02  7.4899e-03  3.2840e-02  -2.5351e-02  +8.2808e-04  +3.2854e-02  -3.2026e-02        1    +1.3376e-04  8.1470e-04  3.2840e-02  -3.2026e-02  1.0000e-01  
    357    7.4899e-03  3.1250e-02  1.5518e-02  3.2510e-02  -1.6992e-02  +8.1026e-04  +3.2530e-02  -3.1719e-02        1    +1.9951e-04  7.9031e-04  3.2510e-02  -3.1719e-02  1.0000e-01  
    358    1.5518e-02  1.5625e-02  8.2048e-03  3.2811e-02  -2.4606e-02  +7.9302e-04  +3.2824e-02  -3.2031e-02        1    +1.3757e-04  7.7926e-04  3.2811e-02  -3.2031e-02  1.0000e-01  
    359    8.2048e-03  3.1250e-02  1.6992e-02  3.2452e-02  -1.5461e-02  +7.7785e-04  +3.2474e-02  -3.1696e-02        1    +2.1646e-04  7.5620e-04  3.2452e-02  -3.1696e-02  1.0000e-01  
    360    1.6992e-02  1.5625e-02  8.9894e-03  3.2784e-02  -2.3795e-02  +7.6016e-04  +3.2798e-02  -3.2038e-02        1    +1.4221e-04  7.4594e-04  3.2784e-02  -3.2038e-02  1.0000e-01  
    361    8.9894e-03  3.1250e-02  1.8611e-02  3.2395e-02  -1.3784e-02  +7.4788e-04  +3.2419e-02  -3.1671e-02        1    +2.3689e-04  7.2419e-04  3.2395e-02  -3.1671e-02  1.0000e-01  
    362    1.8611e-02  1.5625e-02  9.8515e-03  3.2761e-02  -2.2909e-02  +7.2951e-04  +3.2776e-02  -3.2046e-02        1    +1.4784e-04  7.1473e-04  3.2761e-02  -3.2046e-02  1.0000e-01  
    363    9.8515e-03  3.1250e-02  2.0390e-02  3.2339e-02  -1.1948e-02  +7.2043e-04  +3.2365e-02  -3.1644e-02        1    +2.6154e-04  6.9428e-04  3.2339e-02  -3.1644e-02  1.0000e-01  
    364    2.0390e-02  1.5625e-02  1.0799e-02  3.2741e-02  -2.1942e-02  +7.0112e-04  +3.2756e-02  -3.2055e-02        1    +1.5466e-04  6.8565e-04  3.2741e-02  -3.2055e-02  1.0000e-01  
    365    1.0799e-02  3.1250e-02  2.2346e-02  3.2282e-02  -9.9359e-03  +6.9562e-04  +3.2311e-02  -3.1615e-02        1    +2.9127e-04  6.6649e-04  3.2282e-02  -3.1615e-02  1.0000e-01  
    366    2.2346e-02  1.5625e-02  1.1841e-02  3.2724e-02  -2.0884e-02  +6.7504e-04  +3.2741e-02  -3.2066e-02        1    +1.6293e-04  6.5875e-04  3.2724e-02  -3.2066e-02  1.0000e-01  
    367    1.1841e-02  3.1250e-02  2.4495e-02  3.2224e-02  -7.7293e-03  +6.7361e-04  +3.2257e-02  -3.1584e-02        1    +3.2714e-04  6.4090e-04  3.2224e-02  -3.1584e-02  1.0000e-01  
    368    2.4495e-02  1.5625e-02  1.2986e-02  3.2712e-02  -1.9726e-02  +6.5137e-04  +3.2729e-02  -3.2077e-02        1    +1.7294e-04  6.3408e-04  3.2712e-02  -3.2077e-02  1.0000e-01  
    369    1.2986e-02  1.5625e-02  6.9336e-03  3.2438e-02  -2.5505e-02  +6.3793e-04  +3.2451e-02  -3.1813e-02        1    +1.2926e-04  6.2500e-04  3.2438e-02  -3.1813e-02  1.0000e-01  
    370    6.9336e-03  3.1250e-02  1.4221e-02  3.2697e-02  -1.8476e-02  +6.2502e-04  +3.2715e-02  -3.2090e-02        1    +1.8479e-04  6.0654e-04  3.2697e-02  -3.2090e-02  1.0000e-01  
    371    1.4221e-02  1.5625e-02  7.5887e-03  3.2399e-02  -2.4810e-02  +6.1130e-04  +3.2412e-02  -3.1801e-02        1    +1.3245e-04  5.9805e-04  3.2399e-02  -3.1801e-02  1.0000e-01  
    372    7.5887e-03  3.1250e-02  1.5574e-02  3.2685e-02  -1.7111e-02  +6.0054e-04  +3.2705e-02  -3.2104e-02        1    +1.9907e-04  5.8063e-04  3.2685e-02  -3.2104e-02  1.0000e-01  
    373    1.5574e-02  1.5625e-02  8.3081e-03  3.2361e-02  -2.4053e-02  +5.8639e-04  +3.2374e-02  -3.1788e-02        1    +1.3633e-04  5.7276e-04  3.2361e-02  -3.1788e-02  1.0000e-01  
    374    8.3081e-03  3.1250e-02  1.7059e-02  3.2677e-02  -1.5618e-02  +5.7800e-04  +3.2698e-02  -3.2120e-02        1    +2.1627e-04  5.5637e-04  3.2677e-02  -3.2120e-02  1.0000e-01  
    375    1.7059e-02  1.5625e-02  9.0971e-03  3.2323e-02  -2.3226e-02  +5.6322e-04  +3.2337e-02  -3.1774e-02        1    +1.4103e-04  5.4912e-04  3.2323e-02  -3.1774e-02  1.0000e-01  
    376    9.0971e-03  3.1250e-02  1.8687e-02  3.2672e-02  -1.3985e-02  +5.5746e-04  +3.2696e-02  -3.2138e-02        1    +2.3697e-04  5.3376e-04  3.2672e-02  -3.2138e-02  1.0000e-01  
    377    1.8687e-02  1.5625e-02  9.9623e-03  3.2286e-02  -2.2324e-02  +5.4182e-04  +3.2301e-02  -3.1759e-02        1    +1.4672e-04  5.2715e-04  3.2286e-02  -3.1759e-02  1.0000e-01  
    378    9.9623e-03  3.1250e-02  2.0473e-02  3.2671e-02  -1.2198e-02  +5.3902e-04  +3.2697e-02  -3.2158e-02        1    +2.6189e-04  5.1283e-04  3.2671e-02  -3.2158e-02  1.0000e-01  
    379    2.0473e-02  1.5625e-02  1.0911e-02  3.2250e-02  -2.1339e-02  +5.2225e-04  +3.2265e-02  -3.1743e-02        1    +1.5359e-04  5.0689e-04  3.2250e-02  -3.1743e-02  1.0000e-01  
    380    1.0911e-02  1.5625e-02  5.7613e-03  3.2462e-02  -2.6700e-02  +5.1192e-04  +3.2474e-02  -3.1962e-02        1    +1.2302e-04  4.9961e-04  3.2462e-02  -3.1962e-02  1.0000e-01  
    381    5.7613e-03  3.1250e-02  1.1967e-02  3.2210e-02  -2.0243e-02  +5.0082e-04  +3.2226e-02  -3.1726e-02        1    +1.6204e-04  4.8462e-04  3.2210e-02  -3.1726e-02  1.0000e-01  
    382    1.1967e-02  1.5625e-02  6.3248e-03  3.2443e-02  -2.6119e-02  +4.9034e-04  +3.2456e-02  -3.1966e-02        1    +1.2527e-04  4.7782e-04  3.2443e-02  -3.1966e-02  1.0000e-01  
    383    6.3248e-03  3.1250e-02  1.3130e-02  3.2170e-02  -1.9040e-02  +4.8086e-04  +3.2187e-02  -3.1706e-02        1    +1.7228e-04  4.6363e-04  3.2170e-02  -3.1706e-02  1.0000e-01  
    384    1.3130e-02  1.5625e-02  6.9445e-03  3.2427e-02  -2.5483e-02  +4.7011e-04  +3.2440e-02  -3.1970e-02        1    +1.2802e-04  4.5731e-04  3.2427e-02  -3.1970e-02  1.0000e-01  
    385    6.9445e-03  3.1250e-02  1.4410e-02  3.2130e-02  -1.7720e-02  +4.6240e-04  +3.2148e-02  -3.1686e-02        1    +1.8469e-04  4.4393e-04  3.2130e-02  -3.1686e-02  1.0000e-01  
    386    1.4410e-02  1.5625e-02  7.6266e-03  3.2413e-02  -2.4787e-02  +4.5124e-04  +3.2427e-02  -3.1975e-02        1    +1.3139e-04  4.3810e-04  3.2413e-02  -3.1975e-02  1.0000e-01  
    387    7.6266e-03  3.1250e-02  1.5819e-02  3.2089e-02  -1.6270e-02  +4.4549e-04  +3.2109e-02  -3.1664e-02        1    +1.9974e-04  4.2552e-04  3.2089e-02  -3.1664e-02  1.0000e-01  
    388    1.5819e-02  1.5625e-02  8.3775e-03  3.2402e-02  -2.4024e-02  +4.3375e-04  +3.2415e-02  -3.1982e-02        1    +1.3551e-04  4.2020e-04  3.2402e-02  -3.1982e-02  1.0000e-01  
    389    8.3775e-03  3.1250e-02  1.7370e-02  3.2048e-02  -1.4678e-02  +4.3020e-04  +3.2070e-02  -3.1640e-02        1    +2.1797e-04  4.0841e-04  3.2048e-02  -3.1640e-02  1.0000e-01  
    390    1.7370e-02  1.5625e-02  9.2045e-03  3.2393e-02  -2.3188e-02  +4.1768e-04  +3.2407e-02  -3.1989e-02        1    +1.4054e-04  4.0363e-04  3.2393e-02  -3.1989e-02  1.0000e-01  
    391    9.2045e-03  3.1250e-02  1.9078e-02  3.2006e-02  -1.2928e-02  +4.1664e-04  +3.2030e-02  -3.1614e-02        1    +2.4007e-04  3.9264e-04  3.2006e-02  -3.1614e-02  1.0000e-01  
    392    1.9078e-02  1.5625e-02  1.0115e-02  3.2386e-02  -2.2271e-02  +4.0310e-04  +3.2401e-02  -3.1998e-02        1    +1.4667e-04  3.8843e-04  3.2386e-02  -3.1998e-02  1.0000e-01  
    393    1.0115e-02  1.5625e-02  5.4203e-03  3.2174e-02  -2.6754e-02  +3.9487e-04  +3.2186e-02  -3.1792e-02        1    +1.2014e-04  3.8285e-04  3.2174e-02  -3.1792e-02  1.0000e-01  
    394    5.4203e-03  3.1250e-02  1.1104e-02  3.2378e-02  -2.1275e-02  +3.8695e-04  +3.2394e-02  -3.2007e-02        1    +1.5401e-04  3.7155e-04  3.2378e-02  -3.2007e-02  1.0000e-01  
    395    1.1104e-02  1.5625e-02  5.9457e-03  3.2147e-02  -2.6202e-02  +3.7854e-04  +3.2159e-02  -3.1781e-02        1    +1.2207e-04  3.6634e-04  3.2147e-02  -3.1781e-02  1.0000e-01  
    396    5.9457e-03  3.1250e-02  1.2190e-02  3.2373e-02  -2.0183e-02  +3.7196e-04  +3.2389e-02  -3.2017e-02        1    +1.6290e-04  3.5567e-04  3.2373e-02  -3.2017e-02  1.0000e-01  
    397    1.2190e-02  1.5625e-02  6.5239e-03  3.2120e-02  -2.5596e-02  +3.6328e-04  +3.2133e-02  -3.1770e-02        1    +1.2444e-04  3.5084e-04  3.2120e-02  -3.1770e-02  1.0000e-01  
    398    6.5239e-03  3.1250e-02  1.3384e-02  3.2370e-02  -1.8986e-02  +3.5818e-04  +3.2388e-02  -3.2029e-02        1    +1.7368e-04  3.4081e-04  3.2370e-02  -3.2029e-02  1.0000e-01  
    399    1.3384e-02  1.5625e-02  7.1595e-03  3.2094e-02  -2.4934e-02  +3.4909e-04  +3.2107e-02  -3.1757e-02        1    +1.2735e-04  3.3636e-04  3.2094e-02  -3.1757e-02  1.0000e-01  
    400    7.1595e-03  3.1250e-02  1.4696e-02  3.2370e-02  -1.7674e-02  +3.4564e-04  +3.2389e-02  -3.2043e-02        1    +1.8673e-04  3.2697e-04  3.2370e-02  -3.2043e-02  1.0000e-01  
    401    1.4696e-02  1.5625e-02  7.8583e-03  3.2068e-02  -2.4209e-02  +3.3600e-04  +3.2081e-02  -3.1745e-02        1    +1.3090e-04  3.2291e-04  3.2068e-02  -3.1745e-02  1.0000e-01  
    402    7.8583e-03  3.1250e-02  1.6139e-02  3.2373e-02  -1.6233e-02  +3.3441e-04  +3.2393e-02  -3.2058e-02        1    +2.0252e-04  3.1416e-04  3.2373e-02  -3.2058e-02  1.0000e-01  
    403    1.6139e-02  1.5625e-02  8.6265e-03  3.2041e-02  -2.3415e-02  +3.2405e-04  +3.2055e-02  -3.1731e-02        1    +1.3522e-04  3.1053e-04  3.2041e-02  -3.1731e-02  1.0000e-01  
    404    8.6265e-03  1.5625e-02  4.5507e-03  3.2209e-02  -2.7659e-02  +3.1769e-04  +3.2221e-02  -3.1903e-02        1    +1.1614e-04  3.0608e-04  3.2209e-02  -3.1903e-02  1.0000e-01  
    405    4.5507e-03  3.1250e-02  9.4809e-03  3.2013e-02  -2.2532e-02  +3.1094e-04  +3.2027e-02  -3.1716e-02        1    +1.4056e-04  2.9688e-04  3.2013e-02  -3.1716e-02  1.0000e-01  
    406    9.4809e-03  1.5625e-02  5.0069e-03  3.2198e-02  -2.7191e-02  +3.0448e-04  +3.2210e-02  -3.1906e-02        1    +1.1752e-04  2.9273e-04  3.2198e-02  -3.1906e-02  1.0000e-01  
    407    5.0069e-03  3.1250e-02  1.0423e-02  3.1984e-02  -2.1561e-02  +2.9874e-04  +3.1998e-02  -3.1700e-02        1    +1.4707e-04  2.8404e-04  3.1984e-02  -3.1700e-02  1.0000e-01  
    408    1.0423e-02  1.5625e-02  5.5096e-03  3.2189e-02  -2.6679e-02  +2.9210e-04  +3.2201e-02  -3.1908e-02        1    +1.1922e-04  2.8018e-04  3.2189e-02  -3.1908e-02  1.0000e-01  
    409    5.5096e-03  3.1250e-02  1.1462e-02  3.1954e-02  -2.0492e-02  +2.8748e-04  +3.1970e-02  -3.1682e-02        1    +1.5501e-04  2.7198e-04  3.1954e-02  -3.1682e-02  1.0000e-01  
    410    1.1462e-02  1.5625e-02  6.0639e-03  3.2180e-02  -2.6117e-02  +2.8057e-04  +3.2193e-02  -3.1912e-02        1    +1.2134e-04  2.6843e-04  3.2180e-02  -3.1912e-02  1.0000e-01  
    411    6.0639e-03  3.1250e-02  1.2608e-02  3.1924e-02  -1.9316e-02  +2.7719e-04  +3.1941e-02  -3.1664e-02        1    +1.6468e-04  2.6073e-04  3.1924e-02  -3.1664e-02  1.0000e-01  
    412    1.2608e-02  1.5625e-02  6.6753e-03  3.2174e-02  -2.5499e-02  +2.6989e-04  +3.2186e-02  -3.1916e-02        1    +1.2395e-04  2.5749e-04  3.2174e-02  -3.1916e-02  1.0000e-01  
    413    6.6753e-03  3.1250e-02  1.3872e-02  3.1893e-02  -1.8022e-02  +2.6793e-04  +3.1911e-02  -3.1643e-02        1    +1.7646e-04  2.5028e-04  3.1893e-02  -3.1643e-02  1.0000e-01  
    414    1.3872e-02  1.5625e-02  7.3499e-03  3.2169e-02  -2.4819e-02  +2.6010e-04  +3.2182e-02  -3.1922e-02        1    +1.2716e-04  2.4739e-04  3.2169e-02  -3.1922e-02  1.0000e-01  
    415    7.3499e-03  3.1250e-02  1.5266e-02  3.1862e-02  -1.6596e-02  +2.5975e-04  +3.1881e-02  -3.1621e-02        1    +1.9081e-04  2.4067e-04  3.1862e-02  -3.1621e-02  1.0000e-01  
    416    1.5266e-02  1.5625e-02  8.0942e-03  3.2166e-02  -2.4072e-02  +2.5125e-04  +3.2179e-02  -3.1928e-02        1    +1.3110e-04  2.3814e-04  3.2166e-02  -3.1928e-02  1.0000e-01  
    417    8.0942e-03  1.5625e-02  4.3543e-03  3.1997e-02  -2.7643e-02  +2.4613e-04  +3.2009e-02  -3.1763e-02        1    +1.1409e-04  2.3473e-04  3.1997e-02  -3.1763e-02  1.0000e-01  
    418    4.3543e-03  3.1250e-02  8.9061e-03  3.2163e-02  -2.3256e-02  +2.4140e-04  +3.2176e-02  -3.1935e-02        1    +1.3587e-04  2.2782e-04  3.2163e-02  -3.1935e-02  1.0000e-01  
    419    8.9061e-03  1.5625e-02  4.7866e-03  3.1978e-02  -2.7191e-02  +2.3617e-04  +3.1989e-02  -3.1753e-02        1    +1.1530e-04  2.2464e-04  3.1978e-02  -3.1753e-02  1.0000e-01  
    420    4.7866e-03  3.1250e-02  9.8000e-03  3.2161e-02  -2.2361e-02  +2.3230e-04  +3.2175e-02  -3.1943e-02        1    +1.4169e-04  2.1813e-04  3.2161e-02  -3.1943e-02  1.0000e-01  
    421    9.8000e-03  1.5625e-02  5.2633e-03  3.1958e-02  -2.6695e-02  +2.2686e-04  +3.1970e-02  -3.1743e-02        1    +1.1681e-04  2.1518e-04  3.1958e-02  -3.1743e-02  1.0000e-01  
    422    5.2633e-03  3.1250e-02  1.0785e-02  3.2161e-02  -2.1376e-02  +2.2394e-04  +3.2176e-02  -3.1952e-02        1    +1.4879e-04  2.0906e-04  3.2161e-02  -3.1952e-02  1.0000e-01  
    423    1.0785e-02  1.5625e-02  5.7885e-03  3.1939e-02  -2.6150e-02  +2.1822e-04  +3.1951e-02  -3.1732e-02        1    +1.1869e-04  2.0636e-04  3.1939e-02  -3.1732e-02  1.0000e-01  
    424    5.7885e-03  3.1250e-02  1.1870e-02  3.2163e-02  -2.0293e-02  +2.1639e-04  +3.2179e-02  -3.1962e-02        1    +1.5744e-04  2.0064e-04  3.2163e-02  -3.1962e-02  1.0000e-01  
    425    1.1870e-02  1.5625e-02  6.3673e-03  3.1919e-02  -2.5552e-02  +2.1028e-04  +3.1931e-02  -3.1721e-02        1    +1.2100e-04  1.9818e-04  3.1919e-02  -3.1721e-02  1.0000e-01  
    426    6.3673e-03  3.1250e-02  1.3067e-02  3.2167e-02  -1.9101e-02  +2.0967e-04  +3.2184e-02  -3.1974e-02        1    +1.6798e-04  1.9287e-04  3.2167e-02  -3.1974e-02  1.0000e-01  
    427    1.3067e-02  1.5625e-02  7.0051e-03  3.1900e-02  -2.4895e-02  +2.0307e-04  +3.1912e-02  -3.1709e-02        1    +1.2386e-04  1.9068e-04  3.1900e-02  -3.1709e-02  1.0000e-01  
    428    7.0051e-03  1.5625e-02  3.6904e-03  3.2037e-02  -2.8346e-02  +1.9910e-04  +3.2048e-02  -3.1849e-02        1    +1.1129e-04  1.8797e-04  3.2037e-02  -3.1849e-02  1.0000e-01  
    429    3.6904e-03  3.1250e-02  7.7145e-03  3.1878e-02  -2.4164e-02  +1.9507e-04  +3.1891e-02  -3.1696e-02        1    +1.2739e-04  1.8233e-04  3.1878e-02  -3.1696e-02  1.0000e-01  
    430    7.7145e-03  1.5625e-02  4.0695e-03  3.2030e-02  -2.7960e-02  +1.9102e-04  +3.2041e-02  -3.1850e-02        1    +1.1216e-04  1.7980e-04  3.2030e-02  -3.1850e-02  1.0000e-01  
    431    4.0695e-03  3.1250e-02  8.4983e-03  3.1856e-02  -2.3358e-02  +1.8765e-04  +3.1869e-02  -3.1682e-02        1    +1.3174e-04  1.7448e-04  3.1856e-02  -3.1682e-02  1.0000e-01  
    432    8.4983e-03  1.5625e-02  4.4881e-03  3.2024e-02  -2.7536e-02  +1.8346e-04  +3.2035e-02  -3.1852e-02        1    +1.1326e-04  1.7214e-04  3.2024e-02  -3.1852e-02  1.0000e-01  
    433    4.4881e-03  3.1250e-02  9.3641e-03  3.1834e-02  -2.2470e-02  +1.8083e-04  +3.1847e-02  -3.1667e-02        1    +1.3708e-04  1.6712e-04  3.1834e-02  -3.1667e-02  1.0000e-01  
    434    9.3641e-03  1.5625e-02  4.9505e-03  3.2019e-02  -2.7068e-02  +1.7644e-04  +3.2030e-02  -3.1854e-02        1    +1.1465e-04  1.6497e-04  3.2019e-02  -3.1854e-02  1.0000e-01  
    435    4.9505e-03  3.1250e-02  1.0321e-02  3.1811e-02  -2.1490e-02  +1.7462e-04  +3.1825e-02  -3.1650e-02        1    +1.4362e-04  1.6026e-04  3.1811e-02  -3.1650e-02  1.0000e-01  
    436    1.0321e-02  1.5625e-02  5.4616e-03  3.2015e-02  -2.6554e-02  +1.6996e-04  +3.2027e-02  -3.1857e-02        1    +1.1637e-04  1.5832e-04  3.2015e-02  -3.1857e-02  1.0000e-01  
    437    5.4616e-03  3.1250e-02  1.1378e-02  3.1787e-02  -2.0409e-02  +1.6908e-04  +3.1802e-02  -3.1633e-02        1    +1.5163e-04  1.5392e-04  3.1787e-02  -3.1633e-02  1.0000e-01  
    438    1.1378e-02  1.5625e-02  6.0265e-03  3.2013e-02  -2.5986e-02  +1.6405e-04  +3.2025e-02  -3.1861e-02        1    +1.1852e-04  1.5219e-04  3.2013e-02  -3.1861e-02  1.0000e-01  
    439    6.0265e-03  1.5625e-02  3.2593e-03  3.1887e-02  -2.8628e-02  +1.6089e-04  +3.1898e-02  -3.1737e-02        1    +1.0905e-04  1.4998e-04  3.1887e-02  -3.1737e-02  1.0000e-01  
    440    3.2593e-03  3.1250e-02  6.6454e-03  3.2010e-02  -2.5365e-02  +1.5766e-04  +3.2023e-02  -3.1865e-02        1    +1.2116e-04  1.4554e-04  3.2010e-02  -3.1865e-02  1.0000e-01  
    441    6.6454e-03  1.5625e-02  3.5895e-03  3.1872e-02  -2.8283e-02  +1.5444e-04  +3.1883e-02  -3.1729e-02        1    +1.0966e-04  1.4347e-04  3.1872e-02  -3.1729e-02  1.0000e-01  
    442    3.5895e-03  3.1250e-02  7.3285e-03  3.2009e-02  -2.4681e-02  +1.5172e-04  +3.2022e-02  -3.1870e-02        1    +1.2441e-04  1.3928e-04  3.2009e-02  -3.1870e-02  1.0000e-01  
    443    7.3285e-03  1.5625e-02  3.9543e-03  3.1858e-02  -2.7903e-02  +1.4840e-04  +3.1869e-02  -3.1720e-02        1    +1.1045e-04  1.3735e-04  3.1858e-02  -3.1720e-02  1.0000e-01  
    444    3.9543e-03  3.1250e-02  8.0828e-03  3.2010e-02  -2.3927e-02  +1.4625e-04  +3.2022e-02  -3.1876e-02        1    +1.2840e-04  1.3341e-04  3.2010e-02  -3.1876e-02  1.0000e-01  
    445    8.0828e-03  1.5625e-02  4.3572e-03  3.1843e-02  -2.7486e-02  +1.4278e-04  +3.1854e-02  -3.1711e-02        1    +1.1145e-04  1.3163e-04  3.1843e-02  -3.1711e-02  1.0000e-01  
    446    4.3572e-03  3.1250e-02  8.9157e-03  3.2011e-02  -2.3096e-02  +1.4127e-04  +3.2025e-02  -3.1883e-02        1    +1.3331e-04  1.2794e-04  3.2011e-02  -3.1883e-02  1.0000e-01  
    447    8.9157e-03  1.5625e-02  4.8020e-03  3.1828e-02  -2.7026e-02  +1.3759e-04  +3.1839e-02  -3.1702e-02        1    +1.1271e-04  1.2632e-04  3.1828e-02  -3.1702e-02  1.0000e-01  
    448    4.8020e-03  3.1250e-02  9.8356e-03  3.2015e-02  -2.2179e-02  +1.3681e-04  +3.2028e-02  -3.1892e-02        1    +1.3933e-04  1.2288e-04  3.2015e-02  -3.1892e-02  1.0000e-01  
    449    9.8356e-03  1.5625e-02  5.2933e-03  3.1813e-02  -2.6520e-02  +1.3285e-04  +3.1824e-02  -3.1691e-02        1    +1.1429e-04  1.2142e-04  3.1813e-02  -3.1691e-02  1.0000e-01  
    450    5.2933e-03  1.5625e-02  2.7795e-03  3.1916e-02  -2.9137e-02  +1.3038e-04  +3.1927e-02  -3.1796e-02        1    +1.0712e-04  1.1967e-04  3.1916e-02  -3.1796e-02  1.0000e-01  
    451    2.7795e-03  3.1250e-02  5.8396e-03  3.1797e-02  -2.5957e-02  +1.2769e-04  +3.1808e-02  -3.1681e-02        1    +1.1627e-04  1.1606e-04  3.1797e-02  -3.1681e-02  1.0000e-01  
    452    5.8396e-03  1.5625e-02  3.0717e-03  3.1911e-02  -2.8839e-02  +1.2519e-04  +3.1922e-02  -3.1796e-02        1    +1.0755e-04  1.1443e-04  3.1911e-02  -3.1796e-02  1.0000e-01  
    453    3.0717e-03  3.1250e-02  6.4441e-03  3.1780e-02  -2.5336e-02  +1.2289e-04  +3.1792e-02  -3.1669e-02        1    +1.1873e-04  1.1101e-04  3.1780e-02  -3.1669e-02  1.0000e-01  
    454    6.4441e-03  1.5625e-02  3.3948e-03  3.1906e-02  -2.8512e-02  +1.2032e-04  +3.1917e-02  -3.1797e-02        1    +1.0812e-04  1.0950e-04  3.1906e-02  -3.1797e-02  1.0000e-01  
    455    3.3948e-03  3.1250e-02  7.1131e-03  3.1762e-02  -2.4649e-02  +1.1846e-04  +3.1775e-02  -3.1656e-02        1    +1.2178e-04  1.0628e-04  3.1762e-02  -3.1656e-02  1.0000e-01  
    456    7.1131e-03  1.5625e-02  3.7525e-03  3.1903e-02  -2.8150e-02  +1.1577e-04  +3.1914e-02  -3.1798e-02        1    +1.0886e-04  1.0489e-04  3.1903e-02  -3.1798e-02  1.0000e-01  
    457    3.7525e-03  3.1250e-02  7.8535e-03  3.1745e-02  -2.3891e-02  +1.1441e-04  +3.1757e-02  -3.1643e-02        1    +1.2556e-04  1.0186e-04  3.1745e-02  -3.1643e-02  1.0000e-01  
    458    7.8535e-03  1.5625e-02  4.1485e-03  3.1900e-02  -2.7751e-02  +1.1157e-04  +3.1911e-02  -3.1799e-02        1    +1.0980e-04  1.0059e-04  3.1900e-02  -3.1799e-02  1.0000e-01  
    459    4.1485e-03  3.1250e-02  8.6731e-03  3.1726e-02  -2.3053e-02  +1.1077e-04  +3.1739e-02  -3.1628e-02        1    +1.3021e-04  9.7752e-05  3.1726e-02  -3.1628e-02  1.0000e-01  
    460    8.6731e-03  1.5625e-02  4.5869e-03  3.1898e-02  -2.7311e-02  +1.0772e-04  +3.1909e-02  -3.1801e-02        1    +1.1100e-04  9.6621e-05  3.1898e-02  -3.1801e-02  1.0000e-01  
    461    4.5869e-03  3.1250e-02  9.5806e-03  3.1706e-02  -2.2126e-02  +1.0757e-04  +3.1720e-02  -3.1612e-02        1    +1.3594e-04  9.3978e-05  3.1706e-02  -3.1612e-02  1.0000e-01  
    462    9.5806e-03  1.5625e-02  5.0724e-03  3.1897e-02  -2.6824e-02  +1.0424e-04  +3.1908e-02  -3.1804e-02        1    +1.1251e-04  9.2990e-05  3.1897e-02  -3.1804e-02  1.0000e-01  
    463    5.0724e-03  1.5625e-02  2.7562e-03  3.1791e-02  -2.9035e-02  +1.0223e-04  +3.1802e-02  -3.1700e-02        1    +1.0577e-04  9.1653e-05  3.1791e-02  -3.1700e-02  1.0000e-01  
    464    2.7562e-03  3.1250e-02  5.6062e-03  3.1896e-02  -2.6290e-02  +1.0040e-04  +3.1908e-02  -3.1807e-02        1    +1.1438e-04  8.8965e-05  3.1896e-02  -3.1807e-02  1.0000e-01  
    465    5.6062e-03  1.5625e-02  3.0414e-03  3.1780e-02  -2.8739e-02  +9.8335e-05  +3.1791e-02  -3.1692e-02        1    +1.0617e-04  8.7718e-05  3.1780e-02  -3.1692e-02  1.0000e-01  
    466    3.0414e-03  3.1250e-02  6.1966e-03  3.1896e-02  -2.5700e-02  +9.6858e-05  +3.1908e-02  -3.1811e-02        1    +1.1670e-04  8.5188e-05  3.1896e-02  -3.1811e-02  1.0000e-01  
    467    6.1966e-03  1.5625e-02  3.3572e-03  3.1768e-02  -2.8411e-02  +9.4703e-05  +3.1779e-02  -3.1684e-02        1    +1.0670e-04  8.4033e-05  3.1768e-02  -3.1684e-02  1.0000e-01  
    468    3.3572e-03  3.1250e-02  6.8498e-03  3.1897e-02  -2.5048e-02  +9.3620e-05  +3.1909e-02  -3.1816e-02        1    +1.1959e-04  8.1661e-05  3.1897e-02  -3.1816e-02  1.0000e-01  
    469    6.8498e-03  1.5625e-02  3.7066e-03  3.1756e-02  -2.8050e-02  +9.1341e-05  +3.1767e-02  -3.1676e-02        1    +1.0739e-04  8.0602e-05  3.1756e-02  -3.1676e-02  1.0000e-01  
