=========================================================
*                                                       *
*  Samples: 2.56e+02; epsilon: 1.1074e-03; varepson:1.1074e-03 *
*                                                       *
=========================================================
     Iter   search_dire    stepsize    KKT_inf    eKKT_inf    KKT-eKKT      merit     e_merit     mrt-emrt      rank          f           c           ec        c-ec         tau    
initial    0.0000e+00  0.0000e+00  1.4219e-02  3.1820e-02  -1.7601e-02  +1.4230e-02  +3.1831e-02  -1.7601e-02        1    +1.0418e-04  1.4219e-02  3.1820e-02  -1.7601e-02  1.0000e-01  
      1    2.3127e-03  1.0000e+00  2.3711e-01  2.3735e-01  -2.3642e-04  +2.1205e-03  +1.8431e-02  -1.6310e-02        1    +2.0350e-02  8.5533e-05  1.6395e-02  -1.6310e-02  1.0000e-01  
      2    2.3711e-01  1.5625e-02  1.2627e-01  1.2628e-01  -1.1474e-05  +9.8686e-04  +1.9330e-02  -1.8343e-02        1    +5.8933e-03  3.9752e-04  1.8741e-02  -1.8343e-02  1.0000e-01  
      3    1.2627e-01  1.5625e-02  6.6426e-02  6.6531e-02  -1.0460e-04  +6.2564e-04  +1.7919e-02  -1.7294e-02        1    +1.6833e-03  4.5731e-04  1.7751e-02  -1.7294e-02  1.0000e-01  
      4    6.6426e-02  1.5625e-02  3.4768e-02  3.4729e-02  +3.9415e-05  +5.2766e-04  +1.8386e-02  -1.7858e-02        1    +5.4054e-04  4.7360e-04  1.8332e-02  -1.7858e-02  1.0000e-01  
      5    3.4768e-02  1.5625e-02  1.8438e-02  1.8511e-02  -7.2287e-05  +4.9350e-04  +1.8061e-02  -1.7568e-02        1    +2.2091e-04  4.7141e-04  1.8039e-02  -1.7568e-02  1.0000e-01  
      6    1.8438e-02  1.5625e-02  9.5859e-03  1.8189e-02  -8.6028e-03  +4.7905e-04  +1.8202e-02  -1.7723e-02        1    +1.3281e-04  4.6577e-04  1.8189e-02  -1.7723e-02  1.0000e-01  
      7    9.5859e-03  3.1250e-02  1.9847e-02  1.9920e-02  -7.3012e-05  +4.7696e-04  +1.8037e-02  -1.7560e-02        1    +2.4067e-04  4.5290e-04  1.8013e-02  -1.7560e-02  1.0000e-01  
      8    1.9847e-02  1.5625e-02  1.0415e-02  1.8173e-02  -7.7576e-03  +4.6145e-04  +1.8186e-02  -1.7725e-02        1    +1.3804e-04  4.4764e-04  1.8173e-02  -1.7725e-02  1.0000e-01  
      9    1.0415e-02  1.5625e-02  5.5246e-03  1.8077e-02  -1.2552e-02  +4.5213e-04  +1.8088e-02  -1.7636e-02        1    +1.0944e-04  4.4119e-04  1.8077e-02  -1.7636e-02  1.0000e-01  
     10    5.5246e-03  3.1250e-02  1.1261e-02  1.8153e-02  -6.8915e-03  +4.4235e-04  +1.8167e-02  -1.7725e-02        1    +1.4433e-04  4.2792e-04  1.8153e-02  -1.7725e-02  1.0000e-01  
     11    1.1261e-02  1.5625e-02  5.9714e-03  1.8050e-02  -1.2079e-02  +4.3296e-04  +1.8061e-02  -1.7628e-02        1    +1.1098e-04  4.2186e-04  1.8050e-02  -1.7628e-02  1.0000e-01  
     12    5.9714e-03  3.1250e-02  1.2179e-02  1.8134e-02  -5.9548e-03  +4.2449e-04  +1.8149e-02  -1.7725e-02        1    +1.5188e-04  4.0930e-04  1.8134e-02  -1.7725e-02  1.0000e-01  
     13    1.2179e-02  1.5625e-02  6.4605e-03  1.8024e-02  -1.1564e-02  +4.1491e-04  +1.8036e-02  -1.7621e-02        1    +1.1291e-04  4.0362e-04  1.8024e-02  -1.7621e-02  1.0000e-01  
     14    6.4605e-03  3.1250e-02  1.3180e-02  1.8118e-02  -4.9376e-03  +4.0786e-04  +1.8134e-02  -1.7726e-02        1    +1.6086e-04  3.9177e-04  1.8118e-02  -1.7726e-02  1.0000e-01  
     15    1.3180e-02  1.5625e-02  6.9923e-03  1.8000e-02  -1.1008e-02  +3.9800e-04  +1.8012e-02  -1.7614e-02        1    +1.1525e-04  3.8647e-04  1.8000e-02  -1.7614e-02  1.0000e-01  
     16    6.9923e-03  3.1250e-02  1.4270e-02  1.8103e-02  -3.8335e-03  +3.9246e-04  +1.8120e-02  -1.7728e-02        1    +1.7151e-04  3.7531e-04  1.8103e-02  -1.7728e-02  1.0000e-01  
     17    1.4270e-02  1.5625e-02  7.5701e-03  1.7977e-02  -1.0407e-02  +3.8221e-04  +1.7989e-02  -1.7606e-02        1    +1.1807e-04  3.7040e-04  1.7977e-02  -1.7606e-02  1.0000e-01  
     18    7.5701e-03  3.1250e-02  1.5455e-02  1.8091e-02  -2.6355e-03  +3.7833e-04  +1.8109e-02  -1.7731e-02        1    +1.8409e-04  3.5992e-04  1.8091e-02  -1.7731e-02  1.0000e-01  
     19    1.5455e-02  1.5625e-02  8.1976e-03  1.7955e-02  -9.7570e-03  +3.6755e-04  +1.7967e-02  -1.7599e-02        1    +1.2144e-04  3.5541e-04  1.7955e-02  -1.7599e-02  1.0000e-01  
     20    8.1976e-03  3.1250e-02  1.6744e-02  1.8080e-02  -1.3361e-03  +3.6549e-04  +1.8100e-02  -1.7734e-02        1    +1.9894e-04  3.4559e-04  1.8080e-02  -1.7734e-02  1.0000e-01  
     21    1.6744e-02  1.5625e-02  8.8790e-03  1.7933e-02  -9.0544e-03  +3.5403e-04  +1.7946e-02  -1.7592e-02        1    +1.2544e-04  3.4149e-04  1.7933e-02  -1.7592e-02  1.0000e-01  
     22    8.8790e-03  3.1250e-02  1.8144e-02  1.8095e-02  +4.9189e-05  +3.5399e-04  +1.8092e-02  -1.7738e-02        1    +2.1645e-04  3.3235e-04  1.8071e-02  -1.7738e-02  1.0000e-01  
     23    1.8144e-02  1.5625e-02  9.6187e-03  1.7913e-02  -8.2945e-03  +3.4169e-04  +1.7926e-02  -1.7584e-02        1    +1.3019e-04  3.2867e-04  1.7913e-02  -1.7584e-02  1.0000e-01  
     24    9.6187e-03  1.5625e-02  5.0241e-03  1.7988e-02  -1.2964e-02  +3.3460e-04  +1.7999e-02  -1.7664e-02        1    +1.0618e-04  3.2398e-04  1.7988e-02  -1.7664e-02  1.0000e-01  
     25    5.0241e-03  3.1250e-02  1.0434e-02  1.7891e-02  -7.4568e-03  +3.2790e-04  +1.7905e-02  -1.7577e-02        1    +1.3590e-04  3.1431e-04  1.7891e-02  -1.7577e-02  1.0000e-01  
     26    1.0434e-02  1.5625e-02  5.4561e-03  1.7973e-02  -1.2517e-02  +3.2069e-04  +1.7984e-02  -1.7663e-02        1    +1.0765e-04  3.0992e-04  1.7973e-02  -1.7663e-02  1.0000e-01  
     27    5.4561e-03  3.1250e-02  1.1323e-02  1.7869e-02  -6.5462e-03  +3.1504e-04  +1.7883e-02  -1.7568e-02        1    +1.4269e-04  3.0077e-04  1.7869e-02  -1.7568e-02  1.0000e-01  
     28    1.1323e-02  1.5625e-02  5.9264e-03  1.7959e-02  -1.2033e-02  +3.0763e-04  +1.7970e-02  -1.7662e-02        1    +1.0942e-04  2.9669e-04  1.7959e-02  -1.7662e-02  1.0000e-01  
     29    5.9264e-03  3.1250e-02  1.2291e-02  1.7848e-02  -5.5569e-03  +3.0312e-04  +1.7863e-02  -1.7560e-02        1    +1.5075e-04  2.8804e-04  1.7848e-02  -1.7560e-02  1.0000e-01  
     30    1.2291e-02  1.5625e-02  6.4386e-03  1.7946e-02  -1.1508e-02  +2.9543e-04  +1.7957e-02  -1.7662e-02        1    +1.1155e-04  2.8427e-04  1.7946e-02  -1.7662e-02  1.0000e-01  
     31    6.4386e-03  3.1250e-02  1.3345e-02  1.7827e-02  -4.4817e-03  +2.9216e-04  +1.7843e-02  -1.7551e-02        1    +1.6031e-04  2.7612e-04  1.7827e-02  -1.7551e-02  1.0000e-01  
     32    1.3345e-02  1.5625e-02  6.9967e-03  1.7935e-02  -1.0938e-02  +2.8408e-04  +1.7946e-02  -1.7662e-02        1    +1.1410e-04  2.7267e-04  1.7935e-02  -1.7662e-02  1.0000e-01  
     33    6.9967e-03  3.1250e-02  1.4494e-02  1.7807e-02  -3.3127e-03  +2.8219e-04  +1.7824e-02  -1.7542e-02        1    +1.7166e-04  2.6502e-04  1.7807e-02  -1.7542e-02  1.0000e-01  
     34    1.4494e-02  1.5625e-02  7.6047e-03  1.7924e-02  -1.0319e-02  +2.7361e-04  +1.7936e-02  -1.7662e-02        1    +1.1715e-04  2.6190e-04  1.7924e-02  -1.7662e-02  1.0000e-01  
     35    7.6047e-03  3.1250e-02  1.5745e-02  1.7786e-02  -2.0413e-03  +2.7325e-04  +1.7805e-02  -1.7532e-02        1    +1.8513e-04  2.5474e-04  1.7786e-02  -1.7532e-02  1.0000e-01  
     36    1.5745e-02  1.5625e-02  8.2672e-03  1.7915e-02  -9.6475e-03  +2.6404e-04  +1.7927e-02  -1.7663e-02        1    +1.2080e-04  2.5196e-04  1.7915e-02  -1.7663e-02  1.0000e-01  
     37    8.2672e-03  1.5625e-02  4.4193e-03  1.7840e-02  -1.3421e-02  +2.5860e-04  +1.7851e-02  -1.7592e-02        1    +1.0278e-04  2.4832e-04  1.7840e-02  -1.7592e-02  1.0000e-01  
     38    4.4193e-03  3.1250e-02  8.9788e-03  1.7905e-02  -8.9258e-03  +2.5347e-04  +1.7917e-02  -1.7664e-02        1    +1.2507e-04  2.4096e-04  1.7905e-02  -1.7664e-02  1.0000e-01  
     39    8.9788e-03  1.5625e-02  4.7947e-03  1.7824e-02  -1.3030e-02  +2.4794e-04  +1.7835e-02  -1.7587e-02        1    +1.0385e-04  2.3756e-04  1.7824e-02  -1.7587e-02  1.0000e-01  
     40    4.7947e-03  3.1250e-02  9.7521e-03  1.7895e-02  -8.1432e-03  +2.4361e-04  +1.7908e-02  -1.7665e-02        1    +1.3016e-04  2.3060e-04  1.7895e-02  -1.7665e-02  1.0000e-01  
     41    9.7521e-03  1.5625e-02  5.2034e-03  1.7809e-02  -1.2606e-02  +2.3793e-04  +1.7819e-02  -1.7581e-02        1    +1.0514e-04  2.2742e-04  1.7809e-02  -1.7581e-02  1.0000e-01  
     42    5.2034e-03  3.1250e-02  1.0593e-02  1.7887e-02  -7.2938e-03  +2.3448e-04  +1.7901e-02  -1.7666e-02        1    +1.3619e-04  2.2086e-04  1.7887e-02  -1.7666e-02  1.0000e-01  
     43    1.0593e-02  1.5625e-02  5.6480e-03  1.7794e-02  -1.2146e-02  +2.2858e-04  +1.7805e-02  -1.7576e-02        1    +1.0670e-04  2.1791e-04  1.7794e-02  -1.7576e-02  1.0000e-01  
     44    5.6480e-03  3.1250e-02  1.1509e-02  1.7880e-02  -6.3716e-03  +2.2607e-04  +1.7894e-02  -1.7668e-02        1    +1.4335e-04  2.1174e-04  1.7880e-02  -1.7668e-02  1.0000e-01  
     45    1.1509e-02  1.5625e-02  6.1317e-03  1.7779e-02  -1.1648e-02  +2.1988e-04  +1.7790e-02  -1.7570e-02        1    +1.0858e-04  2.0902e-04  1.7779e-02  -1.7570e-02  1.0000e-01  
     46    6.1317e-03  3.1250e-02  1.2504e-02  1.7874e-02  -5.3700e-03  +2.1842e-04  +1.7889e-02  -1.7671e-02        1    +1.5184e-04  2.0324e-04  1.7874e-02  -1.7671e-02  1.0000e-01  
     47    1.2504e-02  1.5625e-02  6.6578e-03  1.7765e-02  -1.1107e-02  +2.1185e-04  +1.7776e-02  -1.7564e-02        1    +1.1082e-04  2.0077e-04  1.7765e-02  -1.7564e-02  1.0000e-01  
     48    6.6578e-03  3.1250e-02  1.3587e-02  1.7869e-02  -4.2820e-03  +2.1156e-04  +1.7885e-02  -1.7674e-02        1    +1.6191e-04  1.9537e-04  1.7869e-02  -1.7674e-02  1.0000e-01  
     49    1.3587e-02  1.5625e-02  7.2302e-03  1.7751e-02  -1.0521e-02  +2.0450e-04  +1.7763e-02  -1.7558e-02        1    +1.1351e-04  1.9315e-04  1.7751e-02  -1.7558e-02  1.0000e-01  
     50    7.2302e-03  1.5625e-02  3.7684e-03  1.7808e-02  -1.4040e-02  +2.0039e-04  +1.7818e-02  -1.7618e-02        1    +9.9974e-05  1.9039e-04  1.7808e-02  -1.7618e-02  1.0000e-01  
     51    3.7684e-03  3.1250e-02  7.8600e-03  1.7737e-02  -9.8765e-03  +1.9635e-04  +1.7748e-02  -1.7552e-02        1    +1.1676e-04  1.8468e-04  1.7737e-02  -1.7552e-02  1.0000e-01  
     52    7.8600e-03  1.5625e-02  4.1025e-03  1.7799e-02  -1.3696e-02  +1.9217e-04  +1.7809e-02  -1.7617e-02        1    +1.0076e-04  1.8209e-04  1.7799e-02  -1.7617e-02  1.0000e-01  
     53    4.1025e-03  3.1250e-02  8.5473e-03  1.7722e-02  -9.1744e-03  +1.8875e-04  +1.7734e-02  -1.7545e-02        1    +1.2065e-04  1.7669e-04  1.7722e-02  -1.7545e-02  1.0000e-01  
     54    8.5473e-03  1.5625e-02  4.4667e-03  1.7790e-02  -1.3323e-02  +1.8445e-04  +1.7800e-02  -1.7616e-02        1    +1.0173e-04  1.7428e-04  1.7790e-02  -1.7616e-02  1.0000e-01  
     55    4.4667e-03  3.1250e-02  9.2970e-03  1.7707e-02  -8.4101e-03  +1.8170e-04  +1.7720e-02  -1.7538e-02        1    +1.2529e-04  1.6917e-04  1.7707e-02  -1.7538e-02  1.0000e-01  
     56    9.2970e-03  1.5625e-02  4.8640e-03  1.7782e-02  -1.2918e-02  +1.7724e-04  +1.7792e-02  -1.7615e-02        1    +1.0291e-04  1.6695e-04  1.7782e-02  -1.7615e-02  1.0000e-01  
     57    4.8640e-03  3.1250e-02  1.0115e-02  1.7693e-02  -7.5778e-03  +1.7522e-04  +1.7706e-02  -1.7530e-02        1    +1.3084e-04  1.6214e-04  1.7693e-02  -1.7530e-02  1.0000e-01  
     58    1.0115e-02  1.5625e-02  5.2974e-03  1.7774e-02  -1.2477e-02  +1.7053e-04  +1.7785e-02  -1.7614e-02        1    +1.0434e-04  1.6010e-04  1.7774e-02  -1.7614e-02  1.0000e-01  
     59    5.2974e-03  3.1250e-02  1.1007e-02  1.7678e-02  -6.6710e-03  +1.6932e-04  +1.7692e-02  -1.7523e-02        1    +1.3746e-04  1.5558e-04  1.7678e-02  -1.7523e-02  1.0000e-01  
     60    1.1007e-02  1.5625e-02  5.7704e-03  1.7768e-02  -1.1997e-02  +1.6434e-04  +1.7778e-02  -1.7614e-02        1    +1.0608e-04  1.5373e-04  1.7768e-02  -1.7614e-02  1.0000e-01  
     61    5.7704e-03  3.1250e-02  1.1981e-02  1.7664e-02  -5.6828e-03  +1.6404e-04  +1.7678e-02  -1.7514e-02        1    +1.4535e-04  1.4950e-04  1.7664e-02  -1.7514e-02  1.0000e-01  
     62    1.1981e-02  1.5625e-02  6.2867e-03  1.7762e-02  -1.1475e-02  +1.5867e-04  +1.7772e-02  -1.7614e-02        1    +1.0817e-04  1.4786e-04  1.7762e-02  -1.7614e-02  1.0000e-01  
     63    6.2867e-03  1.5625e-02  3.3779e-03  1.7705e-02  -1.4328e-02  +1.5549e-04  +1.7715e-02  -1.7560e-02        1    +9.7711e-05  1.4572e-04  1.7705e-02  -1.7560e-02  1.0000e-01  
     64    3.3779e-03  3.1250e-02  6.8440e-03  1.7755e-02  -1.0911e-02  +1.5247e-04  +1.7766e-02  -1.7614e-02        1    +1.1066e-04  1.4140e-04  1.7755e-02  -1.7614e-02  1.0000e-01  
     65    6.8440e-03  1.5625e-02  3.6725e-03  1.7694e-02  -1.4022e-02  +1.4922e-04  +1.7704e-02  -1.7555e-02        1    +9.8285e-05  1.3939e-04  1.7694e-02  -1.7555e-02  1.0000e-01  
     66    3.6725e-03  3.1250e-02  7.4512e-03  1.7750e-02  -1.0298e-02  +1.4668e-04  +1.7761e-02  -1.7614e-02        1    +1.1364e-04  1.3532e-04  1.7750e-02  -1.7614e-02  1.0000e-01  
     67    7.4512e-03  1.5625e-02  3.9938e-03  1.7684e-02  -1.3690e-02  +1.4334e-04  +1.7694e-02  -1.7550e-02        1    +9.8999e-05  1.3344e-04  1.7684e-02  -1.7550e-02  1.0000e-01  
     68    3.9938e-03  3.1250e-02  8.1132e-03  1.7744e-02  -9.6313e-03  +1.4132e-04  +1.7756e-02  -1.7615e-02        1    +1.1721e-04  1.2960e-04  1.7744e-02  -1.7615e-02  1.0000e-01  
     69    8.1132e-03  1.5625e-02  4.3442e-03  1.7673e-02  -1.3329e-02  +1.3785e-04  +1.7683e-02  -1.7545e-02        1    +9.9877e-05  1.2786e-04  1.7673e-02  -1.7545e-02  1.0000e-01  
     70    4.3442e-03  3.1250e-02  8.8350e-03  1.7740e-02  -8.9052e-03  +1.3640e-04  +1.7752e-02  -1.7616e-02        1    +1.2148e-04  1.2425e-04  1.7740e-02  -1.7616e-02  1.0000e-01  
     71    8.8350e-03  1.5625e-02  4.7263e-03  1.7663e-02  -1.2937e-02  +1.3274e-04  +1.7673e-02  -1.7540e-02        1    +1.0095e-04  1.2265e-04  1.7663e-02  -1.7540e-02  1.0000e-01  
     72    4.7263e-03  3.1250e-02  9.6220e-03  1.7737e-02  -8.1145e-03  +1.3192e-04  +1.7749e-02  -1.7617e-02        1    +1.2658e-04  1.1926e-04  1.7737e-02  -1.7617e-02  1.0000e-01  
     73    9.6220e-03  1.5625e-02  5.1429e-03  1.7653e-02  -1.2510e-02  +1.2803e-04  +1.7663e-02  -1.7535e-02        1    +1.0226e-04  1.1781e-04  1.7653e-02  -1.7535e-02  1.0000e-01  
     74    5.1429e-03  3.1250e-02  1.0480e-02  1.7734e-02  -7.2535e-03  +1.2792e-04  +1.7747e-02  -1.7619e-02        1    +1.3267e-04  1.1465e-04  1.7734e-02  -1.7619e-02  1.0000e-01  
     75    1.0480e-02  1.5625e-02  5.5973e-03  1.7643e-02  -1.2046e-02  +1.2373e-04  +1.7653e-02  -1.7530e-02        1    +1.0384e-04  1.1335e-04  1.7643e-02  -1.7530e-02  1.0000e-01  
     76    5.5973e-03  1.5625e-02  2.9099e-03  1.7687e-02  -1.4777e-02  +1.2131e-04  +1.7697e-02  -1.7575e-02        1    +9.5740e-05  1.1173e-04  1.7687e-02  -1.7575e-02  1.0000e-01  
     77    2.9099e-03  3.1250e-02  6.0970e-03  1.7632e-02  -1.1535e-02  +1.1895e-04  +1.7643e-02  -1.7524e-02        1    +1.0578e-04  1.0838e-04  1.7632e-02  -1.7524e-02  1.0000e-01  
     78    6.0970e-03  1.5625e-02  3.1752e-03  1.7681e-02  -1.4506e-02  +1.1648e-04  +1.7690e-02  -1.7574e-02        1    +9.6162e-05  1.0686e-04  1.7681e-02  -1.7574e-02  1.0000e-01  
     79    3.1752e-03  3.1250e-02  6.6434e-03  1.7622e-02  -1.0978e-02  +1.1450e-04  +1.7633e-02  -1.7518e-02        1    +1.0811e-04  1.0369e-04  1.7622e-02  -1.7518e-02  1.0000e-01  
     80    6.6434e-03  1.5625e-02  3.4650e-03  1.7675e-02  -1.4210e-02  +1.1195e-04  +1.7685e-02  -1.7573e-02        1    +9.6698e-05  1.0228e-04  1.7675e-02  -1.7573e-02  1.0000e-01  
     81    3.4650e-03  3.1250e-02  7.2404e-03  1.7611e-02  -1.0371e-02  +1.1038e-04  +1.7622e-02  -1.7512e-02        1    +1.1092e-04  9.9283e-05  1.7611e-02  -1.7512e-02  1.0000e-01  
     82    7.2404e-03  1.5625e-02  3.7818e-03  1.7669e-02  -1.3888e-02  +1.0772e-04  +1.7679e-02  -1.7571e-02        1    +9.7369e-05  9.7987e-05  1.7669e-02  -1.7571e-02  1.0000e-01  
     83    3.7818e-03  3.1250e-02  7.8930e-03  1.7600e-02  -9.7075e-03  +1.0659e-04  +1.7612e-02  -1.7505e-02        1    +1.1431e-04  9.5160e-05  1.7600e-02  -1.7505e-02  1.0000e-01  
     84    7.8930e-03  1.5625e-02  4.1280e-03  1.7664e-02  -1.3536e-02  +1.0380e-04  +1.7674e-02  -1.7570e-02        1    +9.8201e-05  9.3975e-05  1.7664e-02  -1.7570e-02  1.0000e-01  
     85    4.1280e-03  3.1250e-02  8.6064e-03  1.7590e-02  -8.9834e-03  +1.0316e-04  +1.7602e-02  -1.7498e-02        1    +1.1838e-04  9.1322e-05  1.7590e-02  -1.7498e-02  1.0000e-01  
     86    8.6064e-03  1.5625e-02  4.5066e-03  1.7660e-02  -1.3153e-02  +1.0017e-04  +1.7670e-02  -1.7570e-02        1    +9.9225e-05  9.0252e-05  1.7660e-02  -1.7570e-02  1.0000e-01  
     87    4.5066e-03  3.1250e-02  9.3864e-03  1.7579e-02  -8.1926e-03  +1.0010e-04  +1.7591e-02  -1.7491e-02        1    +1.2327e-04  8.7771e-05  1.7579e-02  -1.7491e-02  1.0000e-01  
     88    9.3864e-03  1.5625e-02  4.9207e-03  1.7656e-02  -1.2735e-02  +9.6871e-05  +1.7666e-02  -1.7569e-02        1    +1.0048e-04  8.6823e-05  1.7656e-02  -1.7569e-02  1.0000e-01  
     89    4.9207e-03  1.5625e-02  2.6590e-03  1.7612e-02  -1.4953e-02  +9.4973e-05  +1.7621e-02  -1.7526e-02        1    +9.4041e-05  8.5568e-05  1.7612e-02  -1.7526e-02  1.0000e-01  
     90    2.6590e-03  3.1250e-02  5.3696e-03  1.7651e-02  -1.2282e-02  +9.3242e-05  +1.7662e-02  -1.7568e-02        1    +1.0199e-04  8.3043e-05  1.7651e-02  -1.7568e-02  1.0000e-01  
     91    5.3696e-03  1.5625e-02  2.8967e-03  1.7604e-02  -1.4707e-02  +9.1303e-05  +1.7613e-02  -1.7522e-02        1    +9.4347e-05  8.1868e-05  1.7604e-02  -1.7522e-02  1.0000e-01  
     92    2.8967e-03  3.1250e-02  5.8599e-03  1.7648e-02  -1.1788e-02  +8.9867e-05  +1.7658e-02  -1.7568e-02        1    +1.0383e-04  7.9484e-05  1.7648e-02  -1.7568e-02  1.0000e-01  
     93    5.8599e-03  1.5625e-02  3.1566e-03  1.7596e-02  -1.4439e-02  +8.7863e-05  +1.7606e-02  -1.7518e-02        1    +9.4744e-05  7.8389e-05  1.7596e-02  -1.7518e-02  1.0000e-01  
     94    3.1566e-03  3.1250e-02  6.3956e-03  1.7644e-02  -1.1249e-02  +8.6749e-05  +1.7655e-02  -1.7568e-02        1    +1.0605e-04  7.6144e-05  1.7644e-02  -1.7568e-02  1.0000e-01  
     95    6.3956e-03  1.5625e-02  3.4407e-03  1.7588e-02  -1.4148e-02  +8.4654e-05  +1.7598e-02  -1.7513e-02        1    +9.5249e-05  7.5129e-05  1.7588e-02  -1.7513e-02  1.0000e-01  
     96    3.4407e-03  3.1250e-02  6.9810e-03  1.7641e-02  -1.0660e-02  +8.3896e-05  +1.7652e-02  -1.7568e-02        1    +1.0873e-04  7.3023e-05  1.7641e-02  -1.7568e-02  1.0000e-01  
     97    6.9810e-03  1.5625e-02  3.7511e-03  1.7581e-02  -1.3830e-02  +8.1680e-05  +1.7590e-02  -1.7509e-02        1    +9.5883e-05  7.2092e-05  1.7581e-02  -1.7509e-02  1.0000e-01  
     98    3.7511e-03  3.1250e-02  7.6208e-03  1.7639e-02  -1.0018e-02  +8.1319e-05  +1.7650e-02  -1.7569e-02        1    +1.1196e-04  7.0123e-05  1.7639e-02  -1.7569e-02  1.0000e-01  
     99    7.6208e-03  1.5625e-02  4.0903e-03  1.7573e-02  -1.3483e-02  +7.8946e-05  +1.7583e-02  -1.7504e-02        1    +9.6671e-05  6.9278e-05  1.7573e-02  -1.7504e-02  1.0000e-01  
    100    4.0903e-03  1.5625e-02  2.1152e-03  1.7605e-02  -1.5490e-02  +7.7514e-05  +1.7614e-02  -1.7537e-02        1    +9.2342e-05  6.8280e-05  1.7605e-02  -1.7537e-02  1.0000e-01  
    101    2.1152e-03  3.1250e-02  4.4635e-03  1.7565e-02  -1.3102e-02  +7.5978e-05  +1.7575e-02  -1.7499e-02        1    +9.7651e-05  6.6213e-05  1.7565e-02  -1.7499e-02  1.0000e-01  
    102    4.4635e-03  1.5625e-02  2.3134e-03  1.7600e-02  -1.5287e-02  +7.4527e-05  +1.7610e-02  -1.7535e-02        1    +9.2500e-05  6.5277e-05  1.7600e-02  -1.7535e-02  1.0000e-01  
    103    2.3134e-03  3.1250e-02  4.8720e-03  1.7557e-02  -1.2685e-02  +7.3204e-05  +1.7567e-02  -1.7494e-02        1    +9.8855e-05  6.3319e-05  1.7557e-02  -1.7494e-02  1.0000e-01  
    104    4.8720e-03  1.5625e-02  2.5304e-03  1.7596e-02  -1.5065e-02  +7.1719e-05  +1.7605e-02  -1.7533e-02        1    +9.2721e-05  6.2446e-05  1.7596e-02  -1.7533e-02  1.0000e-01  
    105    2.5304e-03  3.1250e-02  5.3193e-03  1.7549e-02  -1.2230e-02  +7.0627e-05  +1.7559e-02  -1.7488e-02        1    +1.0033e-04  6.0594e-05  1.7549e-02  -1.7488e-02  1.0000e-01  
    106    5.3193e-03  1.5625e-02  2.7680e-03  1.7591e-02  -1.4823e-02  +6.9088e-05  +1.7601e-02  -1.7532e-02        1    +9.3018e-05  5.9786e-05  1.7591e-02  -1.7532e-02  1.0000e-01  
    107    2.7680e-03  3.1250e-02  5.8091e-03  1.7541e-02  -1.1732e-02  +6.8250e-05  +1.7551e-02  -1.7483e-02        1    +1.0212e-04  5.8038e-05  1.7541e-02  -1.7483e-02  1.0000e-01  
    108    5.8091e-03  1.5625e-02  3.0281e-03  1.7587e-02  -1.4559e-02  +6.6636e-05  +1.7597e-02  -1.7530e-02        1    +9.3406e-05  5.7295e-05  1.7587e-02  -1.7530e-02  1.0000e-01  
    109    3.0281e-03  3.1250e-02  6.3455e-03  1.7532e-02  -1.1187e-02  +6.6081e-05  +1.7543e-02  -1.7477e-02        1    +1.0430e-04  5.5651e-05  1.7532e-02  -1.7477e-02  1.0000e-01  
    110    6.3455e-03  1.5625e-02  3.3131e-03  1.7584e-02  -1.4271e-02  +6.4366e-05  +1.7593e-02  -1.7529e-02        1    +9.3903e-05  5.4976e-05  1.7584e-02  -1.7529e-02  1.0000e-01  
    111    3.3131e-03  3.1250e-02  6.9332e-03  1.7524e-02  -1.0591e-02  +6.4129e-05  +1.7535e-02  -1.7471e-02        1    +1.0694e-04  5.3434e-05  1.7524e-02  -1.7471e-02  1.0000e-01  
    112    6.9332e-03  1.5625e-02  3.6254e-03  1.7580e-02  -1.3955e-02  +6.2284e-05  +1.7590e-02  -1.7528e-02        1    +9.4531e-05  5.2831e-05  1.7580e-02  -1.7528e-02  1.0000e-01  
    113    3.6254e-03  1.5625e-02  1.9755e-03  1.7548e-02  -1.5572e-02  +6.1158e-05  +1.7557e-02  -1.7496e-02        1    +9.0998e-05  5.2059e-05  1.7548e-02  -1.7496e-02  1.0000e-01  
    114    1.9755e-03  3.1250e-02  3.9653e-03  1.7577e-02  -1.3612e-02  +6.0047e-05  +1.7587e-02  -1.7527e-02        1    +9.5309e-05  5.0516e-05  1.7577e-02  -1.7527e-02  1.0000e-01  
    115    3.9653e-03  1.5625e-02  2.1559e-03  1.7542e-02  -1.5386e-02  +5.8901e-05  +1.7551e-02  -1.7492e-02        1    +9.1100e-05  4.9791e-05  1.7542e-02  -1.7492e-02  1.0000e-01  
    116    2.1559e-03  3.1250e-02  4.3374e-03  1.7574e-02  -1.3237e-02  +5.7962e-05  +1.7584e-02  -1.7526e-02        1    +9.6272e-05  4.8335e-05  1.7574e-02  -1.7526e-02  1.0000e-01  
    117    4.3374e-03  1.5625e-02  2.3534e-03  1.7536e-02  -1.5182e-02  +5.6783e-05  +1.7545e-02  -1.7488e-02        1    +9.1255e-05  4.7657e-05  1.7536e-02  -1.7488e-02  1.0000e-01  
    118    2.3534e-03  3.1250e-02  4.7448e-03  1.7571e-02  -1.2826e-02  +5.6030e-05  +1.7581e-02  -1.7525e-02        1    +9.7457e-05  4.6284e-05  1.7571e-02  -1.7525e-02  1.0000e-01  
    119    4.7448e-03  1.5625e-02  2.5697e-03  1.7530e-02  -1.4960e-02  +5.4802e-05  +1.7539e-02  -1.7484e-02        1    +9.1472e-05  4.5655e-05  1.7530e-02  -1.7484e-02  1.0000e-01  
    120    2.5697e-03  3.1250e-02  5.1910e-03  1.7569e-02  -1.2378e-02  +5.4256e-05  +1.7579e-02  -1.7525e-02        1    +9.8908e-05  4.4366e-05  1.7569e-02  -1.7525e-02  1.0000e-01  
    121    5.1910e-03  1.5625e-02  2.8067e-03  1.7523e-02  -1.4717e-02  +5.2962e-05  +1.7533e-02  -1.7480e-02        1    +9.1765e-05  4.3785e-05  1.7523e-02  -1.7480e-02  1.0000e-01  
    122    2.8067e-03  3.1250e-02  5.6797e-03  1.7567e-02  -1.1887e-02  +5.2647e-05  +1.7577e-02  -1.7524e-02        1    +1.0068e-04  4.2579e-05  1.7567e-02  -1.7524e-02  1.0000e-01  
    123    5.6797e-03  1.5625e-02  3.0662e-03  1.7517e-02  -1.4451e-02  +5.1264e-05  +1.7527e-02  -1.7475e-02        1    +9.2147e-05  4.2050e-05  1.7517e-02  -1.7475e-02  1.0000e-01  
    124    3.0662e-03  3.1250e-02  6.2151e-03  1.7565e-02  -1.1350e-02  +5.1210e-05  +1.7576e-02  -1.7524e-02        1    +1.0283e-04  4.0927e-05  1.7565e-02  -1.7524e-02  1.0000e-01  
    125    6.2151e-03  1.5625e-02  3.3506e-03  1.7511e-02  -1.4161e-02  +4.9715e-05  +1.7521e-02  -1.7471e-02        1    +9.2638e-05  4.0451e-05  1.7511e-02  -1.7471e-02  1.0000e-01  
    126    3.3506e-03  1.5625e-02  1.7257e-03  1.7538e-02  -1.5812e-02  +4.8848e-05  +1.7547e-02  -1.7498e-02        1    +8.9731e-05  3.9875e-05  1.7538e-02  -1.7498e-02  1.0000e-01  
    127    1.7257e-03  3.1250e-02  3.6636e-03  1.7505e-02  -1.3841e-02  +4.7998e-05  +1.7514e-02  -1.7466e-02        1    +9.3263e-05  3.8672e-05  1.7505e-02  -1.7466e-02  1.0000e-01  
    128    3.6636e-03  1.5625e-02  1.8922e-03  1.7534e-02  -1.5642e-02  +4.7113e-05  +1.7543e-02  -1.7496e-02        1    +8.9792e-05  3.8134e-05  1.7534e-02  -1.7496e-02  1.0000e-01  
    129    1.8922e-03  3.1250e-02  4.0071e-03  1.7499e-02  -1.3491e-02  +4.6399e-05  +1.7508e-02  -1.7462e-02        1    +9.4046e-05  3.6995e-05  1.7499e-02  -1.7462e-02  1.0000e-01  
    130    4.0071e-03  1.5625e-02  2.0749e-03  1.7530e-02  -1.5456e-02  +4.5486e-05  +1.7539e-02  -1.7494e-02        1    +8.9897e-05  3.6496e-05  1.7530e-02  -1.7494e-02  1.0000e-01  
    131    2.0749e-03  3.1250e-02  4.3839e-03  1.7492e-02  -1.3108e-02  +4.4921e-05  +1.7501e-02  -1.7457e-02        1    +9.5018e-05  3.5419e-05  1.7492e-02  -1.7457e-02  1.0000e-01  
    132    4.3839e-03  1.5625e-02  2.2753e-03  1.7527e-02  -1.5252e-02  +4.3966e-05  +1.7536e-02  -1.7492e-02        1    +9.0057e-05  3.4960e-05  1.7527e-02  -1.7492e-02  1.0000e-01  
    133    2.2753e-03  3.1250e-02  4.7974e-03  1.7485e-02  -1.2688e-02  +4.3568e-05  +1.7495e-02  -1.7451e-02        1    +9.6220e-05  3.3946e-05  1.7485e-02  -1.7451e-02  1.0000e-01  
    134    4.7974e-03  1.5625e-02  2.4952e-03  1.7524e-02  -1.5029e-02  +4.2555e-05  +1.7533e-02  -1.7490e-02        1    +9.0281e-05  3.3527e-05  1.7524e-02  -1.7490e-02  1.0000e-01  
    135    2.4952e-03  3.1250e-02  5.2512e-03  1.7479e-02  -1.2227e-02  +4.2345e-05  +1.7488e-02  -1.7446e-02        1    +9.7696e-05  3.2575e-05  1.7479e-02  -1.7446e-02  1.0000e-01  
    136    5.2512e-03  1.5625e-02  2.7367e-03  1.7521e-02  -1.4784e-02  +4.1258e-05  +1.7530e-02  -1.7489e-02        1    +9.0584e-05  3.2199e-05  1.7521e-02  -1.7489e-02  1.0000e-01  
    137    2.7367e-03  1.5625e-02  1.5062e-03  1.7496e-02  -1.5990e-02  +4.0579e-05  +1.7505e-02  -1.7465e-02        1    +8.8539e-05  3.1725e-05  1.7496e-02  -1.7465e-02  1.0000e-01  
    138    1.5062e-03  3.1250e-02  3.0004e-03  1.7518e-02  -1.4518e-02  +3.9882e-05  +1.7527e-02  -1.7487e-02        1    +9.0978e-05  3.0785e-05  1.7518e-02  -1.7487e-02  1.0000e-01  
    139    3.0004e-03  1.5625e-02  1.6463e-03  1.7491e-02  -1.5845e-02  +3.9193e-05  +1.7500e-02  -1.7461e-02        1    +8.8535e-05  3.0339e-05  1.7491e-02  -1.7461e-02  1.0000e-01  
    140    1.6463e-03  3.1250e-02  3.2897e-03  1.7516e-02  -1.4226e-02  +3.8599e-05  +1.7525e-02  -1.7486e-02        1    +9.1483e-05  2.9451e-05  1.7516e-02  -1.7486e-02  1.0000e-01  
    141    3.2897e-03  1.5625e-02  1.8001e-03  1.7486e-02  -1.5686e-02  +3.7890e-05  +1.7495e-02  -1.7457e-02        1    +8.8564e-05  2.9034e-05  1.7486e-02  -1.7457e-02  1.0000e-01  
    142    1.8001e-03  3.1250e-02  3.6071e-03  1.7513e-02  -1.3906e-02  +3.7409e-05  +1.7522e-02  -1.7485e-02        1    +9.2123e-05  2.8196e-05  1.7513e-02  -1.7485e-02  1.0000e-01  
    143    3.6071e-03  1.5625e-02  1.9689e-03  1.7481e-02  -1.5512e-02  +3.6671e-05  +1.7490e-02  -1.7453e-02        1    +8.8630e-05  2.7808e-05  1.7481e-02  -1.7453e-02  1.0000e-01  
    144    1.9689e-03  3.1250e-02  3.9555e-03  1.7511e-02  -1.3556e-02  +3.6314e-05  +1.7520e-02  -1.7484e-02        1    +9.2925e-05  2.7022e-05  1.7511e-02  -1.7484e-02  1.0000e-01  
    145    3.9555e-03  1.5625e-02  2.1542e-03  1.7476e-02  -1.5322e-02  +3.5537e-05  +1.7485e-02  -1.7450e-02        1    +8.8743e-05  2.6663e-05  1.7476e-02  -1.7450e-02  1.0000e-01  
    146    2.1542e-03  3.1250e-02  4.3380e-03  1.7509e-02  -1.3171e-02  +3.5319e-05  +1.7519e-02  -1.7483e-02        1    +9.3922e-05  2.5927e-05  1.7509e-02  -1.7483e-02  1.0000e-01  
    147    4.3380e-03  1.5625e-02  2.3576e-03  1.7471e-02  -1.5114e-02  +3.4490e-05  +1.7480e-02  -1.7446e-02        1    +8.8911e-05  2.5599e-05  1.7471e-02  -1.7446e-02  1.0000e-01  
    148    2.3576e-03  3.1250e-02  4.7578e-03  1.7508e-02  -1.2750e-02  +3.4430e-05  +1.7517e-02  -1.7483e-02        1    +9.5154e-05  2.4914e-05  1.7508e-02  -1.7483e-02  1.0000e-01  
    149    4.7578e-03  1.5625e-02  2.5809e-03  1.7466e-02  -1.4885e-02  +3.3533e-05  +1.7475e-02  -1.7442e-02        1    +8.9146e-05  2.4619e-05  1.7466e-02  -1.7442e-02  1.0000e-01  
    150    2.5809e-03  1.5625e-02  1.3190e-03  1.7486e-02  -1.6167e-02  +3.3009e-05  +1.7495e-02  -1.7462e-02        1    +8.7412e-05  2.4268e-05  1.7486e-02  -1.7462e-02  1.0000e-01  
    151    1.3190e-03  3.1250e-02  2.8270e-03  1.7461e-02  -1.4634e-02  +3.2479e-05  +1.7470e-02  -1.7437e-02        1    +8.9462e-05  2.3532e-05  1.7461e-02  -1.7437e-02  1.0000e-01  
    152    2.8270e-03  1.5625e-02  1.4501e-03  1.7483e-02  -1.6033e-02  +3.1944e-05  +1.7492e-02  -1.7460e-02        1    +8.7388e-05  2.3205e-05  1.7483e-02  -1.7460e-02  1.0000e-01  
    153    1.4501e-03  3.1250e-02  3.0975e-03  1.7455e-02  -1.4358e-02  +3.1496e-05  +1.7464e-02  -1.7433e-02        1    +8.9877e-05  2.2508e-05  1.7455e-02  -1.7433e-02  1.0000e-01  
    154    3.0975e-03  1.5625e-02  1.5941e-03  1.7480e-02  -1.5886e-02  +3.0944e-05  +1.7489e-02  -1.7458e-02        1    +8.7393e-05  2.2204e-05  1.7480e-02  -1.7458e-02  1.0000e-01  
    155    1.5941e-03  3.1250e-02  3.3948e-03  1.7450e-02  -1.4055e-02  +3.0587e-05  +1.7459e-02  -1.7428e-02        1    +9.0410e-05  2.1546e-05  1.7450e-02  -1.7428e-02  1.0000e-01  
    156    3.3948e-03  1.5625e-02  1.7524e-03  1.7477e-02  -1.5725e-02  +3.0009e-05  +1.7486e-02  -1.7456e-02        1    +8.7431e-05  2.1266e-05  1.7477e-02  -1.7456e-02  1.0000e-01  
    157    1.7524e-03  3.1250e-02  3.7217e-03  1.7444e-02  -1.3723e-02  +2.9754e-05  +1.7454e-02  -1.7424e-02        1    +9.1085e-05  2.0645e-05  1.7444e-02  -1.7424e-02  1.0000e-01  
    158    3.7217e-03  1.5625e-02  1.9266e-03  1.7474e-02  -1.5548e-02  +2.9141e-05  +1.7483e-02  -1.7454e-02        1    +8.7509e-05  2.0390e-05  1.7474e-02  -1.7454e-02  1.0000e-01  
    159    1.9266e-03  3.1250e-02  4.0812e-03  1.7439e-02  -1.3358e-02  +2.9001e-05  +1.7448e-02  -1.7419e-02        1    +9.1933e-05  1.9807e-05  1.7439e-02  -1.7419e-02  1.0000e-01  
    160    4.0812e-03  1.5625e-02  2.1181e-03  1.7472e-02  -1.5354e-02  +2.8342e-05  +1.7480e-02  -1.7452e-02        1    +8.7637e-05  1.9579e-05  1.7472e-02  -1.7452e-02  1.0000e-01  
    161    2.1181e-03  3.1250e-02  4.4767e-03  1.7433e-02  -1.2956e-02  +2.8332e-05  +1.7442e-02  -1.7414e-02        1    +9.2989e-05  1.9033e-05  1.7433e-02  -1.7414e-02  1.0000e-01  
    162    4.4767e-03  1.5625e-02  2.3287e-03  1.7469e-02  -1.5140e-02  +2.7615e-05  +1.7478e-02  -1.7450e-02        1    +8.7824e-05  1.8833e-05  1.7469e-02  -1.7450e-02  1.0000e-01  
    163    2.3287e-03  1.5625e-02  1.2914e-03  1.7448e-02  -1.6157e-02  +2.7191e-05  +1.7457e-02  -1.7430e-02        1    +8.6325e-05  1.8559e-05  1.7448e-02  -1.7430e-02  1.0000e-01  
    164    1.2914e-03  3.1250e-02  2.5595e-03  1.7467e-02  -1.4907e-02  +2.6825e-05  +1.7476e-02  -1.7449e-02        1    +8.8081e-05  1.8017e-05  1.7467e-02  -1.7449e-02  1.0000e-01  
