=========================================================
*                                                       *
*  Samples: 5.12e+02; epsilon: 4.5211e-04; varepson:4.5211e-04 *
*                                                       *
=========================================================
     Iter   search_dire    stepsize    KKT_inf    eKKT_inf    KKT-eKKT      merit     e_merit     mrt-emrt      rank          f           c           ec        c-ec         tau    
initial    0.0000e+00  0.0000e+00  5.8324e-03  1.7442e-02  -1.1610e-02  +5.8409e-03  +1.7450e-02  -1.1610e-02        1    +8.5336e-05  5.8324e-03  1.7442e-02  -1.1610e-02  1.0000e-01  
      1    1.0147e-03  1.0000e+00  1.0628e-01  1.0626e-01  +2.4806e-05  +4.2586e-04  +1.1195e-02  -1.0769e-02        1    +4.1400e-03  1.1853e-05  1.0781e-02  -1.0769e-02  1.0000e-01  
      2    1.0628e-01  1.5625e-02  5.7116e-02  5.7038e-02  +7.8207e-05  +1.8882e-04  +1.2294e-02  -1.2105e-02        1    +1.2630e-03  6.2522e-05  1.2167e-02  -1.2105e-02  1.0000e-01  
      3    5.7116e-02  1.5625e-02  3.0681e-02  3.0701e-02  -2.0328e-05  +1.1552e-04  +1.1510e-02  -1.1394e-02        1    +4.1885e-04  7.3633e-05  1.1468e-02  -1.1394e-02  1.0000e-01  
      4    3.0681e-02  1.5625e-02  1.6344e-02  1.6293e-02  +5.0685e-05  +9.4527e-05  +1.1874e-02  -1.1779e-02        1    +1.7881e-04  7.6646e-05  1.1856e-02  -1.1779e-02  1.0000e-01  
      5    1.6344e-02  1.5625e-02  8.8453e-03  1.1652e-02  -2.8064e-03  +8.7387e-05  +1.1663e-02  -1.1575e-02        1    +1.0946e-04  7.6440e-05  1.1652e-02  -1.1575e-02  1.0000e-01  
      6    8.8453e-03  1.5625e-02  4.6674e-03  1.1761e-02  -7.0940e-03  +8.4548e-05  +1.1770e-02  -1.1686e-02        1    +8.9564e-05  7.5592e-05  1.1761e-02  -1.1686e-02  1.0000e-01  
      7    4.6674e-03  1.5625e-02  2.5656e-03  1.1702e-02  -9.1359e-03  +8.2871e-05  +1.1710e-02  -1.1627e-02        1    +8.3801e-05  7.4491e-05  1.1702e-02  -1.1627e-02  1.0000e-01  
      8    2.5656e-03  3.1250e-02  5.2003e-03  1.1762e-02  -6.5619e-03  +8.1408e-05  +1.1771e-02  -1.1690e-02        1    +9.1264e-05  7.2281e-05  1.1762e-02  -1.1690e-02  1.0000e-01  
      9    5.2003e-03  1.5625e-02  2.8382e-03  1.1695e-02  -8.8573e-03  +7.9677e-05  +1.1704e-02  -1.1624e-02        1    +8.4178e-05  7.1259e-05  1.1695e-02  -1.1624e-02  1.0000e-01  
     10    2.8382e-03  3.1250e-02  5.7808e-03  1.1763e-02  -5.9820e-03  +7.8510e-05  +1.1772e-02  -1.1694e-02        1    +9.3417e-05  6.9168e-05  1.1763e-02  -1.1694e-02  1.0000e-01  
     11    5.7808e-03  1.5625e-02  3.1494e-03  1.1689e-02  -8.5393e-03  +7.6688e-05  +1.1697e-02  -1.1621e-02        1    +8.4687e-05  6.8219e-05  1.1689e-02  -1.1621e-02  1.0000e-01  
     12    3.1494e-03  3.1250e-02  6.4262e-03  1.1764e-02  -5.3378e-03  +7.5868e-05  +1.1774e-02  -1.1698e-02        1    +9.6121e-05  6.6256e-05  1.1764e-02  -1.1698e-02  1.0000e-01  
     13    6.4262e-03  1.5625e-02  3.4966e-03  1.1682e-02  -8.1854e-03  +7.3919e-05  +1.1691e-02  -1.1617e-02        1    +8.5358e-05  6.5383e-05  1.1682e-02  -1.1617e-02  1.0000e-01  
     14    3.4966e-03  3.1250e-02  7.1449e-03  1.1766e-02  -4.6211e-03  +7.3500e-05  +1.1776e-02  -1.1702e-02        1    +9.9505e-05  6.3549e-05  1.1766e-02  -1.1702e-02  1.0000e-01  
     15    7.1449e-03  1.5625e-02  3.8830e-03  1.1675e-02  -7.7922e-03  +7.1378e-05  +1.1684e-02  -1.1612e-02        1    +8.6225e-05  6.2755e-05  1.1675e-02  -1.1612e-02  1.0000e-01  
     16    3.8830e-03  1.5625e-02  2.0314e-03  1.1722e-02  -9.6906e-03  +7.0077e-05  +1.1730e-02  -1.1660e-02        1    +8.2372e-05  6.1840e-05  1.1722e-02  -1.1660e-02  1.0000e-01  
     17    2.0314e-03  3.1250e-02  4.3152e-03  1.1668e-02  -7.3526e-03  +6.8700e-05  +1.1677e-02  -1.1608e-02        1    +8.7342e-05  5.9966e-05  1.1668e-02  -1.1608e-02  1.0000e-01  
     18    4.3152e-03  1.5625e-02  2.2635e-03  1.1720e-02  -9.4568e-03  +6.7368e-05  +1.1728e-02  -1.1661e-02        1    +8.2588e-05  5.9109e-05  1.1720e-02  -1.1661e-02  1.0000e-01  
     19    2.2635e-03  3.1250e-02  4.7972e-03  1.1660e-02  -6.8632e-03  +6.6211e-05  +1.1669e-02  -1.1603e-02        1    +8.8764e-05  5.7335e-05  1.1660e-02  -1.1603e-02  1.0000e-01  
     20    4.7972e-03  1.5625e-02  2.5222e-03  1.1719e-02  -9.1966e-03  +6.4827e-05  +1.1727e-02  -1.1662e-02        1    +8.2893e-05  5.6538e-05  1.1719e-02  -1.1662e-02  1.0000e-01  
     21    2.5222e-03  3.1250e-02  5.3345e-03  1.1653e-02  -6.3181e-03  +6.3919e-05  +1.1662e-02  -1.1598e-02        1    +9.0564e-05  5.4862e-05  1.1653e-02  -1.1598e-02  1.0000e-01  
     22    5.3345e-03  1.5625e-02  2.8108e-03  1.1718e-02  -8.9070e-03  +6.2457e-05  +1.1726e-02  -1.1664e-02        1    +8.3307e-05  5.4126e-05  1.1718e-02  -1.1664e-02  1.0000e-01  
     23    2.8108e-03  3.1250e-02  5.9337e-03  1.1645e-02  -5.7109e-03  +6.1832e-05  +1.1654e-02  -1.1592e-02        1    +9.2835e-05  5.2549e-05  1.1645e-02  -1.1592e-02  1.0000e-01  
     24    5.9337e-03  1.5625e-02  3.1328e-03  1.1717e-02  -8.5845e-03  +6.0263e-05  +1.1726e-02  -1.1665e-02        1    +8.3858e-05  5.1877e-05  1.1717e-02  -1.1665e-02  1.0000e-01  
     25    3.1328e-03  3.1250e-02  6.6020e-03  1.1636e-02  -5.0341e-03  +5.9968e-05  +1.1646e-02  -1.1586e-02        1    +9.5690e-05  5.0399e-05  1.1636e-02  -1.1586e-02  1.0000e-01  
     26    6.6020e-03  1.5625e-02  3.4921e-03  1.1717e-02  -8.2252e-03  +5.8253e-05  +1.1726e-02  -1.1668e-02        1    +8.4578e-05  4.9795e-05  1.1717e-02  -1.1668e-02  1.0000e-01  
     27    3.4921e-03  1.5625e-02  1.9275e-03  1.1672e-02  -9.7447e-03  +5.7196e-05  +1.1680e-02  -1.1623e-02        1    +8.1339e-05  4.9062e-05  1.1672e-02  -1.1623e-02  1.0000e-01  
     28    1.9275e-03  3.1250e-02  3.8908e-03  1.1718e-02  -7.8267e-03  +5.6149e-05  +1.1726e-02  -1.1670e-02        1    +8.5502e-05  4.7598e-05  1.1718e-02  -1.1670e-02  1.0000e-01  
     29    3.8908e-03  1.5625e-02  2.1416e-03  1.1667e-02  -9.5259e-03  +5.5061e-05  +1.1676e-02  -1.1621e-02        1    +8.1501e-05  4.6911e-05  1.1667e-02  -1.1621e-02  1.0000e-01  
     30    2.1416e-03  3.1250e-02  4.3352e-03  1.1718e-02  -7.3830e-03  +5.4198e-05  +1.1727e-02  -1.1673e-02        1    +8.6684e-05  4.5529e-05  1.1718e-02  -1.1673e-02  1.0000e-01  
     31    4.3352e-03  1.5625e-02  2.3805e-03  1.1663e-02  -9.2822e-03  +5.3061e-05  +1.1671e-02  -1.1618e-02        1    +8.1737e-05  4.4888e-05  1.1663e-02  -1.1618e-02  1.0000e-01  
     32    2.3805e-03  3.1250e-02  4.8307e-03  1.1719e-02  -6.8887e-03  +5.2407e-05  +1.1728e-02  -1.1676e-02        1    +8.8187e-05  4.3588e-05  1.1719e-02  -1.1676e-02  1.0000e-01  
     33    4.8307e-03  1.5625e-02  2.6467e-03  1.1658e-02  -9.0110e-03  +5.1201e-05  +1.1666e-02  -1.1615e-02        1    +8.2067e-05  4.2994e-05  1.1658e-02  -1.1615e-02  1.0000e-01  
     34    2.6467e-03  3.1250e-02  5.3833e-03  1.1721e-02  -6.3380e-03  +5.0786e-05  +1.1730e-02  -1.1680e-02        1    +9.0089e-05  4.1777e-05  1.1721e-02  -1.1680e-02  1.0000e-01  
     35    5.3833e-03  1.5625e-02  2.9437e-03  1.1653e-02  -8.7091e-03  +4.9484e-05  +1.1661e-02  -1.1612e-02        1    +8.2512e-05  4.1233e-05  1.1653e-02  -1.1612e-02  1.0000e-01  
     36    2.9437e-03  3.1250e-02  5.9996e-03  1.1724e-02  -5.7242e-03  +4.9348e-05  +1.1733e-02  -1.1684e-02        1    +9.2487e-05  4.0099e-05  1.1724e-02  -1.1684e-02  1.0000e-01  
     37    5.9996e-03  1.5625e-02  3.2749e-03  1.1648e-02  -8.3727e-03  +4.7918e-05  +1.1656e-02  -1.1608e-02        1    +8.3100e-05  3.9608e-05  1.1648e-02  -1.1608e-02  1.0000e-01  
     38    3.2749e-03  1.5625e-02  1.7062e-03  1.1687e-02  -9.9811e-03  +4.7073e-05  +1.1695e-02  -1.1648e-02        1    +8.0360e-05  3.9037e-05  1.1687e-02  -1.1648e-02  1.0000e-01  
     39    1.7062e-03  3.1250e-02  3.6458e-03  1.1642e-02  -7.9962e-03  +4.6242e-05  +1.1650e-02  -1.1604e-02        1    +8.3871e-05  3.7855e-05  1.1642e-02  -1.1604e-02  1.0000e-01  
     40    3.6458e-03  1.5625e-02  1.9058e-03  1.1686e-02  -9.7805e-03  +4.5369e-05  +1.1694e-02  -1.1649e-02        1    +8.0479e-05  3.7321e-05  1.1686e-02  -1.1649e-02  1.0000e-01  
     41    1.9058e-03  3.1250e-02  4.0600e-03  1.1636e-02  -7.5761e-03  +4.4690e-05  +1.1645e-02  -1.1600e-02        1    +8.4866e-05  3.6204e-05  1.1636e-02  -1.1600e-02  1.0000e-01  
     42    4.0600e-03  1.5625e-02  2.1287e-03  1.1686e-02  -9.5569e-03  +4.3775e-05  +1.1694e-02  -1.1650e-02        1    +8.0664e-05  3.5709e-05  1.1686e-02  -1.1650e-02  1.0000e-01  
     43    2.1287e-03  3.1250e-02  4.5227e-03  1.1630e-02  -7.1073e-03  +4.3269e-05  +1.1639e-02  -1.1595e-02        1    +8.6140e-05  3.4655e-05  1.1630e-02  -1.1595e-02  1.0000e-01  
     44    4.5227e-03  1.5625e-02  2.3777e-03  1.1685e-02  -9.3076e-03  +4.2294e-05  +1.1693e-02  -1.1651e-02        1    +8.0929e-05  3.4201e-05  1.1685e-02  -1.1651e-02  1.0000e-01  
     45    2.3777e-03  3.1250e-02  5.0396e-03  1.1623e-02  -6.5839e-03  +4.1987e-05  +1.1632e-02  -1.1590e-02        1    +8.7764e-05  3.3210e-05  1.1623e-02  -1.1590e-02  1.0000e-01  
     46    5.0396e-03  1.5625e-02  2.6560e-03  1.1685e-02  -9.0294e-03  +4.0929e-05  +1.1694e-02  -1.1653e-02        1    +8.1296e-05  3.2799e-05  1.1685e-02  -1.1653e-02  1.0000e-01  
     47    2.6560e-03  3.1250e-02  5.6172e-03  1.1617e-02  -5.9995e-03  +4.0856e-05  +1.1626e-02  -1.1585e-02        1    +8.9824e-05  3.1873e-05  1.1617e-02  -1.1585e-02  1.0000e-01  
     48    5.6172e-03  1.5625e-02  2.9669e-03  1.1686e-02  -8.7189e-03  +3.9688e-05  +1.1694e-02  -1.1654e-02        1    +8.1790e-05  3.1509e-05  1.1686e-02  -1.1654e-02  1.0000e-01  
     49    2.9669e-03  1.5625e-02  1.6477e-03  1.1648e-02  -9.9999e-03  +3.8991e-05  +1.1655e-02  -1.1616e-02        1    +7.9433e-05  3.1048e-05  1.1648e-02  -1.1616e-02  1.0000e-01  
     50    1.6477e-03  3.1250e-02  3.3128e-03  1.1686e-02  -8.3735e-03  +3.8373e-05  +1.1695e-02  -1.1656e-02        1    +8.2437e-05  3.0129e-05  1.1686e-02  -1.1656e-02  1.0000e-01  
     51    3.3128e-03  1.5625e-02  1.8336e-03  1.1644e-02  -9.8102e-03  +3.7650e-05  +1.1652e-02  -1.1614e-02        1    +7.9518e-05  2.9698e-05  1.1644e-02  -1.1614e-02  1.0000e-01  
     52    1.8336e-03  3.1250e-02  3.6991e-03  1.1687e-02  -7.9882e-03  +3.7161e-05  +1.1696e-02  -1.1659e-02        1    +8.3279e-05  2.8833e-05  1.1687e-02  -1.1659e-02  1.0000e-01  
     53    3.6991e-03  1.5625e-02  2.0414e-03  1.1640e-02  -9.5986e-03  +3.6398e-05  +1.1648e-02  -1.1612e-02        1    +7.9659e-05  2.8432e-05  1.1640e-02  -1.1612e-02  1.0000e-01  
     54    2.0414e-03  3.1250e-02  4.1306e-03  1.1689e-02  -7.5582e-03  +3.6056e-05  +1.1697e-02  -1.1661e-02        1    +8.4364e-05  2.7620e-05  1.1689e-02  -1.1661e-02  1.0000e-01  
     55    4.1306e-03  1.5625e-02  2.2735e-03  1.1636e-02  -9.3625e-03  +3.5238e-05  +1.1644e-02  -1.1609e-02        1    +7.9871e-05  2.7251e-05  1.1636e-02  -1.1609e-02  1.0000e-01  
     56    2.2735e-03  3.1250e-02  4.6127e-03  1.1691e-02  -7.0780e-03  +3.5068e-05  +1.1699e-02  -1.1664e-02        1    +8.5751e-05  2.6493e-05  1.1691e-02  -1.1664e-02  1.0000e-01  
     57    4.6127e-03  1.5625e-02  2.5329e-03  1.1632e-02  -9.0991e-03  +3.4175e-05  +1.1640e-02  -1.1606e-02        1    +8.0170e-05  2.6158e-05  1.1632e-02  -1.1606e-02  1.0000e-01  
     58    2.5329e-03  1.5625e-02  1.3094e-03  1.1663e-02  -1.0353e-02  +3.3630e-05  +1.1670e-02  -1.1637e-02        1    +7.8523e-05  2.5778e-05  1.1663e-02  -1.1637e-02  1.0000e-01  
     59    1.3094e-03  3.1250e-02  2.8237e-03  1.1628e-02  -8.8040e-03  +3.3051e-05  +1.1636e-02  -1.1603e-02        1    +8.0581e-05  2.4993e-05  1.1628e-02  -1.1603e-02  1.0000e-01  
     60    2.8237e-03  1.5625e-02  1.4660e-03  1.1662e-02  -1.0196e-02  +3.2492e-05  +1.1670e-02  -1.1637e-02        1    +7.8541e-05  2.4638e-05  1.1662e-02  -1.1637e-02  1.0000e-01  
     61    1.4660e-03  3.1250e-02  3.1489e-03  1.1623e-02  -8.4741e-03  +3.2008e-05  +1.1631e-02  -1.1599e-02        1    +8.1131e-05  2.3895e-05  1.1623e-02  -1.1599e-02  1.0000e-01  
     62    3.1489e-03  1.5625e-02  1.6412e-03  1.1661e-02  -1.0020e-02  +3.1424e-05  +1.1669e-02  -1.1638e-02        1    +7.8599e-05  2.3564e-05  1.1661e-02  -1.1638e-02  1.0000e-01  
     63    1.6412e-03  3.1250e-02  3.5128e-03  1.1618e-02  -8.1054e-03  +3.1048e-05  +1.1626e-02  -1.1595e-02        1    +8.1853e-05  2.2863e-05  1.1618e-02  -1.1595e-02  1.0000e-01  
     64    3.5128e-03  1.5625e-02  1.8373e-03  1.1661e-02  -9.8238e-03  +3.0429e-05  +1.1669e-02  -1.1639e-02        1    +7.8707e-05  2.2559e-05  1.1661e-02  -1.1639e-02  1.0000e-01  
     65    1.8373e-03  3.1250e-02  3.9199e-03  1.1613e-02  -7.6931e-03  +3.0177e-05  +1.1621e-02  -1.1591e-02        1    +8.2791e-05  2.1898e-05  1.1613e-02  -1.1591e-02  1.0000e-01  
     66    3.9199e-03  1.5625e-02  2.0567e-03  1.1661e-02  -9.6044e-03  +2.9510e-05  +1.1669e-02  -1.1639e-02        1    +7.8878e-05  2.1622e-05  1.1661e-02  -1.1639e-02  1.0000e-01  
     67    2.0567e-03  3.1250e-02  4.3756e-03  1.1608e-02  -7.2320e-03  +2.9403e-05  +1.1616e-02  -1.1587e-02        1    +8.4000e-05  2.1003e-05  1.1608e-02  -1.1587e-02  1.0000e-01  
     68    4.3756e-03  1.5625e-02  2.3023e-03  1.1661e-02  -9.3591e-03  +2.8669e-05  +1.1669e-02  -1.1641e-02        1    +7.9128e-05  2.0756e-05  1.1661e-02  -1.1641e-02  1.0000e-01  
     69    2.3023e-03  1.5625e-02  1.2916e-03  1.1632e-02  -1.0340e-02  +2.8218e-05  +1.1639e-02  -1.1611e-02        1    +7.7682e-05  2.0450e-05  1.1632e-02  -1.1611e-02  1.0000e-01  
     70    1.2916e-03  3.1250e-02  2.5762e-03  1.1662e-02  -9.0856e-03  +2.7791e-05  +1.1670e-02  -1.1642e-02        1    +7.9474e-05  1.9843e-05  1.1662e-02  -1.1642e-02  1.0000e-01  
     71    2.5762e-03  1.5625e-02  1.4390e-03  1.1629e-02  -1.0190e-02  +2.7325e-05  +1.1636e-02  -1.1609e-02        1    +7.7682e-05  1.9556e-05  1.1629e-02  -1.1609e-02  1.0000e-01  
     72    1.4390e-03  3.1250e-02  2.8826e-03  1.1663e-02  -8.7799e-03  +2.6979e-05  +1.1671e-02  -1.1644e-02        1    +7.9943e-05  1.8985e-05  1.1663e-02  -1.1644e-02  1.0000e-01  
     73    2.8826e-03  1.5625e-02  1.6041e-03  1.1626e-02  -1.0021e-02  +2.6489e-05  +1.1633e-02  -1.1607e-02        1    +7.7718e-05  1.8718e-05  1.1626e-02  -1.1607e-02  1.0000e-01  
     74    1.6041e-03  3.1250e-02  3.2256e-03  1.1664e-02  -8.4381e-03  +2.6238e-05  +1.1672e-02  -1.1646e-02        1    +8.0565e-05  1.8181e-05  1.1664e-02  -1.1646e-02  1.0000e-01  
     75    3.2256e-03  1.5625e-02  1.7888e-03  1.1622e-02  -9.8336e-03  +2.5714e-05  +1.1630e-02  -1.1604e-02        1    +7.7798e-05  1.7934e-05  1.1622e-02  -1.1604e-02  1.0000e-01  
     76    1.7888e-03  3.1250e-02  3.6095e-03  1.1665e-02  -8.0557e-03  +2.5571e-05  +1.1673e-02  -1.1648e-02        1    +8.1379e-05  1.7433e-05  1.1665e-02  -1.1648e-02  1.0000e-01  
     77    3.6095e-03  1.5625e-02  1.9956e-03  1.1619e-02  -9.6236e-03  +2.5001e-05  +1.1627e-02  -1.1602e-02        1    +7.7934e-05  1.7207e-05  1.1619e-02  -1.1602e-02  1.0000e-01  
     78    1.9956e-03  3.1250e-02  4.0392e-03  1.1667e-02  -7.6280e-03  +2.4985e-05  +1.1675e-02  -1.1650e-02        1    +8.2433e-05  1.6742e-05  1.1667e-02  -1.1650e-02  1.0000e-01  
     79    4.0392e-03  1.5625e-02  2.2271e-03  1.1616e-02  -9.3887e-03  +2.4354e-05  +1.1624e-02  -1.1599e-02        1    +7.8139e-05  1.6540e-05  1.1616e-02  -1.1599e-02  1.0000e-01  
     80    2.2271e-03  1.5625e-02  1.1467e-03  1.1643e-02  -1.0496e-02  +2.3990e-05  +1.1650e-02  -1.1626e-02        1    +7.6862e-05  1.6303e-05  1.1643e-02  -1.1626e-02  1.0000e-01  
     81    1.1467e-03  3.1250e-02  2.4870e-03  1.1612e-02  -9.1251e-03  +2.3653e-05  +1.1620e-02  -1.1596e-02        1    +7.8434e-05  1.5809e-05  1.1612e-02  -1.1596e-02  1.0000e-01  
     82    2.4870e-03  1.5625e-02  1.2869e-03  1.1642e-02  -1.0355e-02  +2.3274e-05  +1.1650e-02  -1.1627e-02        1    +7.6848e-05  1.5589e-05  1.1642e-02  -1.1627e-02  1.0000e-01  
     83    1.2869e-03  3.1250e-02  2.7782e-03  1.1608e-02  -8.8299e-03  +2.3006e-05  +1.1616e-02  -1.1593e-02        1    +7.8839e-05  1.5122e-05  1.1608e-02  -1.1593e-02  1.0000e-01  
     84    2.7782e-03  1.5625e-02  1.4440e-03  1.1642e-02  -1.0198e-02  +2.2606e-05  +1.1650e-02  -1.1627e-02        1    +7.6866e-05  1.4920e-05  1.1642e-02  -1.1627e-02  1.0000e-01  
     85    1.4440e-03  3.1250e-02  3.1047e-03  1.1604e-02  -8.4993e-03  +2.2418e-05  +1.1612e-02  -1.1589e-02        1    +7.9384e-05  1.4479e-05  1.1604e-02  -1.1589e-02  1.0000e-01  
     86    3.1047e-03  1.5625e-02  1.6201e-03  1.1642e-02  -1.0022e-02  +2.1987e-05  +1.1650e-02  -1.1628e-02        1    +7.6925e-05  1.4295e-05  1.1642e-02  -1.1628e-02  1.0000e-01  
     87    1.6201e-03  3.1250e-02  3.4707e-03  1.1600e-02  -8.1288e-03  +2.1892e-05  +1.1608e-02  -1.1586e-02        1    +8.0102e-05  1.3881e-05  1.1600e-02  -1.1586e-02  1.0000e-01  
     88    3.4707e-03  1.5625e-02  1.8176e-03  1.1642e-02  -9.8245e-03  +2.1419e-05  +1.1650e-02  -1.1628e-02        1    +7.7035e-05  1.3716e-05  1.1642e-02  -1.1628e-02  1.0000e-01  
     89    1.8176e-03  1.5625e-02  1.0317e-03  1.1618e-02  -1.0587e-02  +2.1123e-05  +1.1626e-02  -1.1605e-02        1    +7.6111e-05  1.3512e-05  1.1618e-02  -1.1605e-02  1.0000e-01  
     90    1.0317e-03  3.1250e-02  2.0383e-03  1.1642e-02  -9.6040e-03  +2.0832e-05  +1.1650e-02  -1.1629e-02        1    +7.7207e-05  1.3112e-05  1.1642e-02  -1.1629e-02  1.0000e-01  
     91    2.0383e-03  1.5625e-02  1.1506e-03  1.1616e-02  -1.0465e-02  +2.0527e-05  +1.1624e-02  -1.1603e-02        1    +7.6062e-05  1.2921e-05  1.1616e-02  -1.1603e-02  1.0000e-01  
     92    1.1506e-03  3.1250e-02  2.2857e-03  1.1643e-02  -9.3572e-03  +2.0289e-05  +1.1651e-02  -1.1630e-02        1    +7.7460e-05  1.2543e-05  1.1643e-02  -1.1630e-02  1.0000e-01  
     93    2.2857e-03  1.5625e-02  1.2840e-03  1.1613e-02  -1.0329e-02  +1.9968e-05  +1.1621e-02  -1.1601e-02        1    +7.6037e-05  1.2365e-05  1.1613e-02  -1.1601e-02  1.0000e-01  
     94    1.2840e-03  3.1250e-02  2.5631e-03  1.1644e-02  -9.0806e-03  +1.9791e-05  +1.1652e-02  -1.1632e-02        1    +7.7812e-05  1.2010e-05  1.1644e-02  -1.1632e-02  1.0000e-01  
     95    2.5631e-03  1.5625e-02  1.4336e-03  1.1611e-02  -1.0177e-02  +1.9449e-05  +1.1618e-02  -1.1599e-02        1    +7.6041e-05  1.1845e-05  1.1611e-02  -1.1599e-02  1.0000e-01  
     96    1.4336e-03  3.1250e-02  2.8742e-03  1.1645e-02  -8.7707e-03  +1.9343e-05  +1.1653e-02  -1.1633e-02        1    +7.8291e-05  1.1514e-05  1.1645e-02  -1.1633e-02  1.0000e-01  
     97    2.8742e-03  1.5625e-02  1.6014e-03  1.1608e-02  -1.0007e-02  +1.8971e-05  +1.1616e-02  -1.1597e-02        1    +7.6082e-05  1.1363e-05  1.1608e-02  -1.1597e-02  1.0000e-01  
     98    1.6014e-03  3.1250e-02  3.2230e-03  1.1646e-02  -8.4234e-03  +1.8948e-05  +1.1654e-02  -1.1635e-02        1    +7.8927e-05  1.1055e-05  1.1646e-02  -1.1635e-02  1.0000e-01  
     99    3.2230e-03  1.5625e-02  1.7895e-03  1.1605e-02  -9.8157e-03  +1.8536e-05  +1.1613e-02  -1.1594e-02        1    +7.6169e-05  1.0919e-05  1.1605e-02  -1.1594e-02  1.0000e-01  
    100    1.7895e-03  1.5625e-02  9.1243e-04  1.1627e-02  -1.0714e-02  +1.8297e-05  +1.1634e-02  -1.1616e-02        1    +7.5335e-05  1.0763e-05  1.1627e-02  -1.1616e-02  1.0000e-01  
    101    9.1243e-04  3.1250e-02  2.0010e-03  1.1602e-02  -9.6012e-03  +1.8067e-05  +1.1610e-02  -1.1592e-02        1    +7.6314e-05  1.0436e-05  1.1602e-02  -1.1592e-02  1.0000e-01  
    102    2.0010e-03  1.5625e-02  1.0266e-03  1.1626e-02  -1.0600e-02  +1.7818e-05  +1.1634e-02  -1.1616e-02        1    +7.5279e-05  1.0291e-05  1.1626e-02  -1.1616e-02  1.0000e-01  
    103    1.0266e-03  3.1250e-02  2.2384e-03  1.1599e-02  -9.3605e-03  +1.7634e-05  +1.1607e-02  -1.1589e-02        1    +7.6533e-05  9.9807e-06  1.1599e-02  -1.1589e-02  1.0000e-01  
    104    2.2384e-03  1.5625e-02  1.1549e-03  1.1626e-02  -1.0471e-02  +1.7371e-05  +1.1634e-02  -1.1616e-02        1    +7.5245e-05  9.8468e-06  1.1626e-02  -1.1616e-02  1.0000e-01  
    105    1.1549e-03  3.1250e-02  2.5050e-03  1.1595e-02  -9.0904e-03  +1.7239e-05  +1.1603e-02  -1.1586e-02        1    +7.6845e-05  9.5546e-06  1.1595e-02  -1.1586e-02  1.0000e-01  
    106    2.5050e-03  1.5625e-02  1.2988e-03  1.1626e-02  -1.0327e-02  +1.6956e-05  +1.1633e-02  -1.1616e-02        1    +7.5238e-05  9.4326e-06  1.1626e-02  -1.1616e-02  1.0000e-01  
    107    1.2988e-03  3.1250e-02  2.8044e-03  1.1592e-02  -8.7874e-03  +1.6885e-05  +1.1599e-02  -1.1583e-02        1    +7.7273e-05  9.1582e-06  1.1592e-02  -1.1583e-02  1.0000e-01  
    108    2.8044e-03  1.5625e-02  1.4605e-03  1.1626e-02  -1.0165e-02  +1.6575e-05  +1.1634e-02  -1.1617e-02        1    +7.5265e-05  9.0489e-06  1.1626e-02  -1.1617e-02  1.0000e-01  
    109    1.4605e-03  1.5625e-02  8.3999e-04  1.1607e-02  -1.0767e-02  +1.6379e-05  +1.1614e-02  -1.1598e-02        1    +7.4649e-05  8.9141e-06  1.1607e-02  -1.1598e-02  1.0000e-01  
    110    8.3999e-04  3.1250e-02  1.6417e-03  1.1626e-02  -9.9845e-03  +1.6184e-05  +1.1634e-02  -1.1618e-02        1    +7.5335e-05  8.6503e-06  1.1626e-02  -1.1618e-02  1.0000e-01  
    111    1.6417e-03  1.5625e-02  9.3774e-04  1.1605e-02  -1.0667e-02  +1.5981e-05  +1.1612e-02  -1.1596e-02        1    +7.4572e-05  8.5238e-06  1.1605e-02  -1.1596e-02  1.0000e-01  
    112    9.3774e-04  3.1250e-02  1.8451e-03  1.1627e-02  -9.7815e-03  +1.5821e-05  +1.1634e-02  -1.1618e-02        1    +7.5459e-05  8.2753e-06  1.1627e-02  -1.1618e-02  1.0000e-01  
    113    1.8451e-03  1.5625e-02  1.0475e-03  1.1603e-02  -1.0555e-02  +1.5608e-05  +1.1610e-02  -1.1595e-02        1    +7.4511e-05  8.1571e-06  1.1603e-02  -1.1595e-02  1.0000e-01  
    114    1.0475e-03  3.1250e-02  2.0735e-03  1.1627e-02  -9.5536e-03  +1.5489e-05  +1.1635e-02  -1.1619e-02        1    +7.5650e-05  7.9240e-06  1.1627e-02  -1.1619e-02  1.0000e-01  
    115    2.0735e-03  1.5625e-02  1.1709e-03  1.1600e-02  -1.0430e-02  +1.5261e-05  +1.1608e-02  -1.1593e-02        1    +7.4470e-05  7.8145e-06  1.1600e-02  -1.1593e-02  1.0000e-01  
    116    1.1709e-03  3.1250e-02  2.3302e-03  1.1628e-02  -9.2979e-03  +1.5190e-05  +1.1636e-02  -1.1620e-02        1    +7.5927e-05  7.5968e-06  1.1628e-02  -1.1620e-02  1.0000e-01  
    117    2.3302e-03  1.5625e-02  1.3095e-03  1.1598e-02  -1.0289e-02  +1.4942e-05  +1.1606e-02  -1.1591e-02        1    +7.4454e-05  7.4965e-06  1.1598e-02  -1.1591e-02  1.0000e-01  
    118    1.3095e-03  3.1250e-02  2.6186e-03  1.1629e-02  -9.0107e-03  +1.4926e-05  +1.1637e-02  -1.1622e-02        1    +7.6312e-05  7.2946e-06  1.1629e-02  -1.1622e-02  1.0000e-01  
    119    2.6186e-03  1.5625e-02  1.4652e-03  1.1596e-02  -1.0130e-02  +1.4651e-05  +1.1603e-02  -1.1588e-02        1    +7.4470e-05  7.2042e-06  1.1596e-02  -1.1588e-02  1.0000e-01  
    120    1.4652e-03  1.5625e-02  7.5466e-04  1.1613e-02  -1.0859e-02  +1.4492e-05  +1.1621e-02  -1.1606e-02        1    +7.3901e-05  7.1016e-06  1.1613e-02  -1.1606e-02  1.0000e-01  
    121    7.5466e-04  3.1250e-02  1.6405e-03  1.1593e-02  -9.9526e-03  +1.4337e-05  +1.1601e-02  -1.1586e-02        1    +7.4526e-05  6.8848e-06  1.1593e-02  -1.1586e-02  1.0000e-01  
    122    1.6405e-03  1.5625e-02  8.3347e-04  1.1613e-02  -1.0779e-02  +1.4172e-05  +1.1620e-02  -1.1606e-02        1    +7.3821e-05  6.7895e-06  1.1613e-02  -1.1606e-02  1.0000e-01  
    123    8.3347e-04  3.1250e-02  1.8375e-03  1.1590e-02  -9.7527e-03  +1.4048e-05  +1.1598e-02  -1.1584e-02        1    +7.4632e-05  6.5844e-06  1.1590e-02  -1.1584e-02  1.0000e-01  
    124    1.8375e-03  1.5625e-02  9.4003e-04  1.1612e-02  -1.0672e-02  +1.3872e-05  +1.1620e-02  -1.1606e-02        1    +7.3756e-05  6.4965e-06  1.1612e-02  -1.1606e-02  1.0000e-01  
    125    9.4003e-04  3.1250e-02  2.0592e-03  1.1587e-02  -9.5281e-03  +1.3783e-05  +1.1595e-02  -1.1581e-02        1    +7.4803e-05  6.3030e-06  1.1587e-02  -1.1581e-02  1.0000e-01  
    126    2.0592e-03  1.5625e-02  1.0599e-03  1.1612e-02  -1.0552e-02  +1.3594e-05  +1.1620e-02  -1.1606e-02        1    +7.3710e-05  6.2232e-06  1.1612e-02  -1.1606e-02  1.0000e-01  
    127    1.0599e-03  3.1250e-02  2.3086e-03  1.1584e-02  -9.2755e-03  +1.3547e-05  +1.1592e-02  -1.1578e-02        1    +7.5054e-05  6.0414e-06  1.1584e-02  -1.1578e-02  1.0000e-01  
    128    2.3086e-03  1.5625e-02  1.1947e-03  1.1612e-02  -1.0417e-02  +1.3339e-05  +1.1620e-02  -1.1606e-02        1    +7.3688e-05  5.9701e-06  1.1612e-02  -1.1606e-02  1.0000e-01  
    129    1.1947e-03  1.5625e-02  6.9717e-04  1.1596e-02  -1.0899e-02  +1.3207e-05  +1.1604e-02  -1.1591e-02        1    +7.3258e-05  5.8810e-06  1.1596e-02  -1.1591e-02  1.0000e-01  
    130    6.9717e-04  3.1250e-02  1.3461e-03  1.1612e-02  -1.0266e-02  +1.3077e-05  +1.1620e-02  -1.1607e-02        1    +7.3695e-05  5.7077e-06  1.1612e-02  -1.1607e-02  1.0000e-01  
    131    1.3461e-03  1.5625e-02  7.7896e-04  1.1595e-02  -1.0816e-02  +1.2940e-05  +1.1602e-02  -1.1589e-02        1    +7.3164e-05  5.6240e-06  1.1595e-02  -1.1589e-02  1.0000e-01  
    132    7.7896e-04  3.1250e-02  1.5164e-03  1.1613e-02  -1.0096e-02  +1.2835e-05  +1.1620e-02  -1.1607e-02        1    +7.3741e-05  5.4610e-06  1.1613e-02  -1.1607e-02  1.0000e-01  
    133    1.5164e-03  1.5625e-02  8.7100e-04  1.1593e-02  -1.0722e-02  +1.2691e-05  +1.1600e-02  -1.1587e-02        1    +7.3082e-05  5.3829e-06  1.1593e-02  -1.1587e-02  1.0000e-01  
    134    8.7100e-04  3.1250e-02  1.7080e-03  1.1613e-02  -9.9049e-03  +1.2613e-05  +1.1620e-02  -1.1608e-02        1    +7.3833e-05  5.2301e-06  1.1613e-02  -1.1608e-02  1.0000e-01  
    135    1.7080e-03  1.5625e-02  9.7458e-04  1.1591e-02  -1.0616e-02  +1.2459e-05  +1.1598e-02  -1.1586e-02        1    +7.3014e-05  5.1577e-06  1.1591e-02  -1.1586e-02  1.0000e-01  
    136    9.7458e-04  3.1250e-02  1.9237e-03  1.1614e-02  -9.6899e-03  +1.2414e-05  +1.1621e-02  -1.1609e-02        1    +7.3987e-05  5.0154e-06  1.1614e-02  -1.1609e-02  1.0000e-01  
    137    1.9237e-03  1.5625e-02  1.0912e-03  1.1589e-02  -1.0498e-02  +1.2246e-05  +1.1596e-02  -1.1584e-02        1    +7.2964e-05  4.9491e-06  1.1589e-02  -1.1584e-02  1.0000e-01  
    138    1.0912e-03  3.1250e-02  2.1664e-03  1.1614e-02  -9.4480e-03  +1.2239e-05  +1.1622e-02  -1.1610e-02        1    +7.4216e-05  4.8174e-06  1.1614e-02  -1.1610e-02  1.0000e-01  
    139    2.1664e-03  1.5625e-02  1.2224e-03  1.1587e-02  -1.0364e-02  +1.2051e-05  +1.1594e-02  -1.1582e-02        1    +7.2936e-05  4.7578e-06  1.1587e-02  -1.1582e-02  1.0000e-01  
    140    1.2224e-03  1.5625e-02  6.8915e-04  1.1601e-02  -1.0912e-02  +1.1944e-05  +1.1608e-02  -1.1596e-02        1    +7.2531e-05  4.6905e-06  1.1601e-02  -1.1596e-02  1.0000e-01  
    141    6.8915e-04  3.1250e-02  1.3703e-03  1.1584e-02  -1.0214e-02  +1.1841e-05  +1.1592e-02  -1.1580e-02        1    +7.2937e-05  4.5470e-06  1.1584e-02  -1.1580e-02  1.0000e-01  
    142    1.3703e-03  1.5625e-02  7.2628e-04  1.1601e-02  -1.0874e-02  +1.1728e-05  +1.1608e-02  -1.1596e-02        1    +7.2437e-05  4.4846e-06  1.1601e-02  -1.1596e-02  1.0000e-01  
    143    7.2628e-04  3.1250e-02  1.5370e-03  1.1582e-02  -1.0045e-02  +1.1646e-05  +1.1589e-02  -1.1578e-02        1    +7.2975e-05  4.3488e-06  1.1582e-02  -1.1578e-02  1.0000e-01  
    144    1.5370e-03  1.5625e-02  7.7892e-04  1.1600e-02  -1.0821e-02  +1.1527e-05  +1.1608e-02  -1.1596e-02        1    +7.2354e-05  4.2915e-06  1.1600e-02  -1.1596e-02  1.0000e-01  
    145    7.7892e-04  3.1250e-02  1.7247e-03  1.1579e-02  -9.8546e-03  +1.1469e-05  +1.1587e-02  -1.1575e-02        1    +7.3058e-05  4.1634e-06  1.1579e-02  -1.1575e-02  1.0000e-01  
    146    1.7247e-03  1.5625e-02  8.8055e-04  1.1600e-02  -1.0720e-02  +1.1340e-05  +1.1607e-02  -1.1596e-02        1    +7.2284e-05  4.1115e-06  1.1600e-02  -1.1596e-02  1.0000e-01  
    147    8.8055e-04  3.1250e-02  1.9363e-03  1.1576e-02  -9.6402e-03  +1.1311e-05  +1.1584e-02  -1.1573e-02        1    +7.3199e-05  3.9912e-06  1.1576e-02  -1.1573e-02  1.0000e-01  
    148    1.9363e-03  1.5625e-02  9.9509e-04  1.1600e-02  -1.0605e-02  +1.1168e-05  +1.1607e-02  -1.1596e-02        1    +7.2231e-05  3.9452e-06  1.1600e-02  -1.1596e-02  1.0000e-01  
    149    9.9509e-04  1.5625e-02  5.8980e-04  1.1587e-02  -1.0997e-02  +1.1078e-05  +1.1594e-02  -1.1583e-02        1    +7.1917e-05  3.8863e-06  1.1587e-02  -1.1583e-02  1.0000e-01  
    150    5.8980e-04  3.1250e-02  1.1240e-03  1.1600e-02  -1.0476e-02  +1.0993e-05  +1.1607e-02  -1.1596e-02        1    +7.2200e-05  3.7726e-06  1.1600e-02  -1.1596e-02  1.0000e-01  
    151    1.1240e-03  1.5625e-02  6.5950e-04  1.1585e-02  -1.0926e-02  +1.0899e-05  +1.1592e-02  -1.1581e-02        1    +7.1814e-05  3.7173e-06  1.1585e-02  -1.1581e-02  1.0000e-01  
    152    6.5950e-04  3.1250e-02  1.2692e-03  1.1600e-02  -1.0331e-02  +1.0830e-05  +1.1607e-02  -1.1596e-02        1    +7.2196e-05  3.6105e-06  1.1600e-02  -1.1596e-02  1.0000e-01  
    153    1.2692e-03  1.5625e-02  7.3807e-04  1.1583e-02  -1.0845e-02  +1.0731e-05  +1.1591e-02  -1.1580e-02        1    +7.1719e-05  3.5589e-06  1.1583e-02  -1.1580e-02  1.0000e-01  
    154    7.3807e-04  3.1250e-02  1.4329e-03  1.1600e-02  -1.0167e-02  +1.0682e-05  +1.1608e-02  -1.1597e-02        1    +7.2227e-05  3.4591e-06  1.1600e-02  -1.1597e-02  1.0000e-01  
    155    1.4329e-03  1.5625e-02  8.2666e-04  1.1582e-02  -1.0755e-02  +1.0575e-05  +1.1589e-02  -1.1578e-02        1    +7.1635e-05  3.4113e-06  1.1582e-02  -1.1578e-02  1.0000e-01  
    156    8.2666e-04  3.1250e-02  1.6174e-03  1.1601e-02  -9.9833e-03  +1.0549e-05  +1.1608e-02  -1.1597e-02        1    +7.2303e-05  3.3186e-06  1.1601e-02  -1.1597e-02  1.0000e-01  
    157    1.6174e-03  1.5625e-02  9.2654e-04  1.1580e-02  -1.0653e-02  +1.0431e-05  +1.1587e-02  -1.1577e-02        1    +7.1564e-05  3.2750e-06  1.1580e-02  -1.1577e-02  1.0000e-01  
    158    9.2654e-04  1.5625e-02  6.1055e-04  1.1591e-02  -1.0980e-02  +1.0360e-05  +1.1598e-02  -1.1587e-02        1    +7.1317e-05  3.2280e-06  1.1591e-02  -1.1587e-02  1.0000e-01  
    159    6.1055e-04  3.1250e-02  1.0393e-03  1.1578e-02  -1.0539e-02  +1.0279e-05  +1.1585e-02  -1.1575e-02        1    +7.1509e-05  3.1284e-06  1.1578e-02  -1.1575e-02  1.0000e-01  
    160    1.0393e-03  1.5625e-02  6.3877e-04  1.1590e-02  -1.0951e-02  +1.0205e-05  +1.1597e-02  -1.1587e-02        1    +7.1208e-05  3.0847e-06  1.1590e-02  -1.1587e-02  1.0000e-01  
    161    6.3877e-04  3.1250e-02  1.1665e-03  1.1576e-02  -1.0409e-02  +1.0138e-05  +1.1583e-02  -1.1573e-02        1    +7.1476e-05  2.9901e-06  1.1576e-02  -1.1573e-02  1.0000e-01  
    162    1.1665e-03  1.5625e-02  6.7065e-04  1.1590e-02  -1.0919e-02  +1.0060e-05  +1.1597e-02  -1.1587e-02        1    +7.1105e-05  2.9497e-06  1.1590e-02  -1.1587e-02  1.0000e-01  
    163    6.7065e-04  3.1250e-02  1.3100e-03  1.1574e-02  -1.0264e-02  +1.0007e-05  +1.1581e-02  -1.1571e-02        1    +7.1469e-05  2.8603e-06  1.1574e-02  -1.1571e-02  1.0000e-01  
    164    1.3100e-03  1.5625e-02  7.0668e-04  1.1589e-02  -1.0883e-02  +9.9245e-06  +1.1596e-02  -1.1586e-02        1    +7.1010e-05  2.8234e-06  1.1589e-02  -1.1586e-02  1.0000e-01  
    165    7.0668e-04  3.1250e-02  1.4720e-03  1.1571e-02  -1.0099e-02  +9.8887e-06  +1.1578e-02  -1.1569e-02        1    +7.1497e-05  2.7390e-06  1.1571e-02  -1.1569e-02  1.0000e-01  
    166    1.4720e-03  1.5625e-02  7.4740e-04  1.1589e-02  -1.0841e-02  +9.7986e-06  +1.1596e-02  -1.1586e-02        1    +7.0926e-05  2.7060e-06  1.1589e-02  -1.1586e-02  1.0000e-01  
    167    7.4740e-04  3.1250e-02  1.6548e-03  1.1569e-02  -9.9139e-03  +9.7835e-06  +1.1576e-02  -1.1566e-02        1    +7.1568e-05  2.6268e-06  1.1569e-02  -1.1566e-02  1.0000e-01  
    168    1.6548e-03  1.5625e-02  8.4419e-04  1.1589e-02  -1.0745e-02  +9.6832e-06  +1.1596e-02  -1.1586e-02        1    +7.0854e-05  2.5978e-06  1.1589e-02  -1.1586e-02  1.0000e-01  
    169    8.4419e-04  1.5625e-02  5.0854e-04  1.1577e-02  -1.1069e-02  +9.6205e-06  +1.1584e-02  -1.1575e-02        1    +7.0615e-05  2.5590e-06  1.1577e-02  -1.1575e-02  1.0000e-01  
    170    5.0854e-04  3.1250e-02  9.5592e-04  1.1589e-02  -1.0633e-02  +9.5649e-06  +1.1596e-02  -1.1586e-02        1    +7.0799e-05  2.4850e-06  1.1589e-02  -1.1586e-02  1.0000e-01  
    171    9.5592e-04  1.5625e-02  5.6905e-04  1.1576e-02  -1.1007e-02  +9.4993e-06  +1.1583e-02  -1.1573e-02        1    +7.0506e-05  2.4487e-06  1.1576e-02  -1.1573e-02  1.0000e-01  
    172    5.6905e-04  3.1250e-02  1.0821e-03  1.1589e-02  -1.0507e-02  +9.4558e-06  +1.1596e-02  -1.1586e-02        1    +7.0765e-05  2.3793e-06  1.1589e-02  -1.1586e-02  1.0000e-01  
    173    1.0821e-03  1.5625e-02  6.3738e-04  1.1574e-02  -1.0937e-02  +9.3859e-06  +1.1581e-02  -1.1572e-02        1    +7.0404e-05  2.3455e-06  1.1574e-02  -1.1572e-02  1.0000e-01  
    174    6.3738e-04  3.1250e-02  1.2245e-03  1.1589e-02  -1.0364e-02  +9.3565e-06  +1.1596e-02  -1.1586e-02        1    +7.0757e-05  2.2808e-06  1.1589e-02  -1.1586e-02  1.0000e-01  
    175    1.2245e-03  1.5625e-02  7.1455e-04  1.1573e-02  -1.0858e-02  +9.2806e-06  +1.1580e-02  -1.1570e-02        1    +7.0310e-05  2.2496e-06  1.1573e-02  -1.1570e-02  1.0000e-01  
    176    7.1455e-04  3.1250e-02  1.3854e-03  1.1589e-02  -1.0204e-02  +9.2681e-06  +1.1596e-02  -1.1587e-02        1    +7.0782e-05  2.1899e-06  1.1589e-02  -1.1587e-02  1.0000e-01  
    177    1.3854e-03  1.5625e-02  8.0173e-04  1.1571e-02  -1.0769e-02  +9.1841e-06  +1.1578e-02  -1.1569e-02        1    +7.0226e-05  2.1615e-06  1.1571e-02  -1.1569e-02  1.0000e-01  
    178    8.0173e-04  1.5625e-02  5.7495e-04  1.1580e-02  -1.1005e-02  +9.1342e-06  +1.1587e-02  -1.1578e-02        1    +7.0033e-05  2.1309e-06  1.1580e-02  -1.1578e-02  1.0000e-01  
    179    5.7495e-04  3.1250e-02  9.0029e-04  1.1569e-02  -1.0669e-02  +9.0805e-06  +1.1576e-02  -1.1567e-02        1    +7.0155e-05  2.0650e-06  1.1569e-02  -1.1567e-02  1.0000e-01  
    180    9.0029e-04  1.5625e-02  5.9957e-04  1.1580e-02  -1.0980e-02  +9.0287e-06  +1.1587e-02  -1.1578e-02        1    +6.9920e-05  2.0367e-06  1.1580e-02  -1.1578e-02  1.0000e-01  
    181    5.9957e-04  3.1250e-02  1.0117e-03  1.1567e-02  -1.0556e-02  +8.9841e-06  +1.1574e-02  -1.1565e-02        1    +7.0100e-05  1.9741e-06  1.1567e-02  -1.1565e-02  1.0000e-01  
    182    1.0117e-03  1.5625e-02  6.2746e-04  1.1579e-02  -1.0952e-02  +8.9294e-06  +1.1586e-02  -1.1577e-02        1    +6.9813e-05  1.9481e-06  1.1579e-02  -1.1577e-02  1.0000e-01  
