==================================================================================================================
* Experiment Info                                              
* Full training sample size: ****************** 5.01e+02 
* Initial sample size:       ****************** 1.10e+01 
==================================================================================================================
   Iter      time   n_samples Accum_G_eval  sub_it     KKT_res  e_KKT_res     f      c      ec  
   0  4.3999e+01 1.10e+01     3.102e+03     281  8.5152e-03 2.9822e-01 1.0343e-04 7.3841e-04 2.9822e-01 
   1  2.7841e+01 2.20e+01     7.315e+03     191  4.8692e-03 1.2114e-01 4.0746e-05 4.1696e-04 1.2114e-01 
   2  3.1203e+01 4.40e+01     1.596e+04     196  2.3533e-03 7.2999e-02 1.9865e-05 9.4827e-05 7.2999e-02 
   3  3.1899e+01 8.80e+01     3.440e+04     209  1.1254e-03 1.0012e-02 1.2469e-05 2.4498e-05 1.0012e-02 
   4  3.4711e+01 1.76e+02     7.109e+04     208  5.0608e-04 1.3554e-02 9.1409e-06 4.2714e-06 1.3554e-02 
   5  5.1542e+01 3.52e+02     1.645e+05     265  1.7011e-04 4.7067e-03 7.4182e-06 5.0255e-07 4.7067e-03 
   6  1.5170e+03 5.01e+02     4.721e+06    9095  9.9861e-06 9.9861e-06 1.2785e-06 1.9837e-10 1.9837e-10 
