=========================================================
*                                                       *
*  Samples: 1.10e+01; epsilon: 1.0062e-02; varepson:1.0062e-02 *
*                                                       *
=========================================================
     Iter   search_dire    stepsize    KKT_inf    eKKT_inf    KKT-eKKT      merit     e_merit     mrt-emrt      rank          f           c           ec        c-ec         tau    
initial    0.0000e+00  0.0000e+00  3.0219e+00  3.3408e+00  -3.1899e-01  +3.1456e+00  +3.4646e+00  -3.1899e-01        1    +1.2373e+00  3.0219e+00  3.3408e+00  -3.1899e-01  1.0000e-01  
      1    2.8808e+00  3.9062e-03  3.0090e+00  3.3700e+00  -3.6099e-01  +3.0339e+00  +3.3949e+00  -3.6099e-01        1    +2.4944e-01  3.0090e+00  3.3700e+00  -3.6099e-01  1.0000e-01  
      2    1.1669e+00  7.8125e-03  2.9907e+00  3.3283e+00  -3.3752e-01  +3.0094e+00  +3.3469e+00  -3.3752e-01        1    +1.8676e-01  2.9907e+00  3.3283e+00  -3.3752e-01  1.0000e-01  
      3    1.0861e+00  7.8125e-03  2.9643e+00  3.3464e+00  -3.8206e-01  +2.9982e+00  +3.3802e+00  -3.8206e-01        1    +3.3856e-01  2.9643e+00  3.3464e+00  -3.8206e-01  1.0000e-01  
      4    1.3752e+00  7.8125e-03  2.9359e+00  3.2619e+00  -3.2602e-01  +2.9879e+00  +3.3139e+00  -3.2602e-01        1    +5.2056e-01  2.9359e+00  3.2619e+00  -3.2602e-01  1.0000e-01  
      5    1.8635e+00  3.9062e-03  2.9278e+00  3.2901e+00  -3.6228e-01  +2.9311e+00  +3.2934e+00  -3.6228e-01        1    +3.2417e-02  2.9278e+00  3.2901e+00  -3.6228e-01  1.0000e-01  
      6    3.8406e-01  1.5625e-02  2.8809e+00  3.2214e+00  -3.4051e-01  +2.9076e+00  +3.2481e+00  -3.4051e-01        1    +2.6727e-01  2.8809e+00  3.2214e+00  -3.4051e-01  1.0000e-01  
      7    1.2907e+00  7.8125e-03  2.8600e+00  3.2506e+00  -3.9058e-01  +2.9029e+00  +3.2935e+00  -3.9058e-01        1    +4.2881e-01  2.8600e+00  3.2506e+00  -3.9058e-01  1.0000e-01  
      8    1.4971e+00  7.8125e-03  2.8237e+00  3.1561e+00  -3.3247e-01  +2.8706e+00  +3.2031e+00  -3.3247e-01        1    +4.6960e-01  2.8237e+00  3.1561e+00  -3.3247e-01  1.0000e-01  
      9    1.5901e+00  7.8125e-03  2.7950e+00  3.1863e+00  -3.9128e-01  +2.8508e+00  +3.2421e+00  -3.9128e-01        1    +5.5807e-01  2.7950e+00  3.1863e+00  -3.9128e-01  1.0000e-01  
     10    1.5754e+00  7.8125e-03  2.7521e+00  3.0838e+00  -3.3164e-01  +2.7936e+00  +3.1253e+00  -3.3164e-01        1    +4.1507e-01  2.7521e+00  3.0838e+00  -3.3164e-01  1.0000e-01  
     11    1.3006e+00  7.8125e-03  2.7168e+00  3.0989e+00  -3.8211e-01  +2.7505e+00  +3.1326e+00  -3.8211e-01        1    +3.3721e-01  2.7168e+00  3.0989e+00  -3.8211e-01  1.0000e-01  
     12    1.1361e+00  7.8125e-03  2.6821e+00  3.0226e+00  -3.4051e-01  +2.7019e+00  +3.0424e+00  -3.4051e-01        1    +1.9745e-01  2.6821e+00  3.0226e+00  -3.4051e-01  1.0000e-01  
     13    8.2644e-01  7.8125e-03  2.6541e+00  3.0283e+00  -3.7423e-01  +2.6670e+00  +3.0413e+00  -3.7423e-01        1    +1.2947e-01  2.6541e+00  3.0283e+00  -3.7423e-01  1.0000e-01  
     14    6.7255e-01  7.8125e-03  2.6280e+00  2.9790e+00  -3.5100e-01  +2.6352e+00  +2.9862e+00  -3.5100e-01        1    +7.1406e-02  2.6280e+00  2.9790e+00  -3.5100e-01  1.0000e-01  
     15    4.8534e-01  1.5625e-02  2.5779e+00  2.9702e+00  -3.9230e-01  +2.6205e+00  +3.0128e+00  -3.9230e-01        1    +4.2562e-01  2.5779e+00  2.9702e+00  -3.9230e-01  1.0000e-01  
     16    1.2529e+00  7.8125e-03  2.5430e+00  2.8917e+00  -3.4875e-01  +2.5629e+00  +2.9116e+00  -3.4875e-01        1    +1.9897e-01  2.5430e+00  2.8917e+00  -3.4875e-01  1.0000e-01  
     17    7.9848e-01  7.8125e-03  2.5166e+00  2.8958e+00  -3.7927e-01  +2.5269e+00  +2.9062e+00  -3.7927e-01        1    +1.0351e-01  2.5166e+00  2.8958e+00  -3.7927e-01  1.0000e-01  
     18    5.7803e-01  1.5625e-02  2.4641e+00  2.8079e+00  -3.4382e-01  +2.5165e+00  +2.8604e+00  -3.4382e-01        1    +5.2431e-01  2.4641e+00  2.8079e+00  -3.4382e-01  1.0000e-01  
     19    1.2814e+00  7.8125e-03  2.4279e+00  2.8163e+00  -3.8840e-01  +2.4510e+00  +2.8394e+00  -3.8840e-01        1    +2.3071e-01  2.4279e+00  2.8163e+00  -3.8840e-01  1.0000e-01  
     20    8.4001e-01  7.8125e-03  2.4022e+00  2.7632e+00  -3.6103e-01  +2.4101e+00  +2.7711e+00  -3.6103e-01        1    +7.9105e-02  2.4022e+00  2.7632e+00  -3.6103e-01  1.0000e-01  
     21    4.6215e-01  1.5625e-02  2.3554e+00  2.7528e+00  -3.9745e-01  +2.3914e+00  +2.7889e+00  -3.9745e-01        1    +3.6006e-01  2.3554e+00  2.7528e+00  -3.9745e-01  1.0000e-01  
     22    1.0474e+00  7.8125e-03  2.3279e+00  2.6917e+00  -3.6379e-01  +2.3386e+00  +2.7024e+00  -3.6379e-01        1    +1.0679e-01  2.3279e+00  2.6917e+00  -3.6379e-01  1.0000e-01  
     23    5.2678e-01  1.5625e-02  2.2793e+00  2.6833e+00  -4.0397e-01  +2.3248e+00  +2.7287e+00  -4.0397e-01        1    +4.5458e-01  2.2793e+00  2.6833e+00  -4.0397e-01  1.0000e-01  
     24    1.1452e+00  7.8125e-03  2.2522e+00  2.6196e+00  -3.6741e-01  +2.2633e+00  +2.6307e+00  -3.6741e-01        1    +1.1137e-01  2.2522e+00  2.6196e+00  -3.6741e-01  1.0000e-01  
     25    5.1982e-01  1.5625e-02  2.2047e+00  2.6117e+00  -4.0707e-01  +2.2476e+00  +2.6547e+00  -4.0707e-01        1    +4.2972e-01  2.2047e+00  2.6117e+00  -4.0707e-01  1.0000e-01  
     26    1.0715e+00  7.8125e-03  2.1798e+00  2.5524e+00  -3.7263e-01  +2.1885e+00  +2.5611e+00  -3.7263e-01        1    +8.7250e-02  2.1798e+00  2.5524e+00  -3.7263e-01  1.0000e-01  
     27    4.5657e-01  1.5625e-02  2.1369e+00  2.5441e+00  -4.0719e-01  +2.1675e+00  +2.5747e+00  -4.0719e-01        1    +3.0609e-01  2.1369e+00  2.5441e+00  -4.0719e-01  1.0000e-01  
     28    9.0575e-01  7.8125e-03  2.1146e+00  2.4934e+00  -3.7882e-01  +2.1201e+00  +2.4989e+00  -3.7882e-01        1    +5.4586e-02  2.1146e+00  2.4934e+00  -3.7882e-01  1.0000e-01  
     29    3.5534e-01  1.5625e-02  2.0767e+00  2.4826e+00  -4.0593e-01  +2.0945e+00  +2.5004e+00  -4.0593e-01        1    +1.7783e-01  2.0767e+00  2.4826e+00  -4.0593e-01  1.0000e-01  
     30    6.8990e-01  1.5625e-02  2.0317e+00  2.3969e+00  -3.6513e-01  +2.0862e+00  +2.4514e+00  -3.6513e-01        1    +5.4514e-01  2.0317e+00  2.3969e+00  -3.6513e-01  1.0000e-01  
     31    1.1799e+00  7.8125e-03  2.0002e+00  2.4049e+00  -4.0471e-01  +2.0083e+00  +2.4130e+00  -4.0471e-01        1    +8.0429e-02  2.0002e+00  2.4049e+00  -4.0471e-01  1.0000e-01  
     32    4.6128e-01  1.5625e-02  1.9625e+00  2.3405e+00  -3.7797e-01  +1.9839e+00  +2.3619e+00  -3.7797e-01        1    +2.1435e-01  1.9625e+00  2.3405e+00  -3.7797e-01  1.0000e-01  
     33    7.3666e-01  1.5625e-02  1.9096e+00  2.3391e+00  -4.2946e-01  +1.9685e+00  +2.3980e+00  -4.2946e-01        1    +5.8868e-01  1.9096e+00  2.3391e+00  -4.2946e-01  1.0000e-01  
     34    1.2702e+00  7.8125e-03  1.8876e+00  2.2772e+00  -3.8961e-01  +1.8927e+00  +2.2823e+00  -3.8961e-01        1    +5.1253e-02  1.8876e+00  2.2772e+00  -3.8961e-01  1.0000e-01  
     35    3.4766e-01  1.5625e-02  1.8545e+00  2.2704e+00  -4.1592e-01  +1.8667e+00  +2.2826e+00  -4.1592e-01        1    +1.2248e-01  1.8545e+00  2.2704e+00  -4.1592e-01  1.0000e-01  
     36    5.7766e-01  1.5625e-02  1.8171e+00  2.1971e+00  -3.7996e-01  +1.8448e+00  +2.2248e+00  -3.7996e-01        1    +2.7664e-01  1.8171e+00  2.1971e+00  -3.7996e-01  1.0000e-01  
     37    8.4470e-01  1.5625e-02  1.7636e+00  2.2041e+00  -4.4049e-01  +1.8259e+00  +2.2664e+00  -4.4049e-01        1    +6.2332e-01  1.7636e+00  2.2041e+00  -4.4049e-01  1.0000e-01  
     38    1.3159e+00  7.8125e-03  1.7427e+00  2.1397e+00  -3.9697e-01  +1.7458e+00  +2.1428e+00  -3.9697e-01        1    +3.1251e-02  1.7427e+00  2.1397e+00  -3.9697e-01  1.0000e-01  
     39    2.6531e-01  3.1250e-02  1.6825e+00  2.1215e+00  -4.3901e-01  +1.7244e+00  +2.1634e+00  -4.3901e-01        1    +4.1867e-01  1.6825e+00  2.1215e+00  -4.3901e-01  1.0000e-01  
     40    1.0798e+00  1.5625e-02  1.6422e+00  2.0071e+00  -3.6489e-01  +1.7175e+00  +2.0824e+00  -3.6489e-01        1    +7.5300e-01  1.6422e+00  2.0071e+00  -3.6489e-01  1.0000e-01  
     41    1.4131e+00  1.5625e-02  1.8352e+00  2.0392e+00  -2.0394e-01  +1.6812e+00  +2.1581e+00  -4.7688e-01        1    +1.1890e+00  1.5623e+00  2.0392e+00  -4.7688e-01  1.0000e-01  
     42    1.8352e+00  7.8125e-03  1.5451e+00  1.9544e+00  -4.0930e-01  +1.5462e+00  +1.9555e+00  -4.0930e-01        1    +1.1756e-02  1.5451e+00  1.9544e+00  -4.0930e-01  1.0000e-01  
     43    1.3951e-01  6.2500e-02  1.4488e+00  1.9090e+00  -4.6015e-01  +1.4958e+00  +1.9560e+00  -4.6015e-01        1    +4.7004e-01  1.4488e+00  1.9090e+00  -4.6015e-01  1.0000e-01  
     44    1.1577e+00  1.5625e-02  1.4274e+00  1.7869e+00  -3.5952e-01  +1.4824e+00  +1.8419e+00  -3.5952e-01        1    +5.4977e-01  1.4274e+00  1.7869e+00  -3.5952e-01  1.0000e-01  
     45    1.2269e+00  1.5625e-02  1.3891e+00  1.8687e+00  -4.7959e-01  +1.4445e+00  +1.9241e+00  -4.7959e-01        1    +5.5479e-01  1.3891e+00  1.8687e+00  -4.7959e-01  1.0000e-01  
     46    1.2582e+00  1.5625e-02  1.3715e+00  1.7350e+00  -3.6355e-01  +1.4218e+00  +1.7853e+00  -3.6355e-01        1    +5.0307e-01  1.3715e+00  1.7350e+00  -3.6355e-01  1.0000e-01  
     47    1.1847e+00  1.5625e-02  1.3388e+00  1.8189e+00  -4.8006e-01  +1.3781e+00  +1.8582e+00  -4.8006e-01        1    +3.9280e-01  1.3388e+00  1.8189e+00  -4.8006e-01  1.0000e-01  
     48    1.0705e+00  1.5625e-02  1.3178e+00  1.6932e+00  -3.7532e-01  +1.3459e+00  +1.7213e+00  -3.7532e-01        1    +2.8109e-01  1.3178e+00  1.6932e+00  -3.7532e-01  1.0000e-01  
     49    8.8684e-01  1.5625e-02  1.2922e+00  1.7540e+00  -4.6181e-01  +1.3109e+00  +1.7727e+00  -4.6181e-01        1    +1.8748e-01  1.2922e+00  1.7540e+00  -4.6181e-01  1.0000e-01  
     50    7.4266e-01  1.5625e-02  1.2705e+00  1.6590e+00  -3.8850e-01  +1.2822e+00  +1.6707e+00  -3.8850e-01        1    +1.1678e-01  1.2705e+00  1.6590e+00  -3.8850e-01  1.0000e-01  
     51    5.6660e-01  1.5625e-02  1.2488e+00  1.6920e+00  -4.4319e-01  +1.2562e+00  +1.6994e+00  -4.4319e-01        1    +7.3840e-02  1.2488e+00  1.6920e+00  -4.4319e-01  1.0000e-01  
     52    4.6580e-01  3.1250e-02  1.2060e+00  1.5553e+00  -3.4938e-01  +1.2510e+00  +1.6004e+00  -3.4938e-01        1    +4.5044e-01  1.2060e+00  1.5553e+00  -3.4938e-01  1.0000e-01  
     53    1.1259e+00  1.5625e-02  1.1771e+00  1.6342e+00  -4.5710e-01  +1.2029e+00  +1.6600e+00  -4.5710e-01        1    +2.5791e-01  1.1771e+00  1.6342e+00  -4.5710e-01  1.0000e-01  
     54    8.7379e-01  1.5625e-02  1.1559e+00  1.5286e+00  -3.7267e-01  +1.1694e+00  +1.5421e+00  -3.7267e-01        1    +1.3510e-01  1.1559e+00  1.5286e+00  -3.7267e-01  1.0000e-01  
     55    6.1408e-01  1.5625e-02  1.1353e+00  1.5661e+00  -4.3074e-01  +1.1425e+00  +1.5732e+00  -4.3074e-01        1    +7.1086e-02  1.1353e+00  1.5661e+00  -4.3074e-01  1.0000e-01  
     56    4.5914e-01  3.1250e-02  1.0951e+00  1.4359e+00  -3.4088e-01  +1.1340e+00  +1.4748e+00  -3.4088e-01        1    +3.8894e-01  1.0951e+00  1.4359e+00  -3.4088e-01  1.0000e-01  
     57    1.0490e+00  1.5625e-02  1.0693e+00  1.5079e+00  -4.3861e-01  +1.0881e+00  +1.5267e+00  -4.3861e-01        1    +1.8813e-01  1.0693e+00  1.5079e+00  -4.3861e-01  1.0000e-01  
     58    7.4904e-01  1.5625e-02  1.0498e+00  1.4179e+00  -3.6811e-01  +1.0582e+00  +1.4263e+00  -3.6811e-01        1    +8.3818e-02  1.0498e+00  1.4179e+00  -3.6811e-01  1.0000e-01  
     59    4.8181e-01  3.1250e-02  1.1693e+00  1.4655e+00  -2.9617e-01  +1.0563e+00  +1.5108e+00  -4.5457e-01        1    +4.5382e-01  1.0109e+00  1.4655e+00  -4.5457e-01  1.0000e-01  
     60    1.1693e+00  1.5625e-02  9.8906e-01  1.3339e+00  -3.4489e-01  +1.0080e+00  +1.3529e+00  -3.4489e-01        1    +1.8984e-01  9.8906e-01  1.3339e+00  -3.4489e-01  1.0000e-01  
     61    7.3361e-01  1.5625e-02  9.6960e-01  1.3813e+00  -4.1172e-01  +9.7732e-01  +1.3890e+00  -4.1172e-01        1    +7.7189e-02  9.6960e-01  1.3813e+00  -4.1172e-01  1.0000e-01  
     62    4.7974e-01  3.1250e-02  1.0209e+00  1.2563e+00  -2.3539e-01  +9.7028e-01  +1.2929e+00  -3.2265e-01        1    +3.6626e-01  9.3365e-01  1.2563e+00  -3.2265e-01  1.0000e-01  
     63    1.0209e+00  1.5625e-02  9.1103e-01  1.3248e+00  -4.1381e-01  +9.2486e-01  +1.3387e+00  -4.1381e-01        1    +1.3832e-01  9.1103e-01  1.3248e+00  -4.1381e-01  1.0000e-01  
     64    6.4355e-01  1.5625e-02  8.9452e-01  1.2508e+00  -3.5623e-01  +8.9933e-01  +1.2556e+00  -3.5623e-01        1    +4.8044e-02  8.9452e-01  1.2508e+00  -3.5623e-01  1.0000e-01  
     65    3.6260e-01  3.1250e-02  8.6323e-01  1.2826e+00  -4.1933e-01  +8.8593e-01  +1.3053e+00  -4.1933e-01        1    +2.2696e-01  8.6323e-01  1.2826e+00  -4.1933e-01  1.0000e-01  
     66    8.2937e-01  1.5625e-02  8.4591e-01  1.1909e+00  -3.4497e-01  +8.5355e-01  +1.1985e+00  -3.4497e-01        1    +7.6321e-02  8.4591e-01  1.1909e+00  -3.4497e-01  1.0000e-01  
     67    4.6205e-01  3.1250e-02  1.0352e+00  1.2377e+00  -2.0259e-01  +8.4908e-01  +1.2731e+00  -4.2403e-01        1    +3.5364e-01  8.1371e-01  1.2377e+00  -4.2403e-01  1.0000e-01  
     68    1.0352e+00  1.5625e-02  7.9551e-01  1.1280e+00  -3.3246e-01  +8.0665e-01  +1.1391e+00  -3.3246e-01        1    +1.1139e-01  7.9551e-01  1.1280e+00  -3.3246e-01  1.0000e-01  
     69    5.6244e-01  1.5625e-02  7.8081e-01  1.1621e+00  -3.8127e-01  +7.8440e-01  +1.1657e+00  -3.8127e-01        1    +3.5920e-02  7.8081e-01  1.1621e+00  -3.8127e-01  1.0000e-01  
     70    3.2568e-01  3.1250e-02  7.5357e-01  1.0781e+00  -3.2450e-01  +7.6821e-01  +1.0927e+00  -3.2450e-01        1    +1.4639e-01  7.5357e-01  1.0781e+00  -3.2450e-01  1.0000e-01  
     71    6.4484e-01  1.5625e-02  7.3895e-01  1.1183e+00  -3.7931e-01  +7.4353e-01  +1.1228e+00  -3.7931e-01        1    +4.5789e-02  7.3895e-01  1.1183e+00  -3.7931e-01  1.0000e-01  
     72    3.6879e-01  3.1250e-02  7.2979e-01  1.0279e+00  -2.9814e-01  +7.3111e-01  +1.0466e+00  -3.1549e-01        1    +1.8667e-01  7.1244e-01  1.0279e+00  -3.1549e-01  1.0000e-01  
     73    7.2979e-01  1.5625e-02  6.9751e-01  1.0746e+00  -3.7705e-01  +7.0310e-01  +1.0802e+00  -3.7705e-01        1    +5.5944e-02  6.9751e-01  1.0746e+00  -3.7705e-01  1.0000e-01  
     74    4.0825e-01  3.1250e-02  8.0270e-01  9.7885e-01  -1.7614e-01  +6.9416e-01  +1.0014e+00  -3.0720e-01        1    +2.2512e-01  6.7165e-01  9.7885e-01  -3.0720e-01  1.0000e-01  
     75    8.0270e-01  1.5625e-02  6.5647e-01  1.0307e+00  -3.7424e-01  +6.6288e-01  +1.0371e+00  -3.7424e-01        1    +6.4187e-02  6.5647e-01  1.0307e+00  -3.7424e-01  1.0000e-01  
     76    4.3780e-01  3.1250e-02  8.5194e-01  9.3168e-01  -7.9735e-02  +6.5667e-01  +9.5696e-01  -3.0029e-01        1    +2.5283e-01  6.3138e-01  9.3168e-01  -3.0029e-01  1.0000e-01  
     77    8.5194e-01  1.5625e-02  6.1623e-01  9.8681e-01  -3.7058e-01  +6.2305e-01  +9.9363e-01  -3.7058e-01        1    +6.8207e-02  6.1623e-01  9.8681e-01  -3.7058e-01  1.0000e-01  
     78    4.5164e-01  3.1250e-02  8.6790e-01  8.8759e-01  -1.9691e-02  +6.1841e-01  +9.1375e-01  -2.9535e-01        1    +2.6166e-01  5.9224e-01  8.8759e-01  -2.9535e-01  1.0000e-01  
     79    8.6790e-01  1.5625e-02  5.7759e-01  9.4360e-01  -3.6601e-01  +5.8426e-01  +9.5026e-01  -3.6601e-01        1    +6.6660e-02  5.7759e-01  9.4360e-01  -3.6601e-01  1.0000e-01  
     80    4.4663e-01  3.1250e-02  8.4699e-01  8.4769e-01  -7.0030e-04  +5.7989e-01  +8.7255e-01  -2.9266e-01        1    +2.4861e-01  5.5503e-01  8.4769e-01  -2.9266e-01  1.0000e-01  
     81    8.4699e-01  1.5625e-02  5.4137e-01  9.0209e-01  -3.6073e-01  +5.4737e-01  +9.0809e-01  -3.6073e-01        1    +5.9996e-02  5.4137e-01  9.0209e-01  -3.6073e-01  1.0000e-01  
     82    4.2361e-01  3.1250e-02  7.9336e-01  8.1260e-01  -1.9247e-02  +5.4225e-01  +8.3438e-01  -2.9212e-01        1    +2.1776e-01  5.2048e-01  8.1260e-01  -2.9212e-01  1.0000e-01  
     83    7.9336e-01  1.5625e-02  5.0813e-01  8.6327e-01  -3.5513e-01  +5.1315e-01  +8.6829e-01  -3.5513e-01        1    +5.0177e-02  5.0813e-01  8.6327e-01  -3.5513e-01  1.0000e-01  
     84    3.8704e-01  3.1250e-02  7.1695e-01  7.8223e-01  -6.5275e-02  +5.0676e-01  +8.0000e-01  -2.9325e-01        1    +1.7774e-01  4.8898e-01  7.8223e-01  -2.9325e-01  1.0000e-01  
     85    7.1695e-01  1.5625e-02  4.7804e-01  8.2767e-01  -3.4963e-01  +4.8200e-01  +8.3163e-01  -3.4963e-01        1    +3.9548e-02  4.7804e-01  8.2767e-01  -3.4963e-01  1.0000e-01  
     86    3.4301e-01  3.1250e-02  6.2952e-01  7.5592e-01  -1.2639e-01  +4.7425e-01  +7.6963e-01  -2.9538e-01        1    +1.3716e-01  4.6054e-01  7.5592e-01  -2.9538e-01  1.0000e-01  
     87    6.2952e-01  1.5625e-02  4.5090e-01  7.9539e-01  -3.4449e-01  +4.5388e-01  +7.9837e-01  -3.4449e-01        1    +2.9841e-02  4.5090e-01  7.9539e-01  -3.4449e-01  1.0000e-01  
     88    2.9711e-01  3.1250e-02  5.4102e-01  7.3278e-01  -1.9176e-01  +4.4503e-01  +7.4294e-01  -2.9791e-01        1    +1.0156e-01  4.3487e-01  7.3278e-01  -2.9791e-01  1.0000e-01  
     89    5.4102e-01  1.5625e-02  4.2633e-01  7.6618e-01  -3.3985e-01  +4.2851e-01  +7.6837e-01  -3.3985e-01        1    +2.1877e-02  4.2633e-01  7.6618e-01  -3.3985e-01  1.0000e-01  
     90    2.5329e-01  3.1250e-02  4.5807e-01  7.1200e-01  -2.5393e-01  +4.1889e-01  +7.1931e-01  -3.0042e-01        1    +7.3135e-02  4.1157e-01  7.1200e-01  -3.0042e-01  1.0000e-01  
     91    4.5807e-01  1.5625e-02  4.0392e-01  7.3968e-01  -3.3576e-01  +4.0550e-01  +7.4126e-01  -3.3576e-01        1    +1.5778e-02  4.0392e-01  7.3968e-01  -3.3576e-01  1.0000e-01  
     92    2.1374e-01  3.1250e-02  3.9026e-01  6.9291e-01  -3.0266e-01  +3.9543e-01  +6.9809e-01  -3.0266e-01        1    +5.1765e-02  3.9026e-01  6.9291e-01  -3.0266e-01  1.0000e-01  
     93    3.8407e-01  3.1250e-02  7.4851e-01  7.3555e-01  +1.2965e-02  +3.9311e-01  +7.5402e-01  -3.6091e-01        1    +1.8471e-01  3.7464e-01  7.3555e-01  -3.6091e-01  1.0000e-01  
     94    7.4851e-01  1.5625e-02  3.6616e-01  6.6893e-01  -3.0278e-01  +3.6971e-01  +6.7248e-01  -3.0278e-01        1    +3.5513e-02  3.6616e-01  6.6893e-01  -3.0278e-01  1.0000e-01  
     95    3.1764e-01  3.1250e-02  6.1238e-01  7.0391e-01  -9.1532e-02  +3.6454e-01  +7.1625e-01  -3.5171e-01        1    +1.2335e-01  3.5221e-01  7.0391e-01  -3.5171e-01  1.0000e-01  
     96    6.1238e-01  1.5625e-02  3.4478e-01  6.4927e-01  -3.0449e-01  +3.4710e-01  +6.5159e-01  -3.0449e-01        1    +2.3225e-02  3.4478e-01  6.4927e-01  -3.0449e-01  1.0000e-01  
     97    2.5412e-01  3.1250e-02  4.8992e-01  6.7578e-01  -1.8586e-01  +3.4053e-01  +6.8372e-01  -3.4319e-01        1    +7.9425e-02  3.3259e-01  6.7578e-01  -3.4319e-01  1.0000e-01  
     98    4.8992e-01  1.5625e-02  3.2615e-01  6.3193e-01  -3.0578e-01  +3.2764e-01  +6.3342e-01  -3.0578e-01        1    +1.4892e-02  3.2615e-01  6.3193e-01  -3.0578e-01  1.0000e-01  
     99    2.0093e-01  3.1250e-02  3.8809e-01  6.5135e-01  -2.6326e-01  +3.2011e-01  +6.5637e-01  -3.3626e-01        1    +5.0125e-02  3.1510e-01  6.5135e-01  -3.3626e-01  1.0000e-01  
    100    3.8809e-01  3.1250e-02  6.9631e-01  6.6980e-01  +2.6515e-02  +3.1879e-01  +5.9552e-01  -2.7673e-01        1    +1.6674e-01  3.0212e-01  5.7885e-01  -2.7673e-01  1.0000e-01  
    101    6.9631e-01  1.5625e-02  3.0332e-01  6.2339e-01  -3.2007e-01  +2.9743e-01  +6.2651e-01  -3.2908e-01        1    +3.1238e-02  2.9430e-01  6.2339e-01  -3.2908e-01  1.0000e-01  
    102    3.0332e-01  3.1250e-02  5.4044e-01  5.6713e-01  -2.6692e-02  +2.9341e-01  +5.7722e-01  -2.8381e-01        1    +1.0083e-01  2.8333e-01  5.6713e-01  -2.8381e-01  1.0000e-01  
    103    5.4044e-01  1.5625e-02  2.7723e-01  6.0135e-01  -3.2412e-01  +2.7910e-01  +6.0322e-01  -3.2412e-01        1    +1.8670e-02  2.7723e-01  6.0135e-01  -3.2412e-01  1.0000e-01  
    104    2.3343e-01  3.1250e-02  4.1219e-01  5.5692e-01  -1.4473e-01  +2.7333e-01  +5.6282e-01  -2.8949e-01        1    +5.8973e-02  2.6744e-01  5.5692e-01  -2.8949e-01  1.0000e-01  
    105    4.1219e-01  1.5625e-02  2.6233e-01  5.8244e-01  -3.2012e-01  +2.6343e-01  +5.8355e-01  -3.2012e-01        1    +1.1064e-02  2.6233e-01  5.8244e-01  -3.2012e-01  1.0000e-01  
    106    1.7771e-01  3.1250e-02  3.1140e-01  5.4732e-01  -2.3592e-01  +2.5686e-01  +5.5073e-01  -2.9387e-01        1    +3.4046e-02  2.5346e-01  5.4732e-01  -2.9387e-01  1.0000e-01  
    107    3.1140e-01  3.1250e-02  5.8480e-01  5.8299e-01  +1.8139e-03  +2.5478e-01  +5.9432e-01  -3.3955e-01        1    +1.1334e-01  2.4344e-01  5.8299e-01  -3.3955e-01  1.0000e-01  
    108    5.8480e-01  1.5625e-02  2.3809e-01  5.3415e-01  -2.9605e-01  +2.4002e-01  +5.3608e-01  -2.9605e-01        1    +1.9294e-02  2.3809e-01  5.3415e-01  -2.9605e-01  1.0000e-01  
    109    2.3285e-01  3.1250e-02  4.3507e-01  5.6017e-01  -1.2510e-01  +2.3569e-01  +5.6645e-01  -3.3075e-01        1    +6.2761e-02  2.2942e-01  5.6017e-01  -3.3075e-01  1.0000e-01  
    110    4.3507e-01  1.5625e-02  2.2489e-01  5.2344e-01  -2.9856e-01  +2.2597e-01  +5.2452e-01  -2.9856e-01        1    +1.0767e-02  2.2489e-01  5.2344e-01  -2.9856e-01  1.0000e-01  
    111    1.7042e-01  3.1250e-02  3.2034e-01  5.4104e-01  -2.2070e-01  +2.2072e-01  +5.4448e-01  -3.2376e-01        1    +3.4353e-02  2.1728e-01  5.4104e-01  -3.2376e-01  1.0000e-01  
    112    3.2034e-01  3.1250e-02  5.6476e-01  5.4313e-01  +2.1627e-02  +2.1941e-01  +4.9565e-01  -2.7624e-01        1    +1.0946e-01  2.0846e-01  4.8470e-01  -2.7624e-01  1.0000e-01  
    113    5.6476e-01  1.5625e-02  2.3443e-01  5.2090e-01  -2.8647e-01  +2.0519e-01  +5.2279e-01  -3.1760e-01        1    +1.8841e-02  2.0331e-01  5.2090e-01  -3.1760e-01  1.0000e-01  
    114    2.3443e-01  3.1250e-02  4.1116e-01  4.7952e-01  -6.8363e-02  +2.0176e-01  +4.8536e-01  -2.8360e-01        1    +5.8419e-02  1.9592e-01  4.7952e-01  -2.8360e-01  1.0000e-01  
    115    4.1116e-01  1.5625e-02  1.9195e-01  5.0554e-01  -3.1359e-01  +1.9297e-01  +5.0656e-01  -3.1359e-01        1    +1.0165e-02  1.9195e-01  5.0554e-01  -3.1359e-01  1.0000e-01  
    116    1.7041e-01  3.1250e-02  2.9632e-01  4.7434e-01  -1.7802e-01  +1.8843e-01  +4.7741e-01  -2.8897e-01        1    +3.0684e-02  1.8537e-01  4.7434e-01  -2.8897e-01  1.0000e-01  
    117    2.9632e-01  3.1250e-02  5.4607e-01  5.2710e-01  +1.8970e-02  +1.8762e-01  +5.1934e-01  -3.3172e-01        1    +9.9008e-02  1.7772e-01  5.0944e-01  -3.3172e-01  1.0000e-01  
    118    5.4607e-01  1.5625e-02  2.1124e-01  4.6558e-01  -2.5435e-01  +1.7524e-01  +4.6717e-01  -2.9193e-01        1    +1.5845e-02  1.7366e-01  4.6558e-01  -2.9193e-01  1.0000e-01  
    119    2.1124e-01  3.1250e-02  3.8753e-01  4.9015e-01  -1.0262e-01  +1.7224e-01  +4.9515e-01  -3.2291e-01        1    +4.9933e-02  1.6724e-01  4.9015e-01  -3.2291e-01  1.0000e-01  
    120    3.8753e-01  1.5625e-02  1.6391e-01  4.5870e-01  -2.9480e-01  +1.6472e-01  +4.5952e-01  -2.9480e-01        1    +8.1317e-03  1.6391e-01  4.5870e-01  -2.9480e-01  1.0000e-01  
    121    1.4766e-01  3.1250e-02  2.7280e-01  4.7469e-01  -2.0189e-01  +1.6087e-01  +4.7719e-01  -3.1632e-01        1    +2.5040e-02  1.5837e-01  4.7469e-01  -3.1632e-01  1.0000e-01  
    122    2.7280e-01  3.1250e-02  4.7602e-01  4.5762e-01  +1.8396e-02  +1.5976e-01  +4.3644e-01  -2.7667e-01        1    +7.7672e-02  1.5200e-01  4.2867e-01  -2.7667e-01  1.0000e-01  
    123    4.7602e-01  1.5625e-02  1.9160e-01  4.5933e-01  -2.6773e-01  +1.4961e-01  +4.6060e-01  -3.1099e-01        1    +1.2705e-02  1.4834e-01  4.5933e-01  -3.1099e-01  1.0000e-01  
    124    1.9160e-01  3.1250e-02  3.3286e-01  4.2672e-01  -9.3866e-02  +1.4687e-01  +4.3056e-01  -2.8369e-01        1    +3.8350e-02  1.4303e-01  4.2672e-01  -2.8369e-01  1.0000e-01  
    125    3.3286e-01  1.5625e-02  1.4023e-01  4.4786e-01  -3.0763e-01  +1.4087e-01  +4.4851e-01  -3.0763e-01        1    +6.4516e-03  1.4023e-01  4.4786e-01  -3.0763e-01  1.0000e-01  
    126    1.3426e-01  3.1250e-02  2.3122e-01  4.2406e-01  -1.9284e-01  +1.3737e-01  +4.2594e-01  -2.8857e-01        1    +1.8818e-02  1.3549e-01  4.2406e-01  -2.8857e-01  1.0000e-01  
    127    2.3122e-01  3.1250e-02  4.2090e-01  4.5175e-01  -3.0855e-02  +1.3608e-01  +4.5766e-01  -3.2158e-01        1    +5.9088e-02  1.3017e-01  4.5175e-01  -3.2158e-01  1.0000e-01  
    128    4.2090e-01  1.5625e-02  1.5949e-01  4.1877e-01  -2.5929e-01  +1.2830e-01  +4.1969e-01  -2.9140e-01        1    +9.2135e-03  1.2737e-01  4.1877e-01  -2.9140e-01  1.0000e-01  
    129    1.5949e-01  3.1250e-02  2.9014e-01  4.3735e-01  -1.4722e-01  +1.2568e-01  +4.4018e-01  -3.1449e-01        1    +2.8220e-02  1.2286e-01  4.3735e-01  -3.1449e-01  1.0000e-01  
    130    2.9014e-01  1.5625e-02  1.2054e-01  4.1430e-01  -2.9376e-01  +1.2100e-01  +4.1476e-01  -2.9376e-01        1    +4.5847e-03  1.2054e-01  4.1430e-01  -2.9376e-01  1.0000e-01  
    131    1.0858e-01  6.2500e-02  5.0895e-01  4.9149e-01  +1.7452e-02  +1.2072e-01  +4.4561e-01  -3.2489e-01        1    +8.6024e-02  1.1212e-01  4.3701e-01  -3.2489e-01  1.0000e-01  
    132    5.0895e-01  1.5625e-02  1.9251e-01  3.9768e-01  -2.0517e-01  +1.1058e-01  +3.9899e-01  -2.8841e-01        1    +1.3086e-02  1.0927e-01  3.9768e-01  -2.8841e-01  1.0000e-01  
    133    1.9251e-01  3.1250e-02  3.4751e-01  4.2107e-01  -7.3562e-02  +1.0910e-01  +4.2510e-01  -3.1600e-01        1    +4.0340e-02  1.0506e-01  4.2107e-01  -3.1600e-01  1.0000e-01  
    134    3.4751e-01  1.5625e-02  1.2994e-01  3.9416e-01  -2.6422e-01  +1.0350e-01  +3.9478e-01  -2.9128e-01        1    +6.2566e-03  1.0287e-01  3.9416e-01  -2.9128e-01  1.0000e-01  
    135    1.2994e-01  3.1250e-02  2.3568e-01  4.0929e-01  -1.7361e-01  +1.0121e-01  +4.1116e-01  -3.0996e-01        1    +1.8768e-02  9.9328e-02  4.0929e-01  -3.0996e-01  1.0000e-01  
    136    2.3568e-01  3.1250e-02  4.0834e-01  3.9244e-01  +1.5903e-02  +1.0090e-01  +3.7725e-01  -2.7635e-01        1    +5.7074e-02  9.5190e-02  3.7154e-01  -2.7635e-01  1.0000e-01  
    137    4.0834e-01  1.5625e-02  1.5968e-01  3.9813e-01  -2.3845e-01  +9.3675e-02  +3.9902e-01  -3.0534e-01        1    +8.8944e-03  9.2785e-02  3.9813e-01  -3.0534e-01  1.0000e-01  
    138    1.5968e-01  3.1250e-02  2.7577e-01  3.7241e-01  -9.6647e-02  +9.2063e-02  +3.7505e-01  -2.8298e-01        1    +2.6326e-02  8.9430e-02  3.7241e-01  -2.8298e-01  1.0000e-01  
    139    2.7577e-01  1.5625e-02  1.0818e-01  3.9020e-01  -2.8202e-01  +8.8079e-02  +3.9063e-01  -3.0255e-01        1    +4.2696e-03  8.7652e-02  3.9020e-01  -3.0255e-01  1.0000e-01  
    140    1.0818e-01  3.1250e-02  1.8532e-01  3.7214e-01  -1.8682e-01  +8.5901e-02  +3.7335e-01  -2.8745e-01        1    +1.2141e-02  8.4687e-02  3.7214e-01  -2.8745e-01  1.0000e-01  
    141    1.8532e-01  3.1250e-02  3.3295e-01  3.9498e-01  -6.2029e-02  +8.5079e-02  +3.9869e-01  -3.1361e-01        1    +3.7152e-02  8.1364e-02  3.9498e-01  -3.1361e-01  1.0000e-01  
    142    3.3295e-01  1.5625e-02  1.2385e-01  3.6973e-01  -2.4588e-01  +8.0180e-02  +3.7029e-01  -2.9012e-01        1    +5.6437e-03  7.9615e-02  3.6973e-01  -2.9012e-01  1.0000e-01  
    143    1.2385e-01  3.1250e-02  2.2273e-01  3.8464e-01  -1.6191e-01  +7.8494e-02  +3.8632e-01  -3.0783e-01        1    +1.6774e-02  7.6816e-02  3.8464e-01  -3.0783e-01  1.0000e-01  
    144    2.2273e-01  1.5625e-02  8.1985e-02  3.6754e-01  -2.8555e-01  +7.5655e-02  +3.6781e-01  -2.9216e-01        1    +2.7171e-03  7.5383e-02  3.6754e-01  -2.9216e-01  1.0000e-01  
    145    8.1985e-02  6.2500e-02  3.8059e-01  3.8565e-01  -5.0548e-03  +7.5008e-02  +3.9049e-01  -3.1548e-01        1    +4.8363e-02  7.0172e-02  3.8565e-01  -3.1548e-01  1.0000e-01  
    146    3.8059e-01  1.5625e-02  1.4162e-01  3.5706e-01  -2.1544e-01  +6.9174e-02  +3.5778e-01  -2.8861e-01        1    +7.2003e-03  6.8454e-02  3.5706e-01  -2.8861e-01  1.0000e-01  
    147    1.4162e-01  3.1250e-02  2.5346e-01  3.7460e-01  -1.2114e-01  +6.8067e-02  +3.7676e-01  -3.0870e-01        1    +2.1633e-02  6.5903e-02  3.7460e-01  -3.0870e-01  1.0000e-01  
    148    2.5346e-01  1.5625e-02  9.3522e-02  3.5549e-01  -2.6197e-01  +6.4917e-02  +3.5583e-01  -2.9091e-01        1    +3.3652e-03  6.4581e-02  3.5549e-01  -2.9091e-01  1.0000e-01  
    149    9.3522e-02  3.1250e-02  1.6840e-01  3.6663e-01  -1.9822e-01  +6.3368e-02  +3.6760e-01  -3.0423e-01        1    +9.7228e-03  6.2395e-02  3.6663e-01  -3.0423e-01  1.0000e-01  
    150    1.6840e-01  3.1250e-02  2.9066e-01  3.4049e-01  -4.9837e-02  +6.2818e-02  +3.4340e-01  -2.8058e-01        1    +2.9020e-02  5.9916e-02  3.4049e-01  -2.8058e-01  1.0000e-01  
    151    2.9066e-01  1.5625e-02  1.1212e-01  3.5955e-01  -2.4743e-01  +5.8985e-02  +3.6000e-01  -3.0102e-01        1    +4.5064e-03  5.8534e-02  3.5955e-01  -3.0102e-01  1.0000e-01  
    152    1.1212e-01  3.1250e-02  1.9288e-01  3.4197e-01  -1.4909e-01  +5.7777e-02  +3.4327e-01  -2.8549e-01        1    +1.3006e-02  5.6477e-02  3.4197e-01  -2.8549e-01  1.0000e-01  
    153    1.9288e-01  1.5625e-02  7.4851e-02  3.5448e-01  -2.7963e-01  +5.5629e-02  +3.5470e-01  -2.9907e-01        1    +2.1699e-03  5.5412e-02  3.5448e-01  -2.9907e-01  1.0000e-01  
    154    7.4851e-02  6.2500e-02  3.2951e-01  3.2986e-01  -3.4473e-04  +5.5240e-02  +3.3358e-01  -2.7834e-01        1    +3.7228e-02  5.1517e-02  3.2986e-01  -2.7834e-01  1.0000e-01  
    155    3.2951e-01  1.5625e-02  1.2685e-01  3.5152e-01  -2.2467e-01  +5.0708e-02  +3.5209e-01  -3.0138e-01        1    +5.6635e-03  5.0142e-02  3.5152e-01  -3.0138e-01  1.0000e-01  
    156    1.2685e-01  3.1250e-02  2.1882e-01  3.3208e-01  -1.1326e-01  +4.9950e-02  +3.3374e-01  -2.8379e-01        1    +1.6593e-02  4.8291e-02  3.3208e-01  -2.8379e-01  1.0000e-01  
    157    2.1882e-01  1.5625e-02  8.4322e-02  3.4645e-01  -2.6212e-01  +4.7562e-02  +3.4671e-01  -2.9915e-01        1    +2.6521e-03  4.7297e-02  3.4645e-01  -2.9915e-01  1.0000e-01  
    158    8.4322e-02  3.1250e-02  1.4446e-01  3.3321e-01  -1.8875e-01  +4.6425e-02  +3.3396e-01  -2.8753e-01        1    +7.4171e-03  4.5683e-02  3.3321e-01  -2.8753e-01  1.0000e-01  
    159    1.4446e-01  3.1250e-02  2.5724e-01  3.5160e-01  -9.4360e-02  +4.6077e-02  +3.5383e-01  -3.0776e-01        1    +2.2306e-02  4.3846e-02  3.5160e-01  -3.0776e-01  1.0000e-01  
    160    2.5724e-01  1.5625e-02  9.4944e-02  3.3269e-01  -2.3775e-01  +4.3208e-02  +3.3303e-01  -2.8982e-01        1    +3.3703e-03  4.2871e-02  3.3269e-01  -2.8982e-01  1.0000e-01  
    161    9.4944e-02  3.1250e-02  1.6934e-01  3.4462e-01  -1.7528e-01  +4.2330e-02  +3.4560e-01  -3.0327e-01        1    +9.7918e-03  4.1351e-02  3.4462e-01  -3.0327e-01  1.0000e-01  
    162    1.6934e-01  1.5625e-02  6.1970e-02  3.3207e-01  -2.7010e-01  +4.0731e-02  +3.3223e-01  -2.9150e-01        1    +1.6117e-03  4.0570e-02  3.3207e-01  -2.9150e-01  1.0000e-01  
    163    6.1970e-02  6.2500e-02  2.8544e-01  3.4677e-01  -6.1332e-02  +4.0482e-02  +3.4951e-01  -3.0902e-01        1    +2.7363e-02  3.7746e-02  3.4677e-01  -3.0902e-01  1.0000e-01  
    164    2.8544e-01  1.5625e-02  1.0545e-01  3.2590e-01  -2.2045e-01  +3.7204e-02  +3.2631e-01  -2.8911e-01        1    +4.0593e-03  3.6798e-02  3.2590e-01  -2.8911e-01  1.0000e-01  
    165    1.0545e-01  3.1250e-02  1.8750e-01  3.3937e-01  -1.5187e-01  +3.6617e-02  +3.4056e-01  -3.0395e-01        1    +1.1946e-02  3.5423e-02  3.3937e-01  -3.0395e-01  1.0000e-01  
    166    1.8750e-01  1.5625e-02  6.8830e-02  3.2564e-01  -2.5681e-01  +3.4896e-02  +3.2583e-01  -2.9093e-01        1    +1.8927e-03  3.4707e-02  3.2564e-01  -2.9093e-01  1.0000e-01  
    167    6.8830e-02  3.1250e-02  1.2313e-01  3.3420e-01  -2.1106e-01  +3.4060e-02  +3.3473e-01  -3.0067e-01        1    +5.2851e-03  3.3532e-02  3.3420e-01  -3.0067e-01  1.0000e-01  
    168    1.2313e-01  3.1250e-02  2.1236e-01  3.1578e-01  -1.0342e-01  +3.3754e-02  +3.1733e-01  -2.8358e-01        1    +1.5559e-02  3.2198e-02  3.1578e-01  -2.8358e-01  1.0000e-01  
    169    2.1236e-01  1.5625e-02  8.1109e-02  3.2986e-01  -2.4875e-01  +3.1705e-02  +3.3011e-01  -2.9840e-01        1    +2.4352e-03  3.1461e-02  3.2986e-01  -2.9840e-01  1.0000e-01  
    170    8.1109e-02  3.1250e-02  1.3943e-01  3.1764e-01  -1.7820e-01  +3.1043e-02  +3.1832e-01  -2.8728e-01        1    +6.8701e-03  3.0356e-02  3.1764e-01  -2.8728e-01  1.0000e-01  
    171    1.3943e-01  1.5625e-02  5.3602e-02  3.2682e-01  -2.7321e-01  +2.9906e-02  +3.2694e-01  -2.9703e-01        1    +1.1912e-03  2.9787e-02  3.2682e-01  -2.9703e-01  1.0000e-01  
    172    5.3602e-02  6.2500e-02  2.3611e-01  3.1007e-01  -7.3964e-02  +2.9619e-02  +3.1199e-01  -2.8237e-01        1    +1.9174e-02  2.7702e-02  3.1007e-01  -2.8237e-01  1.0000e-01  
    173    2.3611e-01  1.5625e-02  9.0105e-02  3.2576e-01  -2.3565e-01  +2.7275e-02  +3.2605e-01  -2.9878e-01        1    +2.9360e-03  2.6981e-02  3.2576e-01  -2.9878e-01  1.0000e-01  
    174    9.0105e-02  3.1250e-02  1.5534e-01  3.1239e-01  -1.5706e-01  +2.6834e-02  +3.1324e-01  -2.8640e-01        1    +8.4387e-03  2.5990e-02  3.1239e-01  -2.8640e-01  1.0000e-01  
    175    1.5534e-01  1.5625e-02  5.9458e-02  3.2270e-01  -2.6324e-01  +2.5604e-02  +3.2284e-01  -2.9724e-01        1    +1.3977e-03  2.5464e-02  3.2270e-01  -2.9724e-01  1.0000e-01  
    176    5.9458e-02  3.1250e-02  1.0185e-01  3.1372e-01  -2.1187e-01  +2.4977e-02  +3.1410e-01  -2.8912e-01        1    +3.7660e-03  2.4600e-02  3.1372e-01  -2.8912e-01  1.0000e-01  
    177    1.0185e-01  3.1250e-02  1.8073e-01  3.2696e-01  -1.4622e-01  +2.4740e-02  +3.2807e-01  -3.0333e-01        1    +1.1114e-02  2.3628e-02  3.2696e-01  -3.0333e-01  1.0000e-01  
    178    1.8073e-01  1.5625e-02  6.6576e-02  3.1395e-01  -2.4737e-01  +2.3285e-02  +3.1412e-01  -2.9084e-01        1    +1.7374e-03  2.3111e-02  3.1395e-01  -2.9084e-01  1.0000e-01  
    179    6.6576e-02  3.1250e-02  1.1848e-01  3.2251e-01  -2.0404e-01  +2.2789e-02  +3.2300e-01  -3.0021e-01        1    +4.8821e-03  2.2301e-02  3.2251e-01  -3.0021e-01  1.0000e-01  
    180    1.1848e-01  3.1250e-02  2.0466e-01  3.0518e-01  -1.0052e-01  +2.2779e-02  +3.0662e-01  -2.8384e-01        1    +1.4421e-02  2.1337e-02  3.0518e-01  -2.8384e-01  1.0000e-01  
    181    2.0466e-01  1.5625e-02  7.7812e-02  3.1885e-01  -2.4104e-01  +2.1008e-02  +3.1907e-01  -2.9807e-01        1    +2.2276e-03  2.0786e-02  3.1885e-01  -2.9807e-01  1.0000e-01  
    182    7.7812e-02  3.1250e-02  1.3411e-01  3.0746e-01  -1.7335e-01  +2.0657e-02  +3.0809e-01  -2.8743e-01        1    +6.3286e-03  2.0024e-02  3.0746e-01  -2.8743e-01  1.0000e-01  
    183    1.3411e-01  1.5625e-02  5.1255e-02  3.1640e-01  -2.6514e-01  +1.9730e-02  +3.1651e-01  -2.9678e-01        1    +1.0752e-03  1.9622e-02  3.1640e-01  -2.9678e-01  1.0000e-01  
    184    5.1255e-02  3.1250e-02  8.7764e-02  3.0877e-01  -2.2100e-01  +1.9241e-02  +3.0905e-01  -2.8981e-01        1    +2.8338e-03  1.8958e-02  3.0877e-01  -2.8981e-01  1.0000e-01  
    185    8.7764e-02  3.1250e-02  1.5560e-01  3.2026e-01  -1.6466e-01  +1.9042e-02  +3.2108e-01  -3.0204e-01        1    +8.2792e-03  1.8214e-02  3.2026e-01  -3.0204e-01  1.0000e-01  
    186    1.5560e-01  1.5625e-02  5.7280e-02  3.0914e-01  -2.5186e-01  +1.7951e-02  +3.0927e-01  -2.9132e-01        1    +1.3237e-03  1.7819e-02  3.0914e-01  -2.9132e-01  1.0000e-01  
    187    5.7280e-02  3.1250e-02  1.0190e-01  3.1657e-01  -2.1468e-01  +1.7562e-02  +3.1694e-01  -2.9938e-01        1    +3.6492e-03  1.7197e-02  3.1657e-01  -2.9938e-01  1.0000e-01  
    188    1.0190e-01  3.1250e-02  1.7604e-01  3.0181e-01  -1.2577e-01  +1.7532e-02  +3.0288e-01  -2.8534e-01        1    +1.0707e-02  1.6461e-02  3.0181e-01  -2.8534e-01  1.0000e-01  
    189    1.7604e-01  1.5625e-02  6.6875e-02  3.1361e-01  -2.4673e-01  +1.6212e-02  +3.1377e-01  -2.9756e-01        1    +1.6805e-03  1.6044e-02  3.1361e-01  -2.9756e-01  1.0000e-01  
    190    6.6875e-02  3.1250e-02  1.1525e-01  3.0391e-01  -1.8866e-01  +1.5930e-02  +3.0438e-01  -2.8845e-01        1    +4.7105e-03  1.5459e-02  3.0391e-01  -2.8845e-01  1.0000e-01  
    191    1.1525e-01  1.5625e-02  4.4026e-02  3.1162e-01  -2.6760e-01  +1.5234e-02  +3.1170e-01  -2.9647e-01        1    +8.2824e-04  1.5151e-02  3.1162e-01  -2.9647e-01  1.0000e-01  
    192    4.4026e-02  3.1250e-02  7.5377e-02  3.0515e-01  -2.2977e-01  +1.4853e-02  +3.0536e-01  -2.9051e-01        1    +2.1262e-03  1.4640e-02  3.0515e-01  -2.9051e-01  1.0000e-01  
    193    7.5377e-02  3.1250e-02  1.3360e-01  3.1508e-01  -1.8148e-01  +1.4685e-02  +3.1569e-01  -3.0101e-01        1    +6.1410e-03  1.4071e-02  3.1508e-01  -3.0101e-01  1.0000e-01  
    194    1.3360e-01  1.5625e-02  4.9181e-02  3.0559e-01  -2.5641e-01  +1.3870e-02  +3.0570e-01  -2.9183e-01        1    +1.0111e-03  1.3769e-02  3.0559e-01  -2.9183e-01  1.0000e-01  
    195    4.9181e-02  3.1250e-02  8.7502e-02  3.1203e-01  -2.2453e-01  +1.3563e-02  +3.1230e-01  -2.9874e-01        1    +2.7261e-03  1.3291e-02  3.1203e-01  -2.9874e-01  1.0000e-01  
    196    8.7502e-02  3.1250e-02  1.5122e-01  2.9946e-01  -1.4824e-01  +1.3522e-02  +3.0025e-01  -2.8673e-01        1    +7.9370e-03  1.2728e-02  2.9946e-01  -2.8673e-01  1.0000e-01  
    197    1.5122e-01  1.5625e-02  5.7450e-02  3.0962e-01  -2.5217e-01  +1.2539e-02  +3.0975e-01  -2.9721e-01        1    +1.2729e-03  1.2412e-02  3.0962e-01  -2.9721e-01  1.0000e-01  
    198    5.7450e-02  3.1250e-02  9.9013e-02  3.0137e-01  -2.0236e-01  +1.2313e-02  +3.0172e-01  -2.8941e-01        1    +3.5110e-03  1.1961e-02  3.0137e-01  -2.8941e-01  1.0000e-01  
    199    9.9013e-02  1.5625e-02  3.7837e-02  3.0802e-01  -2.7018e-01  +1.1791e-02  +3.0808e-01  -2.9629e-01        1    +6.4400e-04  1.1726e-02  3.0802e-01  -2.9629e-01  1.0000e-01  
    200    3.7837e-02  3.1250e-02  6.4779e-02  3.0252e-01  -2.3774e-01  +1.1492e-02  +3.0268e-01  -2.9119e-01        1    +1.6036e-03  1.1332e-02  3.0252e-01  -2.9119e-01  1.0000e-01  
    201    6.4779e-02  3.1250e-02  1.1483e-01  3.1110e-01  -1.9627e-01  +1.1352e-02  +3.1156e-01  -3.0021e-01        1    +4.5703e-03  1.0895e-02  3.1110e-01  -3.0021e-01  1.0000e-01  
    202    1.1483e-01  1.5625e-02  4.2290e-02  3.0300e-01  -2.6071e-01  +1.0741e-02  +3.0308e-01  -2.9233e-01        1    +7.7991e-04  1.0663e-02  3.0300e-01  -2.9233e-01  1.0000e-01  
    203    4.2290e-02  3.1250e-02  7.5281e-02  3.0857e-01  -2.3329e-01  +1.0500e-02  +3.0878e-01  -2.9828e-01        1    +2.0494e-03  1.0295e-02  3.0857e-01  -2.9828e-01  1.0000e-01  
    204    7.5281e-02  3.1250e-02  1.3015e-01  2.9784e-01  -1.6769e-01  +1.0455e-02  +2.9843e-01  -2.8798e-01        1    +5.9127e-03  9.8636e-03  2.9784e-01  -2.8798e-01  1.0000e-01  
    205    1.3015e-01  1.5625e-02  4.9480e-02  3.0661e-01  -2.5713e-01  +9.7202e-03  +3.0671e-01  -2.9699e-01        1    +9.7407e-04  9.6228e-03  3.0661e-01  -2.9699e-01  1.0000e-01  
    206    4.9480e-02  3.1250e-02  8.5288e-02  2.9956e-01  -2.1428e-01  +9.5390e-03  +2.9983e-01  -2.9029e-01        1    +2.6364e-03  9.2754e-03  2.9956e-01  -2.9029e-01  1.0000e-01  
    207    8.5288e-02  1.5625e-02  3.2623e-02  3.0530e-01  -2.7268e-01  +9.1454e-03  +3.0536e-01  -2.9621e-01        1    +5.0800e-04  9.0946e-03  3.0530e-01  -2.9621e-01  1.0000e-01  
    208    3.2623e-02  3.1250e-02  5.5852e-02  3.0062e-01  -2.4476e-01  +8.9116e-03  +3.0074e-01  -2.9183e-01        1    +1.2221e-03  8.7894e-03  3.0062e-01  -2.9183e-01  1.0000e-01  
    209    5.5852e-02  3.1250e-02  9.9042e-02  3.0805e-01  -2.0901e-01  +8.7965e-03  +3.0840e-01  -2.9960e-01        1    +3.4301e-03  8.4535e-03  3.0805e-01  -2.9960e-01  1.0000e-01  
    210    9.9042e-02  1.5625e-02  3.6502e-02  3.0110e-01  -2.6460e-01  +8.3360e-03  +3.0116e-01  -2.9283e-01        1    +6.1016e-04  8.2750e-03  3.0110e-01  -2.9283e-01  1.0000e-01  
    211    3.6502e-02  3.1250e-02  6.5029e-02  3.0595e-01  -2.4092e-01  +8.1459e-03  +3.0610e-01  -2.9796e-01        1    +1.5576e-03  7.9902e-03  3.0595e-01  -2.9796e-01  1.0000e-01  
    212    6.5029e-02  3.1250e-02  1.1248e-01  2.9675e-01  -1.8427e-01  +8.1029e-03  +2.9719e-01  -2.8909e-01        1    +4.4459e-03  7.6583e-03  2.9675e-01  -2.8909e-01  1.0000e-01  
    213    1.1248e-01  1.5625e-02  4.2808e-02  3.0434e-01  -2.6154e-01  +7.5498e-03  +3.0442e-01  -2.9687e-01        1    +7.5600e-04  7.4742e-03  3.0434e-01  -2.9687e-01  1.0000e-01  
    214    4.2808e-02  3.1250e-02  7.3800e-02  2.9829e-01  -2.2449e-01  +7.4056e-03  +2.9849e-01  -2.9109e-01        1    +2.0021e-03  7.2054e-03  2.9829e-01  -2.9109e-01  1.0000e-01  
    215    7.3800e-02  1.5625e-02  2.8267e-02  3.0328e-01  -2.7501e-01  +7.1067e-03  +3.0332e-01  -2.9621e-01        1    +4.0765e-04  7.0659e-03  3.0328e-01  -2.9621e-01  1.0000e-01  
    216    2.8267e-02  6.2500e-02  1.2496e-01  2.9519e-01  -1.7023e-01  +7.1059e-03  +2.9574e-01  -2.8863e-01        1    +5.4466e-03  6.5612e-03  2.9519e-01  -2.8863e-01  1.0000e-01  
    217    1.2496e-01  1.5625e-02  4.7544e-02  3.0363e-01  -2.5608e-01  +6.4684e-03  +3.0372e-01  -2.9725e-01        1    +8.9267e-04  6.3791e-03  3.0363e-01  -2.9725e-01  1.0000e-01  
    218    4.7544e-02  3.1250e-02  8.2172e-02  2.9695e-01  -2.1478e-01  +6.3803e-03  +2.9719e-01  -2.9081e-01        1    +2.4373e-03  6.1366e-03  2.9695e-01  -2.9081e-01  1.0000e-01  
    219    8.2172e-02  1.5625e-02  3.1399e-02  3.0251e-01  -2.7111e-01  +6.0534e-03  +3.0256e-01  -2.9650e-01        1    +4.6349e-04  6.0070e-03  3.0251e-01  -2.9650e-01  1.0000e-01  
    220    3.1399e-02  3.1250e-02  5.3958e-02  2.9809e-01  -2.4413e-01  +5.9130e-03  +2.9820e-01  -2.9229e-01        1    +1.1307e-03  5.7999e-03  2.9809e-01  -2.9229e-01  1.0000e-01  
    221    5.3958e-02  3.1250e-02  9.5590e-02  3.0534e-01  -2.0975e-01  +5.8803e-03  +3.0566e-01  -2.9978e-01        1    +3.1918e-03  5.5612e-03  3.0534e-01  -2.9978e-01  1.0000e-01  
    222    9.5590e-02  1.5625e-02  3.5364e-02  2.9869e-01  -2.6332e-01  +5.4871e-03  +2.9874e-01  -2.9326e-01        1    +5.6256e-04  5.4308e-03  2.9869e-01  -2.9326e-01  1.0000e-01  
    223    3.5364e-02  3.1250e-02  6.2890e-02  3.0345e-01  -2.4056e-01  +5.3813e-03  +3.0359e-01  -2.9821e-01        1    +1.4508e-03  5.2363e-03  3.0345e-01  -2.9821e-01  1.0000e-01  
    224    6.2890e-02  1.5625e-02  2.3117e-02  2.9907e-01  -2.7596e-01  +5.1667e-03  +2.9910e-01  -2.9394e-01        1    +3.1638e-04  5.1351e-03  2.9907e-01  -2.9394e-01  1.0000e-01  
    225    2.3117e-02  6.2500e-02  1.0605e-01  3.0524e-01  -1.9919e-01  +5.1622e-03  +3.0563e-01  -3.0046e-01        1    +3.8925e-03  4.7729e-03  3.0524e-01  -3.0046e-01  1.0000e-01  
    226    1.0605e-01  1.5625e-02  3.9320e-02  2.9787e-01  -2.5855e-01  +4.7103e-03  +2.9793e-01  -2.9322e-01        1    +6.5657e-04  4.6447e-03  2.9787e-01  -2.9322e-01  1.0000e-01  
    227    3.9320e-02  3.1250e-02  6.9800e-02  3.0317e-01  -2.3337e-01  +4.6439e-03  +3.0335e-01  -2.9871e-01        1    +1.7534e-03  4.4686e-03  3.0317e-01  -2.9871e-01  1.0000e-01  
    228    6.9800e-02  1.5625e-02  2.5758e-02  2.9834e-01  -2.7258e-01  +4.4105e-03  +2.9837e-01  -2.9396e-01        1    +3.5415e-04  4.3751e-03  2.9834e-01  -2.9396e-01  1.0000e-01  
    229    2.5758e-02  3.1250e-02  4.6012e-02  3.0181e-01  -2.5580e-01  +4.3083e-03  +3.0189e-01  -2.9758e-01        1    +8.2841e-04  4.2254e-03  3.0181e-01  -2.9758e-01  1.0000e-01  
    230    4.6012e-02  3.1250e-02  7.9658e-02  2.9541e-01  -2.1575e-01  +4.2799e-03  +2.9563e-01  -2.9135e-01        1    +2.2808e-03  4.0518e-03  2.9541e-01  -2.9135e-01  1.0000e-01  
    231    7.9658e-02  1.5625e-02  3.0421e-02  3.0081e-01  -2.7039e-01  +3.9992e-03  +3.0085e-01  -2.9685e-01        1    +4.2851e-04  3.9563e-03  3.0081e-01  -2.9685e-01  1.0000e-01  
    232    3.0421e-02  3.1250e-02  5.2451e-02  2.9659e-01  -2.4414e-01  +3.9206e-03  +2.9670e-01  -2.9278e-01        1    +1.0597e-03  3.8146e-03  2.9659e-01  -2.9278e-01  1.0000e-01  
    233    5.2451e-02  1.5625e-02  2.0172e-02  3.0015e-01  -2.7998e-01  +3.7667e-03  +3.0018e-01  -2.9641e-01        1    +2.5324e-04  3.7414e-03  3.0015e-01  -2.9641e-01  1.0000e-01  
    234    2.0172e-02  6.2500e-02  8.9161e-02  2.9453e-01  -2.0537e-01  +3.7573e-03  +2.9481e-01  -2.9106e-01        1    +2.8207e-03  3.4752e-03  2.9453e-01  -2.9106e-01  1.0000e-01  
    235    8.9161e-02  1.5625e-02  3.4030e-02  3.0058e-01  -2.6655e-01  +3.4307e-03  +3.0063e-01  -2.9720e-01        1    +5.0136e-04  3.3806e-03  3.0058e-01  -2.9720e-01  1.0000e-01  
    236    3.4030e-02  3.1250e-02  5.8835e-02  2.9587e-01  -2.3704e-01  +3.3820e-03  +2.9600e-01  -2.9262e-01        1    +1.2954e-03  3.2524e-03  2.9587e-01  -2.9262e-01  1.0000e-01  
    237    5.8835e-02  1.5625e-02  2.2573e-02  2.9987e-01  -2.7730e-01  +3.2126e-03  +2.9990e-01  -2.9669e-01        1    +2.8253e-04  3.1843e-03  2.9987e-01  -2.9669e-01  1.0000e-01  
    238    2.2573e-02  3.1250e-02  3.8783e-02  2.9676e-01  -2.5798e-01  +3.1375e-03  +2.9682e-01  -2.9369e-01        1    +6.2824e-04  3.0747e-03  2.9676e-01  -2.9369e-01  1.0000e-01  
    239    3.8783e-02  3.1250e-02  6.8836e-02  3.0202e-01  -2.3318e-01  +3.1187e-03  +3.0219e-01  -2.9907e-01        1    +1.6982e-03  2.9489e-03  3.0202e-01  -2.9907e-01  1.0000e-01  
    240    6.8836e-02  1.5625e-02  2.5524e-02  2.9728e-01  -2.7176e-01  +2.9134e-03  +2.9731e-01  -2.9440e-01        1    +3.3566e-04  2.8799e-03  2.9728e-01  -2.9440e-01  1.0000e-01  
    241    2.5524e-02  3.1250e-02  4.5513e-02  3.0075e-01  -2.5524e-01  +2.8571e-03  +3.0083e-01  -2.9798e-01        1    +8.0105e-04  2.7770e-03  3.0075e-01  -2.9798e-01  1.0000e-01  
    242    4.5513e-02  1.5625e-02  1.6760e-02  2.9763e-01  -2.8087e-01  +2.7441e-03  +2.9765e-01  -2.9490e-01        1    +2.0739e-04  2.7233e-03  2.9763e-01  -2.9490e-01  1.0000e-01  
    243    1.6760e-02  6.2500e-02  7.7068e-02  3.0218e-01  -2.2511e-01  +2.7411e-03  +3.0239e-01  -2.9965e-01        1    +2.0970e-03  2.5314e-03  3.0218e-01  -2.9965e-01  1.0000e-01  
    244    7.7068e-02  1.5625e-02  2.8651e-02  2.9688e-01  -2.6822e-01  +2.5019e-03  +2.9691e-01  -2.9441e-01        1    +3.8861e-04  2.4631e-03  2.9688e-01  -2.9441e-01  1.0000e-01  
    245    2.8651e-02  3.1250e-02  5.0986e-02  3.0078e-01  -2.4979e-01  +2.4671e-03  +3.0088e-01  -2.9841e-01        1    +9.7429e-04  2.3697e-03  3.0078e-01  -2.9841e-01  1.0000e-01  
    246    5.0986e-02  1.5625e-02  1.8854e-02  2.9728e-01  -2.7843e-01  +2.3427e-03  +2.9731e-01  -2.9496e-01        1    +2.2829e-04  2.3199e-03  2.9728e-01  -2.9496e-01  1.0000e-01  
    247    1.8854e-02  3.1250e-02  3.3784e-02  2.9986e-01  -2.6608e-01  +2.2888e-03  +2.9991e-01  -2.9762e-01        1    +4.8382e-04  2.2404e-03  2.9986e-01  -2.9762e-01  1.0000e-01  
    248    3.3784e-02  3.1250e-02  5.8532e-02  2.9522e-01  -2.3669e-01  +2.2748e-03  +2.9535e-01  -2.9308e-01        1    +1.2702e-03  2.1478e-03  2.9522e-01  -2.9308e-01  1.0000e-01  
    249    5.8532e-02  1.5625e-02  2.2448e-02  2.9921e-01  -2.7676e-01  +2.1239e-03  +2.9924e-01  -2.9711e-01        1    +2.6931e-04  2.0969e-03  2.9921e-01  -2.9711e-01  1.0000e-01  
    250    2.2448e-02  3.1250e-02  3.8707e-02  2.9615e-01  -2.5744e-01  +2.0829e-03  +2.9621e-01  -2.9413e-01        1    +6.1402e-04  2.0215e-03  2.9615e-01  -2.9413e-01  1.0000e-01  
    251    3.8707e-02  1.5625e-02  1.4959e-02  2.9879e-01  -2.8383e-01  +1.9999e-03  +2.9881e-01  -2.9681e-01        1    +1.7426e-04  1.9824e-03  2.9879e-01  -2.9681e-01  1.0000e-01  
    252    1.4959e-02  6.2500e-02  6.6097e-02  2.9471e-01  -2.2862e-01  +1.9993e-03  +2.9487e-01  -2.9287e-01        1    +1.5866e-03  1.8406e-03  2.9471e-01  -2.9287e-01  1.0000e-01  
    253    6.6097e-02  1.5625e-02  2.5325e-02  2.9921e-01  -2.7388e-01  +1.8209e-03  +2.9924e-01  -2.9742e-01        1    +3.1145e-04  1.7897e-03  2.9921e-01  -2.9742e-01  1.0000e-01  
    254    2.5325e-02  3.1250e-02  4.3798e-02  2.9576e-01  -2.5196e-01  +1.7964e-03  +2.9583e-01  -2.9404e-01        1    +7.5268e-04  1.7212e-03  2.9576e-01  -2.9404e-01  1.0000e-01  
    255    4.3798e-02  1.5625e-02  1.6882e-02  2.9875e-01  -2.8187e-01  +1.7038e-03  +2.9877e-01  -2.9706e-01        1    +1.9085e-04  1.6847e-03  2.9875e-01  -2.9706e-01  1.0000e-01  
    256    1.6882e-02  3.1250e-02  2.8996e-02  2.9646e-01  -2.6747e-01  +1.6648e-03  +2.9650e-01  -2.9484e-01        1    +3.8462e-04  1.6264e-03  2.9646e-01  -2.9484e-01  1.0000e-01  
    257    2.8996e-02  3.1250e-02  5.1579e-02  3.0042e-01  -2.4884e-01  +1.6575e-03  +3.0052e-01  -2.9886e-01        1    +9.8586e-04  1.5589e-03  3.0042e-01  -2.9886e-01  1.0000e-01  
    258    5.1579e-02  1.5625e-02  1.9167e-02  2.9690e-01  -2.7773e-01  +1.5436e-03  +2.9692e-01  -2.9538e-01        1    +2.2159e-04  1.5215e-03  2.9690e-01  -2.9538e-01  1.0000e-01  
    259    1.9167e-02  3.1250e-02  3.4279e-02  2.9954e-01  -2.6526e-01  +1.5152e-03  +2.9958e-01  -2.9807e-01        1    +4.8559e-04  1.4667e-03  2.9954e-01  -2.9807e-01  1.0000e-01  
    260    3.4279e-02  1.5625e-02  1.2643e-02  2.9720e-01  -2.8456e-01  +1.4528e-03  +2.9722e-01  -2.9577e-01        1    +1.4921e-04  1.4379e-03  2.9720e-01  -2.9577e-01  1.0000e-01  
    261    1.2643e-02  3.1250e-02  2.2816e-02  2.9895e-01  -2.7614e-01  +1.4164e-03  +2.9898e-01  -2.9756e-01        1    +2.6505e-04  1.3899e-03  2.9895e-01  -2.9756e-01  1.0000e-01  
    262    2.2816e-02  3.1250e-02  3.9450e-02  2.9586e-01  -2.5641e-01  +1.3984e-03  +2.9592e-01  -2.9452e-01        1    +6.2332e-04  1.3360e-03  2.9586e-01  -2.9452e-01  1.0000e-01  
    263    3.9450e-02  1.5625e-02  1.5231e-02  2.9855e-01  -2.8332e-01  +1.3241e-03  +2.9857e-01  -2.9725e-01        1    +1.6747e-04  1.3074e-03  2.9855e-01  -2.9725e-01  1.0000e-01  
    264    1.5231e-02  3.1250e-02  2.6161e-02  2.9650e-01  -2.7034e-01  +1.2944e-03  +2.9654e-01  -2.9524e-01        1    +3.2538e-04  1.2619e-03  2.9650e-01  -2.9524e-01  1.0000e-01  
    265    2.6161e-02  3.1250e-02  4.6579e-02  3.0009e-01  -2.5351e-01  +1.2905e-03  +3.0017e-01  -2.9888e-01        1    +8.1590e-04  1.2089e-03  3.0009e-01  -2.9888e-01  1.0000e-01  
    266    4.6579e-02  1.5625e-02  1.7326e-02  2.9691e-01  -2.7959e-01  +1.1986e-03  +2.9693e-01  -2.9573e-01        1    +1.9285e-04  1.1793e-03  2.9691e-01  -2.9573e-01  1.0000e-01  
    267    1.7326e-02  3.1250e-02  3.1022e-02  2.9930e-01  -2.6828e-01  +1.1774e-03  +2.9935e-01  -2.9817e-01        1    +4.0906e-04  1.1365e-03  2.9930e-01  -2.9817e-01  1.0000e-01  
    268    3.1022e-02  1.5625e-02  1.1450e-02  2.9720e-01  -2.8575e-01  +1.1273e-03  +2.9721e-01  -2.9609e-01        1    +1.3371e-04  1.1140e-03  2.9720e-01  -2.9609e-01  1.0000e-01  
    269    1.1450e-02  3.1250e-02  2.0692e-02  2.9879e-01  -2.7810e-01  +1.0995e-03  +2.9882e-01  -2.9772e-01        1    +2.2891e-04  1.0766e-03  2.9879e-01  -2.9772e-01  1.0000e-01  
    270    2.0692e-02  3.1250e-02  3.5783e-02  2.9600e-01  -2.6022e-01  +1.0868e-03  +2.9605e-01  -2.9496e-01        1    +5.2397e-04  1.0344e-03  2.9600e-01  -2.9496e-01  1.0000e-01  
    271    3.5783e-02  1.5625e-02  1.3841e-02  2.9845e-01  -2.8461e-01  +1.0267e-03  +2.9846e-01  -2.9744e-01        1    +1.4881e-04  1.0118e-03  2.9845e-01  -2.9744e-01  1.0000e-01  
    272    1.3841e-02  3.1250e-02  2.3772e-02  2.9660e-01  -2.7282e-01  +1.0043e-03  +2.9662e-01  -2.9562e-01        1    +2.7932e-04  9.7635e-04  2.9660e-01  -2.9562e-01  1.0000e-01  
    273    2.3772e-02  3.1250e-02  4.2364e-02  2.9986e-01  -2.5749e-01  +1.0032e-03  +2.9993e-01  -2.9892e-01        1    +6.8521e-04  9.3464e-04  2.9986e-01  -2.9892e-01  1.0000e-01  
    274    4.2364e-02  1.5625e-02  1.5772e-02  2.9698e-01  -2.8121e-01  +9.2817e-04  +2.9700e-01  -2.9607e-01        1    +1.7004e-04  9.1117e-04  2.9698e-01  -2.9607e-01  1.0000e-01  
    275    1.5772e-02  3.1250e-02  2.8271e-02  2.9916e-01  -2.7089e-01  +9.1274e-04  +2.9920e-01  -2.9829e-01        1    +3.4961e-04  8.7778e-04  2.9916e-01  -2.9829e-01  1.0000e-01  
    276    2.8271e-02  1.5625e-02  1.0442e-02  2.9725e-01  -2.8681e-01  +8.7217e-04  +2.9727e-01  -2.9639e-01        1    +1.2103e-04  8.6006e-04  2.9725e-01  -2.9639e-01  1.0000e-01  
    277    1.0442e-02  3.1250e-02  1.8896e-02  2.9871e-01  -2.7982e-01  +8.5113e-04  +2.9873e-01  -2.9788e-01        1    +2.0037e-04  8.3109e-04  2.9871e-01  -2.9788e-01  1.0000e-01  
    278    1.8896e-02  3.1250e-02  3.2683e-02  2.9617e-01  -2.6349e-01  +8.4262e-04  +2.9622e-01  -2.9537e-01        1    +4.4676e-04  7.9794e-04  2.9617e-01  -2.9537e-01  1.0000e-01  
    279    3.2683e-02  1.5625e-02  1.2665e-02  2.9841e-01  -2.8574e-01  +7.9348e-04  +2.9842e-01  -2.9763e-01        1    +1.3370e-04  7.8011e-04  2.9841e-01  -2.9763e-01  1.0000e-01  
    280    1.2665e-02  3.1250e-02  2.1752e-02  2.9672e-01  -2.7497e-01  +7.7682e-04  +2.9675e-01  -2.9597e-01        1    +2.4306e-04  7.5251e-04  2.9672e-01  -2.9597e-01  1.0000e-01  
    281    2.1752e-02  1.5625e-02  8.5152e-03  2.9822e-01  -2.8971e-01  +7.4875e-04  +2.9823e-01  -2.9748e-01        1    +1.0343e-04  7.3841e-04  2.9822e-01  -2.9748e-01  1.0000e-01  
=========================================================
Total gradient evaluations: 3.102e+03 
