=========================================================
*                                                       *
*  Samples: 1.76e+02; epsilon: 5.1215e-04; varepson:5.1215e-04 *
*                                                       *
=========================================================
     Iter   search_dire    stepsize    KKT_inf    eKKT_inf    KKT-eKKT      merit     e_merit     mrt-emrt      rank          f           c           ec        c-ec         tau    
initial    0.0000e+00  0.0000e+00  3.5491e-03  1.0012e-02  -6.4625e-03  +3.5503e-03  +1.0013e-02  -6.4625e-03        1    +1.2469e-05  3.5491e-03  1.0012e-02  -6.4625e-03  1.0000e-01  
      1    1.1049e-03  1.0000e+00  1.0295e-01  1.0297e-01  -1.7581e-05  +4.4816e-04  +1.4140e-02  -1.3692e-02        1    +3.8788e-03  6.0282e-05  1.3752e-02  -1.3692e-02  1.0000e-01  
      2    1.0295e-01  1.5625e-02  4.8419e-02  4.8514e-02  -9.5411e-05  +2.9951e-04  +1.3350e-02  -1.3051e-02        1    +8.6411e-04  2.1310e-04  1.3264e-02  -1.3051e-02  1.0000e-01  
      3    4.8419e-02  1.5625e-02  2.2624e-02  2.2582e-02  +4.1549e-05  +2.6144e-04  +1.3415e-02  -1.3154e-02        1    +1.9815e-04  2.4162e-04  1.3395e-02  -1.3154e-02  1.0000e-01  
      4    2.2624e-02  1.5625e-02  1.0636e-02  1.3318e-02  -2.6820e-03  +2.5028e-04  +1.3323e-02  -1.3073e-02        1    +5.2374e-05  2.4505e-04  1.3318e-02  -1.3073e-02  1.0000e-01  
      5    1.0636e-02  1.5625e-02  4.9477e-03  1.3355e-02  -8.4071e-03  +2.4482e-04  +1.3357e-02  -1.3112e-02        1    +2.0351e-05  2.4278e-04  1.3355e-02  -1.3112e-02  1.0000e-01  
      6    4.9477e-03  3.1250e-02  9.6505e-03  1.3328e-02  -3.6778e-03  +2.4107e-04  +1.3333e-02  -1.3092e-02        1    +4.5082e-05  2.3656e-04  1.3328e-02  -1.3092e-02  1.0000e-01  
      7    9.6505e-03  1.5625e-02  4.4883e-03  1.3362e-02  -8.8740e-03  +2.3602e-04  +1.3364e-02  -1.3128e-02        1    +1.8731e-05  2.3415e-04  1.3362e-02  -1.3128e-02  1.0000e-01  
      8    4.4883e-03  3.1250e-02  8.7571e-03  1.3339e-02  -4.5817e-03  +2.3188e-04  +1.3343e-02  -1.3111e-02        1    +3.9090e-05  2.2797e-04  1.3339e-02  -1.3111e-02  1.0000e-01  
      9    8.7571e-03  1.5625e-02  4.0712e-03  1.3370e-02  -9.2988e-03  +2.2720e-04  +1.3372e-02  -1.3144e-02        1    +1.7396e-05  2.2546e-04  1.3370e-02  -1.3144e-02  1.0000e-01  
     10    4.0712e-03  3.1250e-02  7.9484e-03  1.3349e-02  -5.4006e-03  +2.2277e-04  +1.3352e-02  -1.3130e-02        1    +3.4158e-05  2.1935e-04  1.3349e-02  -1.3130e-02  1.0000e-01  
     11    7.9484e-03  1.5625e-02  3.6926e-03  1.3378e-02  -9.6849e-03  +2.1842e-04  +1.3379e-02  -1.3161e-02        1    +1.6294e-05  2.1679e-04  1.3378e-02  -1.3161e-02  1.0000e-01  
     12    3.6926e-03  3.1250e-02  7.2153e-03  1.3359e-02  -6.1437e-03  +2.1380e-04  +1.3362e-02  -1.3148e-02        1    +3.0096e-05  2.1079e-04  1.3359e-02  -1.3148e-02  1.0000e-01  
     13    7.2153e-03  1.5625e-02  3.3493e-03  1.3385e-02  -1.0036e-02  +2.0975e-04  +1.3387e-02  -1.3177e-02        1    +1.5383e-05  2.0821e-04  1.3385e-02  -1.3177e-02  1.0000e-01  
     14    3.3493e-03  6.2500e-02  1.6453e-02  1.6524e-02  -7.0916e-05  +2.0868e-04  +1.3362e-02  -1.3153e-02        1    +1.0950e-04  1.9773e-04  1.3351e-02  -1.3153e-02  1.0000e-01  
     15    1.6453e-02  1.5625e-02  7.6750e-03  1.3404e-02  -5.7292e-03  +2.0165e-04  +1.3408e-02  -1.3206e-02        1    +3.2779e-05  1.9837e-04  1.3404e-02  -1.3206e-02  1.0000e-01  
     16    7.6750e-03  1.5625e-02  3.6284e-03  1.3381e-02  -9.7528e-03  +1.9769e-04  +1.3383e-02  -1.3185e-02        1    +1.5931e-05  1.9610e-04  1.3381e-02  -1.3185e-02  1.0000e-01  
     17    3.6284e-03  3.1250e-02  6.9664e-03  1.3410e-02  -6.4437e-03  +1.9359e-04  +1.3413e-02  -1.3219e-02        1    +2.8965e-05  1.9069e-04  1.3410e-02  -1.3219e-02  1.0000e-01  
     18    6.9664e-03  1.5625e-02  3.2966e-03  1.3389e-02  -1.0093e-02  +1.8990e-04  +1.3391e-02  -1.3201e-02        1    +1.5075e-05  1.8839e-04  1.3389e-02  -1.3201e-02  1.0000e-01  
     19    3.2966e-03  6.2500e-02  1.5943e-02  1.5896e-02  +4.6420e-05  +1.8941e-04  +1.3452e-02  -1.3262e-02        1    +1.0399e-04  1.7901e-04  1.3442e-02  -1.3262e-02  1.0000e-01  
     20    1.5943e-02  1.5625e-02  7.5071e-03  1.3388e-02  -5.8811e-03  +1.8292e-04  +1.3391e-02  -1.3208e-02        1    +3.1534e-05  1.7977e-04  1.3388e-02  -1.3208e-02  1.0000e-01  
     21    7.5071e-03  1.5625e-02  3.4870e-03  1.3415e-02  -9.9278e-03  +1.7930e-04  +1.3416e-02  -1.3237e-02        1    +1.5603e-05  1.7774e-04  1.3415e-02  -1.3237e-02  1.0000e-01  
     22    3.4870e-03  3.1250e-02  6.8187e-03  1.3396e-02  -6.5778e-03  +1.7566e-04  +1.3399e-02  -1.3224e-02        1    +2.7926e-05  1.7286e-04  1.3396e-02  -1.3224e-02  1.0000e-01  
     23    6.8187e-03  1.5625e-02  3.1644e-03  1.3421e-02  -1.0256e-02  +1.7228e-04  +1.3422e-02  -1.3250e-02        1    +1.4792e-05  1.7080e-04  1.3421e-02  -1.3250e-02  1.0000e-01  
     24    3.1644e-03  6.2500e-02  1.5554e-02  1.5624e-02  -7.0234e-05  +1.7227e-04  +1.3397e-02  -1.3225e-02        1    +9.8902e-05  1.6238e-04  1.3387e-02  -1.3225e-02  1.0000e-01  
     25    1.5554e-02  1.5625e-02  7.2566e-03  1.3437e-02  -6.1806e-03  +1.6621e-04  +1.3440e-02  -1.3274e-02        1    +3.0350e-05  1.6318e-04  1.3437e-02  -1.3274e-02  1.0000e-01  
     26    7.2566e-03  1.5625e-02  3.4334e-03  1.3415e-02  -9.9816e-03  +1.6289e-04  +1.3417e-02  -1.3254e-02        1    +1.5286e-05  1.6136e-04  1.3415e-02  -1.3254e-02  1.0000e-01  
     27    3.4334e-03  3.1250e-02  6.5899e-03  1.3442e-02  -6.8518e-03  +1.5966e-04  +1.3444e-02  -1.3285e-02        1    +2.6953e-05  1.5697e-04  1.3442e-02  -1.3285e-02  1.0000e-01  
     28    6.5899e-03  1.5625e-02  3.1211e-03  1.3422e-02  -1.0301e-02  +1.5658e-04  +1.3423e-02  -1.3267e-02        1    +1.4520e-05  1.5512e-04  1.3422e-02  -1.3267e-02  1.0000e-01  
     29    3.1211e-03  3.1250e-02  5.9851e-03  1.3446e-02  -7.4612e-03  +1.5323e-04  +1.3449e-02  -1.3295e-02        1    +2.4148e-05  1.5081e-04  1.3446e-02  -1.3295e-02  1.0000e-01  
     30    5.9851e-03  1.5625e-02  2.8375e-03  1.3428e-02  -1.0591e-02  +1.5034e-04  +1.3430e-02  -1.3279e-02        1    +1.3885e-05  1.4896e-04  1.3428e-02  -1.3279e-02  1.0000e-01  
     31    2.8375e-03  6.2500e-02  1.3708e-02  1.3660e-02  +4.8056e-05  +1.4938e-04  +1.3481e-02  -1.3331e-02        1    +7.9644e-05  1.4142e-04  1.3473e-02  -1.3331e-02  1.0000e-01  
     32    1.3708e-02  1.5625e-02  6.4612e-03  1.3427e-02  -6.9656e-03  +1.4444e-04  +1.3429e-02  -1.3285e-02        1    +2.6062e-05  1.4184e-04  1.3427e-02  -1.3285e-02  1.0000e-01  
     33    6.4612e-03  1.5625e-02  2.9983e-03  1.3450e-02  -1.0451e-02  +1.4162e-04  +1.3451e-02  -1.3309e-02        1    +1.4271e-05  1.4019e-04  1.3450e-02  -1.3309e-02  1.0000e-01  
     34    2.9983e-03  3.1250e-02  5.8724e-03  1.3433e-02  -7.5610e-03  +1.3866e-04  +1.3436e-02  -1.3297e-02        1    +2.3402e-05  1.3632e-04  1.3433e-02  -1.3297e-02  1.0000e-01  
     35    5.8724e-03  1.5625e-02  2.7223e-03  1.3454e-02  -1.0732e-02  +1.3603e-04  +1.3456e-02  -1.3320e-02        1    +1.3668e-05  1.3466e-04  1.3454e-02  -1.3320e-02  1.0000e-01  
     36    2.7223e-03  6.2500e-02  1.3399e-02  1.3468e-02  -6.8592e-05  +1.3552e-04  +1.3432e-02  -1.3297e-02        1    +7.6067e-05  1.2791e-04  1.3425e-02  -1.3297e-02  1.0000e-01  
     37    1.3399e-02  1.5625e-02  6.2503e-03  1.3468e-02  -7.2178e-03  +1.3091e-04  +1.3471e-02  -1.3340e-02        1    +2.5215e-05  1.2839e-04  1.3468e-02  -1.3340e-02  1.0000e-01  
     38    6.2503e-03  1.5625e-02  2.9624e-03  1.3449e-02  -1.0486e-02  +1.2833e-04  +1.3450e-02  -1.3322e-02        1    +1.4030e-05  1.2693e-04  1.3449e-02  -1.3322e-02  1.0000e-01  
     39    2.9624e-03  3.1250e-02  5.6791e-03  1.3472e-02  -7.7924e-03  +1.2571e-04  +1.3474e-02  -1.3348e-02        1    +2.2701e-05  1.2344e-04  1.3472e-02  -1.3348e-02  1.0000e-01  
     40    5.6791e-03  1.5625e-02  2.6947e-03  1.3454e-02  -1.0759e-02  +1.2331e-04  +1.3456e-02  -1.3332e-02        1    +1.3459e-05  1.2197e-04  1.3454e-02  -1.3332e-02  1.0000e-01  
     41    2.6947e-03  6.2500e-02  1.3015e-02  1.3495e-02  -4.8029e-04  +1.2322e-04  +1.3502e-02  -1.3379e-02        1    +7.2745e-05  1.1594e-04  1.3495e-02  -1.3379e-02  1.0000e-01  
     42    1.3015e-02  1.5625e-02  6.1377e-03  1.3452e-02  -7.3138e-03  +1.1894e-04  +1.3454e-02  -1.3335e-02        1    +2.4444e-05  1.1650e-04  1.3452e-02  -1.3335e-02  1.0000e-01  
     43    6.1377e-03  1.5625e-02  2.8479e-03  1.3473e-02  -1.0625e-02  +1.1658e-04  +1.3474e-02  -1.3358e-02        1    +1.3808e-05  1.1520e-04  1.3473e-02  -1.3358e-02  1.0000e-01  
     44    2.8479e-03  3.1250e-02  5.5813e-03  1.3457e-02  -7.8757e-03  +1.1426e-04  +1.3459e-02  -1.3345e-02        1    +2.2054e-05  1.1205e-04  1.3457e-02  -1.3345e-02  1.0000e-01  
     45    5.5813e-03  1.5625e-02  2.5870e-03  1.3477e-02  -1.0889e-02  +1.1206e-04  +1.3478e-02  -1.3366e-02        1    +1.3264e-05  1.1073e-04  1.3477e-02  -1.3366e-02  1.0000e-01  
     46    2.5870e-03  3.1250e-02  5.0757e-03  1.3462e-02  -8.3866e-03  +1.0965e-04  +1.3464e-02  -1.3355e-02        1    +2.0077e-05  1.0764e-04  1.3462e-02  -1.3355e-02  1.0000e-01  
     47    5.0757e-03  1.5625e-02  2.3502e-03  1.3480e-02  -1.1130e-02  +1.0760e-04  +1.3481e-02  -1.3374e-02        1    +1.2811e-05  1.0632e-04  1.3480e-02  -1.3374e-02  1.0000e-01  
     48    2.3502e-03  6.2500e-02  1.1584e-02  1.3454e-02  -1.8696e-03  +1.0686e-04  +1.3460e-02  -1.3353e-02        1    +5.9432e-05  1.0091e-04  1.3454e-02  -1.3353e-02  1.0000e-01  
     49    1.1584e-02  1.5625e-02  5.4024e-03  1.3492e-02  -8.0894e-03  +1.0333e-04  +1.3494e-02  -1.3391e-02        1    +2.1441e-05  1.0119e-04  1.3492e-02  -1.3391e-02  1.0000e-01  
     50    5.4024e-03  1.5625e-02  2.5653e-03  1.3475e-02  -1.0910e-02  +1.0132e-04  +1.3476e-02  -1.3375e-02        1    +1.3076e-05  1.0001e-04  1.3475e-02  -1.3375e-02  1.0000e-01  
     51    2.5653e-03  3.1250e-02  4.9114e-03  1.3494e-02  -8.5830e-03  +9.9207e-05  +1.3496e-02  -1.3397e-02        1    +1.9566e-05  9.7250e-05  1.3494e-02  -1.3397e-02  1.0000e-01  
     52    4.9114e-03  1.5625e-02  2.3351e-03  1.3479e-02  -1.1144e-02  +9.7332e-05  +1.3480e-02  -1.3383e-02        1    +1.2646e-05  9.6068e-05  1.3479e-02  -1.3383e-02  1.0000e-01  
     53    2.3351e-03  6.2500e-02  1.1265e-02  1.3514e-02  -2.2493e-03  +9.6970e-05  +1.3520e-02  -1.3423e-02        1    +5.7078e-05  9.1262e-05  1.3514e-02  -1.3423e-02  1.0000e-01  
     54    1.1265e-02  1.5625e-02  5.3180e-03  1.3477e-02  -8.1585e-03  +9.3696e-05  +1.3479e-02  -1.3385e-02        1    +2.0880e-05  9.1608e-05  1.3477e-02  -1.3385e-02  1.0000e-01  
     55    5.3180e-03  1.5625e-02  2.4649e-03  1.3495e-02  -1.1030e-02  +9.1856e-05  +1.3496e-02  -1.3404e-02        1    +1.2902e-05  9.0566e-05  1.3495e-02  -1.3404e-02  1.0000e-01  
     56    2.4649e-03  3.1250e-02  4.8390e-03  1.3481e-02  -8.6419e-03  +8.9986e-05  +1.3483e-02  -1.3393e-02        1    +1.9093e-05  8.8077e-05  1.3481e-02  -1.3393e-02  1.0000e-01  
     57    4.8390e-03  1.5625e-02  2.2403e-03  1.3498e-02  -1.1257e-02  +8.8272e-05  +1.3499e-02  -1.3411e-02        1    +1.2491e-05  8.7023e-05  1.3498e-02  -1.3411e-02  1.0000e-01  
     58    2.2403e-03  6.2500e-02  1.1048e-02  1.3472e-02  -2.4237e-03  +8.8201e-05  +1.3477e-02  -1.3389e-02        1    +5.4895e-05  8.2711e-05  1.3472e-02  -1.3389e-02  1.0000e-01  
     59    1.1048e-02  1.5625e-02  5.1532e-03  1.3508e-02  -8.3546e-03  +8.5137e-05  +1.3510e-02  -1.3425e-02        1    +2.0345e-05  8.3102e-05  1.3508e-02  -1.3425e-02  1.0000e-01  
     60    5.1532e-03  1.5625e-02  2.4489e-03  1.3492e-02  -1.1043e-02  +8.3448e-05  +1.3493e-02  -1.3409e-02        1    +1.2732e-05  8.2174e-05  1.3492e-02  -1.3409e-02  1.0000e-01  
     61    2.4489e-03  3.1250e-02  4.6871e-03  1.3510e-02  -8.8226e-03  +8.1801e-05  +1.3512e-02  -1.3430e-02        1    +1.8646e-05  7.9936e-05  1.3510e-02  -1.3430e-02  1.0000e-01  
     62    4.6871e-03  1.5625e-02  2.2302e-03  1.3495e-02  -1.1265e-02  +8.0228e-05  +1.3496e-02  -1.3416e-02        1    +1.2341e-05  7.8994e-05  1.3495e-02  -1.3416e-02  1.0000e-01  
     63    2.2302e-03  3.1250e-02  4.2635e-03  1.3512e-02  -9.2481e-03  +7.8522e-05  +1.3513e-02  -1.3435e-02        1    +1.7236e-05  7.6798e-05  1.3512e-02  -1.3435e-02  1.0000e-01  
     64    4.2635e-03  1.5625e-02  2.0314e-03  1.3498e-02  -1.1467e-02  +7.7054e-05  +1.3500e-02  -1.3422e-02        1    +1.2014e-05  7.5852e-05  1.3498e-02  -1.3422e-02  1.0000e-01  
     65    2.0314e-03  6.2500e-02  9.7874e-03  1.3528e-02  -3.7410e-03  +7.6575e-05  +1.3533e-02  -1.3456e-02        1    +4.5568e-05  7.2018e-05  1.3528e-02  -1.3456e-02  1.0000e-01  
     66    9.7874e-03  1.5625e-02  4.6257e-03  1.3496e-02  -8.8701e-03  +7.4052e-05  +1.3498e-02  -1.3423e-02        1    +1.8232e-05  7.2229e-05  1.3496e-02  -1.3423e-02  1.0000e-01  
     67    4.6257e-03  1.5625e-02  2.1414e-03  1.3512e-02  -1.1370e-02  +7.2615e-05  +1.3513e-02  -1.3440e-02        1    +1.2201e-05  7.1395e-05  1.3512e-02  -1.3440e-02  1.0000e-01  
     68    2.1414e-03  3.1250e-02  4.2117e-03  1.3499e-02  -9.2875e-03  +7.1109e-05  +1.3501e-02  -1.3430e-02        1    +1.6883e-05  6.9421e-05  1.3499e-02  -1.3430e-02  1.0000e-01  
     69    4.2117e-03  1.5625e-02  1.9472e-03  1.3514e-02  -1.1567e-02  +6.9770e-05  +1.3515e-02  -1.3445e-02        1    +1.1887e-05  6.8581e-05  1.3514e-02  -1.3445e-02  1.0000e-01  
     70    1.9472e-03  6.2500e-02  9.6182e-03  1.3491e-02  -3.8727e-03  +6.9547e-05  +1.3495e-02  -1.3426e-02        1    +4.4007e-05  6.5147e-05  1.3491e-02  -1.3426e-02  1.0000e-01  
     71    9.6182e-03  1.5625e-02  4.4847e-03  1.3522e-02  -9.0376e-03  +6.7188e-05  +1.3524e-02  -1.3457e-02        1    +1.7837e-05  6.5404e-05  1.3522e-02  -1.3457e-02  1.0000e-01  
     72    4.4847e-03  1.5625e-02  2.1354e-03  1.3508e-02  -1.1373e-02  +6.5870e-05  +1.3509e-02  -1.3443e-02        1    +1.2064e-05  6.4663e-05  1.3508e-02  -1.3443e-02  1.0000e-01  
     73    2.1354e-03  3.1250e-02  4.0813e-03  1.3524e-02  -9.4424e-03  +6.4548e-05  +1.3525e-02  -1.3461e-02        1    +1.6550e-05  6.2893e-05  1.3524e-02  -1.3461e-02  1.0000e-01  
     74    4.0813e-03  1.5625e-02  1.9461e-03  1.3511e-02  -1.1565e-02  +6.3319e-05  +1.3512e-02  -1.3449e-02        1    +1.1764e-05  6.2143e-05  1.3511e-02  -1.3449e-02  1.0000e-01  
     75    1.9461e-03  3.1250e-02  3.7144e-03  1.3525e-02  -9.8107e-03  +6.1957e-05  +1.3527e-02  -1.3465e-02        1    +1.5481e-05  6.0409e-05  1.3525e-02  -1.3465e-02  1.0000e-01  
     76    3.7144e-03  1.5625e-02  1.7738e-03  1.3513e-02  -1.1740e-02  +6.0809e-05  +1.3515e-02  -1.3454e-02        1    +1.1512e-05  5.9657e-05  1.3513e-02  -1.3454e-02  1.0000e-01  
     77    1.7738e-03  6.2500e-02  8.5344e-03  1.3539e-02  -5.0048e-03  +6.0322e-05  +1.3543e-02  -1.3483e-02        1    +3.7036e-05  5.6619e-05  1.3539e-02  -1.3483e-02  1.0000e-01  
     78    8.5344e-03  1.5625e-02  4.0383e-03  1.3511e-02  -9.4725e-03  +5.8374e-05  +1.3512e-02  -1.3454e-02        1    +1.6240e-05  5.6750e-05  1.3511e-02  -1.3454e-02  1.0000e-01  
     79    4.0383e-03  1.5625e-02  1.8669e-03  1.3525e-02  -1.1658e-02  +5.7252e-05  +1.3526e-02  -1.3469e-02        1    +1.1648e-05  5.6087e-05  1.3525e-02  -1.3469e-02  1.0000e-01  
     80    1.8669e-03  3.1250e-02  3.6792e-03  1.3514e-02  -9.8343e-03  +5.6052e-05  +1.3515e-02  -1.3459e-02        1    +1.5215e-05  5.4531e-05  1.3514e-02  -1.3459e-02  1.0000e-01  
     81    3.6792e-03  1.5625e-02  1.6999e-03  1.3526e-02  -1.1826e-02  +5.5006e-05  +1.3527e-02  -1.3472e-02        1    +1.1406e-05  5.3865e-05  1.3526e-02  -1.3472e-02  1.0000e-01  
     82    1.6999e-03  6.2500e-02  8.4038e-03  1.3506e-02  -5.1020e-03  +5.4739e-05  +1.3509e-02  -1.3455e-02        1    +3.5912e-05  5.1147e-05  1.3506e-02  -1.3455e-02  1.0000e-01  
     83    8.4038e-03  1.5625e-02  3.9169e-03  1.3533e-02  -9.6164e-03  +5.2916e-05  +1.3535e-02  -1.3482e-02        1    +1.5944e-05  5.1322e-05  1.3533e-02  -1.3482e-02  1.0000e-01  
     84    3.9169e-03  1.5625e-02  1.8691e-03  1.3521e-02  -1.1652e-02  +5.1888e-05  +1.3522e-02  -1.3470e-02        1    +1.1535e-05  5.0734e-05  1.3521e-02  -1.3470e-02  1.0000e-01  
     85    1.8691e-03  3.1250e-02  3.5664e-03  1.3534e-02  -9.9679e-03  +5.0837e-05  +1.3536e-02  -1.3485e-02        1    +1.4963e-05  4.9340e-05  1.3534e-02  -1.3485e-02  1.0000e-01  
     86    3.5664e-03  1.5625e-02  1.7045e-03  1.3523e-02  -1.1818e-02  +4.9877e-05  +1.3524e-02  -1.3474e-02        1    +1.1302e-05  4.8747e-05  1.3523e-02  -1.3474e-02  1.0000e-01  
     87    1.7045e-03  6.2500e-02  8.1990e-03  1.3547e-02  -5.3483e-03  +4.9824e-05  +1.3551e-02  -1.3501e-02        1    +3.4863e-05  4.6337e-05  1.3547e-02  -1.3501e-02  1.0000e-01  
     88    8.1990e-03  1.5625e-02  3.8815e-03  1.3520e-02  -9.6383e-03  +4.8117e-05  +1.3521e-02  -1.3473e-02        1    +1.5669e-05  4.6550e-05  1.3520e-02  -1.3473e-02  1.0000e-01  
     89    3.8815e-03  1.5625e-02  1.7943e-03  1.3533e-02  -1.1739e-02  +4.7173e-05  +1.3534e-02  -1.3487e-02        1    +1.1428e-05  4.6030e-05  1.3533e-02  -1.3487e-02  1.0000e-01  
     90    1.7943e-03  3.1250e-02  3.5382e-03  1.3522e-02  -9.9839e-03  +4.6245e-05  +1.3524e-02  -1.3477e-02        1    +1.4726e-05  4.4773e-05  1.3522e-02  -1.3477e-02  1.0000e-01  
     91    3.5382e-03  1.5625e-02  1.6351e-03  1.3534e-02  -1.1899e-02  +4.5366e-05  +1.3535e-02  -1.3490e-02        1    +1.1204e-05  4.4245e-05  1.3534e-02  -1.3490e-02  1.0000e-01  
     92    1.6351e-03  3.1250e-02  3.2256e-03  1.3524e-02  -1.0299e-02  +4.4407e-05  +1.3526e-02  -1.3481e-02        1    +1.3940e-05  4.3013e-05  1.3524e-02  -1.3481e-02  1.0000e-01  
     93    3.2256e-03  1.5625e-02  1.4904e-03  1.3535e-02  -1.2045e-02  +4.3585e-05  +1.3536e-02  -1.3493e-02        1    +1.1015e-05  4.2484e-05  1.3535e-02  -1.3493e-02  1.0000e-01  
     94    1.4904e-03  6.2500e-02  7.3689e-03  1.3517e-02  -6.1483e-03  +4.3311e-05  +1.3520e-02  -1.3477e-02        1    +2.9844e-05  4.0327e-05  1.3517e-02  -1.3477e-02  1.0000e-01  
     95    7.3689e-03  1.5625e-02  3.4329e-03  1.3541e-02  -1.0109e-02  +4.1895e-05  +1.3543e-02  -1.3501e-02        1    +1.4500e-05  4.0445e-05  1.3541e-02  -1.3501e-02  1.0000e-01  
     96    3.4329e-03  1.5625e-02  1.6418e-03  1.3530e-02  -1.1889e-02  +4.1088e-05  +1.3531e-02  -1.3490e-02        1    +1.1108e-05  3.9978e-05  1.3530e-02  -1.3490e-02  1.0000e-01  
     97    1.6418e-03  3.1250e-02  3.1273e-03  1.3542e-02  -1.0415e-02  +4.0250e-05  +1.3543e-02  -1.3503e-02        1    +1.3745e-05  3.8876e-05  1.3542e-02  -1.3503e-02  1.0000e-01  
     98    3.1273e-03  1.5625e-02  1.4983e-03  1.3532e-02  -1.2034e-02  +3.9498e-05  +1.3533e-02  -1.3494e-02        1    +1.0926e-05  3.8405e-05  1.3532e-02  -1.3494e-02  1.0000e-01  
     99    1.4983e-03  6.2500e-02  7.1961e-03  1.3553e-02  -6.3570e-03  +3.9405e-05  +1.3556e-02  -1.3517e-02        1    +2.9082e-05  3.6496e-05  1.3553e-02  -1.3517e-02  1.0000e-01  
    100    7.1961e-03  1.5625e-02  3.4110e-03  1.3529e-02  -1.0118e-02  +3.8076e-05  +1.3530e-02  -1.3492e-02        1    +1.4289e-05  3.6648e-05  1.3529e-02  -1.3492e-02  1.0000e-01  
    101    3.4110e-03  1.5625e-02  1.5768e-03  1.3541e-02  -1.1964e-02  +3.7337e-05  +1.3542e-02  -1.3504e-02        1    +1.1016e-05  3.6235e-05  1.3541e-02  -1.3504e-02  1.0000e-01  
    102    1.5768e-03  3.1250e-02  3.1113e-03  1.3531e-02  -1.0420e-02  +3.6598e-05  +1.3532e-02  -1.3496e-02        1    +1.3561e-05  3.5242e-05  1.3531e-02  -1.3496e-02  1.0000e-01  
    103    3.1113e-03  1.5625e-02  1.4379e-03  1.3541e-02  -1.2104e-02  +3.5909e-05  +1.3543e-02  -1.3507e-02        1    +1.0841e-05  3.4825e-05  1.3541e-02  -1.3507e-02  1.0000e-01  
    104    1.4379e-03  3.1250e-02  2.8382e-03  1.3533e-02  -1.0694e-02  +3.5148e-05  +1.3534e-02  -1.3499e-02        1    +1.2954e-05  3.3852e-05  1.3533e-02  -1.3499e-02  1.0000e-01  
    105    2.8382e-03  1.5625e-02  1.3114e-03  1.3542e-02  -1.2231e-02  +3.4503e-05  +1.3543e-02  -1.3509e-02        1    +1.0691e-05  3.3434e-05  1.3542e-02  -1.3509e-02  1.0000e-01  
    106    1.3114e-03  6.2500e-02  6.4847e-03  1.3526e-02  -7.0414e-03  +3.4255e-05  +1.3529e-02  -1.3494e-02        1    +2.5261e-05  3.1729e-05  1.3526e-02  -1.3494e-02  1.0000e-01  
    107    6.4847e-03  1.5625e-02  3.0193e-03  1.3547e-02  -1.0528e-02  +3.3151e-05  +1.3549e-02  -1.3516e-02        1    +1.3385e-05  3.1813e-05  1.3547e-02  -1.3516e-02  1.0000e-01  
    108    3.0193e-03  1.5625e-02  1.4475e-03  1.3538e-02  -1.2090e-02  +3.2519e-05  +1.3539e-02  -1.3506e-02        1    +1.0757e-05  3.1443e-05  1.3538e-02  -1.3506e-02  1.0000e-01  
    109    1.4475e-03  3.1250e-02  2.7519e-03  1.3548e-02  -1.0796e-02  +3.1855e-05  +1.3549e-02  -1.3517e-02        1    +1.2800e-05  3.0575e-05  1.3548e-02  -1.3517e-02  1.0000e-01  
    110    2.7519e-03  1.5625e-02  1.3219e-03  1.3539e-02  -1.2217e-02  +3.1264e-05  +1.3540e-02  -1.3509e-02        1    +1.0613e-05  3.0203e-05  1.3539e-02  -1.3509e-02  1.0000e-01  
    111    1.3219e-03  6.2500e-02  6.3382e-03  1.3557e-02  -7.2191e-03  +3.1168e-05  +1.3560e-02  -1.3529e-02        1    +2.4704e-05  2.8697e-05  1.3557e-02  -1.3529e-02  1.0000e-01  
    112    6.3382e-03  1.5625e-02  3.0084e-03  1.3536e-02  -1.0528e-02  +3.0131e-05  +1.3537e-02  -1.3507e-02        1    +1.3220e-05  2.8809e-05  1.3536e-02  -1.3507e-02  1.0000e-01  
    113    3.0084e-03  1.5625e-02  1.3907e-03  1.3546e-02  -1.2155e-02  +2.9551e-05  +1.3547e-02  -1.3518e-02        1    +1.0677e-05  2.8483e-05  1.3546e-02  -1.3518e-02  1.0000e-01  
    114    1.3907e-03  3.1250e-02  2.7457e-03  1.3538e-02  -1.0792e-02  +2.8967e-05  +1.3539e-02  -1.3510e-02        1    +1.2655e-05  2.7701e-05  1.3538e-02  -1.3510e-02  1.0000e-01  
    115    2.7457e-03  1.5625e-02  1.2690e-03  1.3547e-02  -1.2278e-02  +2.8426e-05  +1.3548e-02  -1.3519e-02        1    +1.0537e-05  2.7372e-05  1.3547e-02  -1.3519e-02  1.0000e-01  
    116    1.2690e-03  3.1250e-02  2.5063e-03  1.3539e-02  -1.1033e-02  +2.7825e-05  +1.3540e-02  -1.3512e-02        1    +1.2181e-05  2.6607e-05  1.3539e-02  -1.3512e-02  1.0000e-01  
    117    2.5063e-03  1.5625e-02  1.1581e-03  1.3547e-02  -1.2389e-02  +2.7319e-05  +1.3548e-02  -1.3521e-02        1    +1.0418e-05  2.6277e-05  1.3547e-02  -1.3521e-02  1.0000e-01  
    118    1.1581e-03  6.2500e-02  5.7269e-03  1.3533e-02  -7.8060e-03  +2.7111e-05  +1.3535e-02  -1.3508e-02        1    +2.1771e-05  2.4934e-05  1.3533e-02  -1.3508e-02  1.0000e-01  
    119    5.7269e-03  1.5625e-02  2.6647e-03  1.3552e-02  -1.0887e-02  +2.6248e-05  +1.3553e-02  -1.3527e-02        1    +1.2515e-05  2.4996e-05  1.3552e-02  -1.3527e-02  1.0000e-01  
    120    2.6647e-03  1.5625e-02  1.2808e-03  1.3543e-02  -1.2262e-02  +2.5751e-05  +1.3544e-02  -1.3518e-02        1    +1.0463e-05  2.4705e-05  1.3543e-02  -1.3518e-02  1.0000e-01  
    121    1.2808e-03  3.1250e-02  2.4300e-03  1.3552e-02  -1.1122e-02  +2.5228e-05  +1.3553e-02  -1.3528e-02        1    +1.2057e-05  2.4023e-05  1.3552e-02  -1.3528e-02  1.0000e-01  
    122    2.4300e-03  1.5625e-02  1.1704e-03  1.3544e-02  -1.2374e-02  +2.4765e-05  +1.3545e-02  -1.3520e-02        1    +1.0348e-05  2.3730e-05  1.3544e-02  -1.3520e-02  1.0000e-01  
    123    1.1704e-03  6.2500e-02  5.6022e-03  1.3560e-02  -7.9580e-03  +2.4682e-05  +1.3562e-02  -1.3538e-02        1    +2.1360e-05  2.2546e-05  1.3560e-02  -1.3538e-02  1.0000e-01  
    124    5.6022e-03  1.5625e-02  2.6627e-03  1.3541e-02  -1.0879e-02  +2.3869e-05  +1.3543e-02  -1.3519e-02        1    +1.2383e-05  2.2631e-05  1.3541e-02  -1.3519e-02  1.0000e-01  
    125    2.6627e-03  1.5625e-02  1.2310e-03  1.3550e-02  -1.2319e-02  +2.3414e-05  +1.3551e-02  -1.3528e-02        1    +1.0392e-05  2.2374e-05  1.3550e-02  -1.3528e-02  1.0000e-01  
    126    1.2310e-03  3.1250e-02  2.4318e-03  1.3542e-02  -1.1111e-02  +2.2954e-05  +1.3544e-02  -1.3521e-02        1    +1.1939e-05  2.1760e-05  1.3542e-02  -1.3521e-02  1.0000e-01  
    127    2.4318e-03  1.5625e-02  1.1239e-03  1.3551e-02  -1.2427e-02  +2.2529e-05  +1.3552e-02  -1.3529e-02        1    +1.0280e-05  2.1501e-05  1.3551e-02  -1.3529e-02  1.0000e-01  
    128    1.1239e-03  3.1250e-02  2.2211e-03  1.3544e-02  -1.1322e-02  +2.2056e-05  +1.3545e-02  -1.3523e-02        1    +1.1567e-05  2.0900e-05  1.3544e-02  -1.3523e-02  1.0000e-01  
    129    2.2211e-03  1.5625e-02  1.0263e-03  1.3551e-02  -1.2525e-02  +2.1659e-05  +1.3552e-02  -1.3530e-02        1    +1.0184e-05  2.0641e-05  1.3551e-02  -1.3530e-02  1.0000e-01  
    130    1.0263e-03  6.2500e-02  5.0755e-03  1.3538e-02  -8.4625e-03  +2.1495e-05  +1.3540e-02  -1.3518e-02        1    +1.9091e-05  1.9585e-05  1.3538e-02  -1.3518e-02  1.0000e-01  
    131    5.0755e-03  1.5625e-02  2.3599e-03  1.3555e-02  -1.1195e-02  +2.0817e-05  +1.3556e-02  -1.3535e-02        1    +1.1825e-05  1.9634e-05  1.3555e-02  -1.3535e-02  1.0000e-01  
    132    2.3599e-03  1.5625e-02  1.1374e-03  1.3547e-02  -1.2410e-02  +2.0427e-05  +1.3548e-02  -1.3528e-02        1    +1.0213e-05  1.9405e-05  1.3547e-02  -1.3528e-02  1.0000e-01  
    133    1.1374e-03  3.1250e-02  2.1530e-03  1.3555e-02  -1.1402e-02  +2.0016e-05  +1.3556e-02  -1.3536e-02        1    +1.1464e-05  1.8869e-05  1.3555e-02  -1.3536e-02  1.0000e-01  
    134    2.1530e-03  1.5625e-02  1.0401e-03  1.3548e-02  -1.2508e-02  +1.9651e-05  +1.3549e-02  -1.3529e-02        1    +1.0120e-05  1.8639e-05  1.3548e-02  -1.3529e-02  1.0000e-01  
    135    1.0401e-03  6.2500e-02  4.9687e-03  1.3562e-02  -8.5932e-03  +1.9589e-05  +1.3564e-02  -1.3544e-02        1    +1.8785e-05  1.7710e-05  1.3562e-02  -1.3544e-02  1.0000e-01  
    136    4.9687e-03  1.5625e-02  2.3650e-03  1.3545e-02  -1.1180e-02  +1.8949e-05  +1.3546e-02  -1.3527e-02        1    +1.1718e-05  1.7777e-05  1.3545e-02  -1.3527e-02  1.0000e-01  
    137    2.3650e-03  1.5625e-02  1.0934e-03  1.3553e-02  -1.2460e-02  +1.8591e-05  +1.3554e-02  -1.3536e-02        1    +1.0149e-05  1.7576e-05  1.3553e-02  -1.3536e-02  1.0000e-01  
    138    1.0934e-03  3.1250e-02  2.1613e-03  1.3546e-02  -1.1385e-02  +1.8230e-05  +1.3547e-02  -1.3529e-02        1    +1.1367e-05  1.7094e-05  1.3546e-02  -1.3529e-02  1.0000e-01  
    139    2.1613e-03  1.5625e-02  9.9887e-04  1.3553e-02  -1.2554e-02  +1.7896e-05  +1.3554e-02  -1.3536e-02        1    +1.0057e-05  1.6891e-05  1.3553e-02  -1.3536e-02  1.0000e-01  
    140    9.9887e-04  3.1250e-02  1.9753e-03  1.3547e-02  -1.1572e-02  +1.7526e-05  +1.3548e-02  -1.3531e-02        1    +1.1071e-05  1.6418e-05  1.3547e-02  -1.3531e-02  1.0000e-01  
    141    1.9753e-03  1.5625e-02  9.1262e-04  1.3554e-02  -1.2641e-02  +1.7213e-05  +1.3555e-02  -1.3537e-02        1    +9.9786e-06  1.6215e-05  1.3554e-02  -1.3537e-02  1.0000e-01  
    142    9.1262e-04  6.2500e-02  4.5139e-03  1.3542e-02  -9.0280e-03  +1.7089e-05  +1.3544e-02  -1.3526e-02        1    +1.7015e-05  1.5387e-05  1.3542e-02  -1.3526e-02  1.0000e-01  
    143    4.5139e-03  1.5625e-02  2.0970e-03  1.3557e-02  -1.1460e-02  +1.6554e-05  +1.3558e-02  -1.3541e-02        1    +1.1272e-05  1.5427e-05  1.3557e-02  -1.3541e-02  1.0000e-01  
    144    2.0970e-03  1.5625e-02  1.0136e-03  1.3550e-02  -1.2536e-02  +1.6247e-05  +1.3551e-02  -1.3535e-02        1    +9.9963e-06  1.5248e-05  1.3550e-02  -1.3535e-02  1.0000e-01  
    145    1.0136e-03  3.1250e-02  1.9142e-03  1.3557e-02  -1.1642e-02  +1.5926e-05  +1.3558e-02  -1.3542e-02        1    +1.0985e-05  1.4827e-05  1.3557e-02  -1.3542e-02  1.0000e-01  
    146    1.9142e-03  1.5625e-02  9.2754e-04  1.3550e-02  -1.2623e-02  +1.5639e-05  +1.3551e-02  -1.3536e-02        1    +9.9194e-06  1.4647e-05  1.3550e-02  -1.3536e-02  1.0000e-01  
    147    9.2754e-04  6.2500e-02  4.4219e-03  1.3563e-02  -9.1409e-03  +1.5597e-05  +1.3565e-02  -1.3549e-02        1    +1.6784e-05  1.3918e-05  1.3563e-02  -1.3549e-02  1.0000e-01  
    148    4.4219e-03  1.5625e-02  2.1080e-03  1.3548e-02  -1.1440e-02  +1.5091e-05  +1.3549e-02  -1.3534e-02        1    +1.1182e-05  1.3973e-05  1.3548e-02  -1.3534e-02  1.0000e-01  
    149    2.1080e-03  1.5625e-02  9.7454e-04  1.3555e-02  -1.2580e-02  +1.4809e-05  +1.3556e-02  -1.3541e-02        1    +9.9368e-06  1.3816e-05  1.3555e-02  -1.3541e-02  1.0000e-01  
    150    9.7454e-04  3.1250e-02  1.9276e-03  1.3549e-02  -1.1621e-02  +1.4527e-05  +1.3550e-02  -1.3535e-02        1    +1.0902e-05  1.3437e-05  1.3549e-02  -1.3535e-02  1.0000e-01  
    151    1.9276e-03  1.5625e-02  8.9081e-04  1.3555e-02  -1.2664e-02  +1.4264e-05  +1.3556e-02  -1.3542e-02        1    +9.8617e-06  1.3278e-05  1.3555e-02  -1.3542e-02  1.0000e-01  
    152    8.9081e-04  3.1250e-02  1.7628e-03  1.3549e-02  -1.1787e-02  +1.3974e-05  +1.3550e-02  -1.3536e-02        1    +1.0666e-05  1.2907e-05  1.3549e-02  -1.3536e-02  1.0000e-01  
    153    1.7628e-03  1.5625e-02  8.1437e-04  1.3555e-02  -1.2741e-02  +1.3728e-05  +1.3556e-02  -1.3542e-02        1    +9.7964e-06  1.2748e-05  1.3555e-02  -1.3542e-02  1.0000e-01  
    154    8.1437e-04  6.2500e-02  4.0282e-03  1.3545e-02  -9.5164e-03  +1.3638e-05  +1.3546e-02  -1.3533e-02        1    +1.5392e-05  1.2099e-05  1.3545e-02  -1.3533e-02  1.0000e-01  
    155    4.0282e-03  1.5625e-02  1.8697e-03  1.3558e-02  -1.1688e-02  +1.3215e-05  +1.3559e-02  -1.3546e-02        1    +1.0822e-05  1.2133e-05  1.3558e-02  -1.3546e-02  1.0000e-01  
    156    1.8697e-03  1.5625e-02  9.0650e-04  1.3552e-02  -1.2645e-02  +1.2973e-05  +1.3553e-02  -1.3540e-02        1    +9.8051e-06  1.1992e-05  1.3552e-02  -1.3540e-02  1.0000e-01  
    157    9.0650e-04  3.1250e-02  1.7075e-03  1.3558e-02  -1.1850e-02  +1.2721e-05  +1.3559e-02  -1.3546e-02        1    +1.0592e-05  1.1662e-05  1.3558e-02  -1.3546e-02  1.0000e-01  
    158    1.7075e-03  1.5625e-02  8.3008e-04  1.3552e-02  -1.2722e-02  +1.2495e-05  +1.3553e-02  -1.3541e-02        1    +9.7412e-06  1.1521e-05  1.3552e-02  -1.3541e-02  1.0000e-01  
    159    8.3008e-04  6.2500e-02  3.9486e-03  1.3563e-02  -9.6146e-03  +1.2472e-05  +1.3565e-02  -1.3552e-02        1    +1.5216e-05  1.0950e-05  1.3563e-02  -1.3552e-02  1.0000e-01  
    160    3.9486e-03  1.5625e-02  1.8854e-03  1.3550e-02  -1.1664e-02  +1.2071e-05  +1.3551e-02  -1.3539e-02        1    +1.0745e-05  1.0996e-05  1.3550e-02  -1.3539e-02  1.0000e-01  
    161    1.8854e-03  1.5625e-02  8.7157e-04  1.3556e-02  -1.2685e-02  +1.1848e-05  +1.3557e-02  -1.3545e-02        1    +9.7498e-06  1.0873e-05  1.3556e-02  -1.3545e-02  1.0000e-01  
    162    8.7157e-04  3.1250e-02  1.7251e-03  1.3550e-02  -1.1825e-02  +1.1628e-05  +1.3551e-02  -1.3540e-02        1    +1.0520e-05  1.0576e-05  1.3550e-02  -1.3540e-02  1.0000e-01  
    163    1.7251e-03  1.5625e-02  7.9715e-04  1.3556e-02  -1.2759e-02  +1.1420e-05  +1.3557e-02  -1.3546e-02        1    +9.6872e-06  1.0451e-05  1.3556e-02  -1.3546e-02  1.0000e-01  
    164    7.9715e-04  3.1250e-02  1.5786e-03  1.3551e-02  -1.1972e-02  +1.1193e-05  +1.3552e-02  -1.3541e-02        1    +1.0329e-05  1.0160e-05  1.3551e-02  -1.3541e-02  1.0000e-01  
    165    1.5786e-03  1.5625e-02  7.2917e-04  1.3556e-02  -1.2827e-02  +1.0998e-05  +1.3557e-02  -1.3546e-02        1    +9.6323e-06  1.0035e-05  1.3556e-02  -1.3546e-02  1.0000e-01  
    166    7.2917e-04  6.2500e-02  3.6070e-03  1.3547e-02  -9.9395e-03  +1.0937e-05  +1.3548e-02  -1.3537e-02        1    +1.4112e-05  9.5258e-06  1.3547e-02  -1.3537e-02  1.0000e-01  
    167    3.6070e-03  1.5625e-02  1.6726e-03  1.3558e-02  -1.1886e-02  +1.0601e-05  +1.3559e-02  -1.3549e-02        1    +1.0450e-05  9.5558e-06  1.3558e-02  -1.3549e-02  1.0000e-01  
    168    1.6726e-03  1.5625e-02  8.1350e-04  1.3553e-02  -1.2739e-02  +1.0409e-05  +1.3554e-02  -1.3543e-02        1    +9.6341e-06  9.4457e-06  1.3553e-02  -1.3543e-02  1.0000e-01  
    169    8.1350e-04  3.1250e-02  1.5288e-03  1.3558e-02  -1.2029e-02  +1.0213e-05  +1.3559e-02  -1.3549e-02        1    +1.0264e-05  9.1864e-06  1.3558e-02  -1.3549e-02  1.0000e-01  
    170    1.5288e-03  1.5625e-02  7.4544e-04  1.3553e-02  -1.2808e-02  +1.0034e-05  +1.3554e-02  -1.3544e-02        1    +9.5803e-06  9.0757e-06  1.3553e-02  -1.3544e-02  1.0000e-01  
    171    7.4544e-04  6.2500e-02  3.5376e-03  1.3563e-02  -1.0025e-02  +1.0026e-05  +1.3564e-02  -1.3554e-02        1    +1.3976e-05  8.6288e-06  1.3563e-02  -1.3554e-02  1.0000e-01  
    172    3.5376e-03  1.5625e-02  1.6920e-03  1.3551e-02  -1.1859e-02  +9.7066e-06  +1.3552e-02  -1.3542e-02        1    +1.0383e-05  8.6683e-06  1.3551e-02  -1.3542e-02  1.0000e-01  
    173    1.6920e-03  1.5625e-02  7.8211e-04  1.3557e-02  -1.2775e-02  +9.5302e-06  +1.3558e-02  -1.3548e-02        1    +9.5822e-06  8.5720e-06  1.3557e-02  -1.3548e-02  1.0000e-01  
    174    7.8211e-04  3.1250e-02  1.5491e-03  1.3551e-02  -1.2002e-02  +9.3582e-06  +1.3553e-02  -1.3543e-02        1    +1.0200e-05  8.3381e-06  1.3551e-02  -1.3543e-02  1.0000e-01  
    175    1.5491e-03  1.5625e-02  7.1574e-04  1.3557e-02  -1.2841e-02  +9.1936e-06  +1.3558e-02  -1.3548e-02        1    +9.5294e-06  8.2406e-06  1.3557e-02  -1.3548e-02  1.0000e-01  
    176    7.1574e-04  3.1250e-02  1.4184e-03  1.3552e-02  -1.2133e-02  +9.0160e-06  +1.3553e-02  -1.3544e-02        1    +1.0045e-05  8.0115e-06  1.3552e-02  -1.3544e-02  1.0000e-01  
    177    1.4184e-03  1.5625e-02  6.5508e-04  1.3557e-02  -1.2902e-02  +8.8621e-06  +1.3558e-02  -1.3549e-02        1    +9.4828e-06  7.9138e-06  1.3557e-02  -1.3549e-02  1.0000e-01  
    178    6.5508e-04  6.2500e-02  3.2407e-03  1.3548e-02  -1.0307e-02  +8.8235e-06  +1.3549e-02  -1.3540e-02        1    +1.3093e-05  7.5143e-06  1.3548e-02  -1.3540e-02  1.0000e-01  
    179    3.2407e-03  1.5625e-02  1.5019e-03  1.3559e-02  -1.2057e-02  +8.5550e-06  +1.3560e-02  -1.3551e-02        1    +1.0139e-05  7.5411e-06  1.3559e-02  -1.3551e-02  1.0000e-01  
    180    1.5019e-03  1.5625e-02  7.3255e-04  1.3553e-02  -1.2821e-02  +8.4028e-06  +1.3554e-02  -1.3546e-02        1    +9.4794e-06  7.4549e-06  1.3553e-02  -1.3546e-02  1.0000e-01  
    181    7.3255e-04  3.1250e-02  1.3746e-03  1.3558e-02  -1.2184e-02  +8.2496e-06  +1.3559e-02  -1.3551e-02        1    +9.9864e-06  7.2510e-06  1.3558e-02  -1.3551e-02  1.0000e-01  
    182    1.3746e-03  1.5625e-02  6.7173e-04  1.3554e-02  -1.2882e-02  +8.1075e-06  +1.3555e-02  -1.3547e-02        1    +9.4335e-06  7.1641e-06  1.3554e-02  -1.3547e-02  1.0000e-01  
    183    6.7173e-04  3.1250e-02  1.2581e-03  1.3558e-02  -1.2300e-02  +7.9503e-06  +1.3559e-02  -1.3551e-02        1    +9.8565e-06  6.9646e-06  1.3558e-02  -1.3551e-02  1.0000e-01  
    184    1.2581e-03  1.5625e-02  6.1611e-04  1.3554e-02  -1.2938e-02  +7.8173e-06  +1.3555e-02  -1.3547e-02        1    +9.3927e-06  6.8780e-06  1.3554e-02  -1.3547e-02  1.0000e-01  
    185    6.1611e-04  6.2500e-02  2.9086e-03  1.3562e-02  -1.0653e-02  +7.7664e-06  +1.3563e-02  -1.3555e-02        1    +1.2364e-05  6.5300e-06  1.3562e-02  -1.3555e-02  1.0000e-01  
    186    2.9086e-03  1.5625e-02  1.3957e-03  1.3552e-02  -1.2156e-02  +7.5389e-06  +1.3553e-02  -1.3546e-02        1    +9.9296e-06  6.5460e-06  1.3552e-02  -1.3546e-02  1.0000e-01  
    187    1.3957e-03  1.5625e-02  6.4479e-04  1.3557e-02  -1.2912e-02  +7.4088e-06  +1.3558e-02  -1.3550e-02        1    +9.3852e-06  6.4702e-06  1.3557e-02  -1.3550e-02  1.0000e-01  
    188    6.4479e-04  3.1250e-02  1.2788e-03  1.3552e-02  -1.2274e-02  +7.2713e-06  +1.3553e-02  -1.3546e-02        1    +9.8018e-06  6.2911e-06  1.3552e-02  -1.3546e-02  1.0000e-01  
    189    1.2788e-03  1.5625e-02  5.9048e-04  1.3557e-02  -1.2966e-02  +7.1496e-06  +1.3558e-02  -1.3550e-02        1    +9.3450e-06  6.2151e-06  1.3557e-02  -1.3550e-02  1.0000e-01  
    190    5.9048e-04  6.2500e-02  2.9213e-03  1.3549e-02  -1.0627e-02  +7.1311e-06  +1.3550e-02  -1.3543e-02        1    +1.2273e-05  5.9038e-06  1.3549e-02  -1.3543e-02  1.0000e-01  
    191    2.9213e-03  1.5625e-02  1.3541e-03  1.3558e-02  -1.2204e-02  +6.9161e-06  +1.3559e-02  -1.3552e-02        1    +9.8741e-06  5.9286e-06  1.3558e-02  -1.3552e-02  1.0000e-01  
    192    1.3541e-03  1.5625e-02  6.6189e-04  1.3554e-02  -1.2892e-02  +6.7955e-06  +1.3555e-02  -1.3548e-02        1    +9.3376e-06  5.8617e-06  1.3554e-02  -1.3548e-02  1.0000e-01  
    193    6.6189e-04  3.1250e-02  1.2399e-03  1.3558e-02  -1.2318e-02  +6.6770e-06  +1.3559e-02  -1.3552e-02        1    +9.7485e-06  5.7022e-06  1.3558e-02  -1.3552e-02  1.0000e-01  
    194    1.2399e-03  1.5625e-02  6.0736e-04  1.3554e-02  -1.2947e-02  +6.5644e-06  +1.3555e-02  -1.3548e-02        1    +9.2981e-06  5.6346e-06  1.3554e-02  -1.3548e-02  1.0000e-01  
    195    6.0736e-04  3.1250e-02  1.1355e-03  1.3558e-02  -1.2422e-02  +6.4425e-06  +1.3559e-02  -1.3552e-02        1    +9.6409e-06  5.4784e-06  1.3558e-02  -1.3552e-02  1.0000e-01  
    196    1.1355e-03  1.5625e-02  5.5746e-04  1.3554e-02  -1.2997e-02  +6.3371e-06  +1.3555e-02  -1.3549e-02        1    +9.2626e-06  5.4108e-06  1.3554e-02  -1.3549e-02  1.0000e-01  
    197    5.5746e-04  6.2500e-02  2.6243e-03  1.3561e-02  -1.0937e-02  +6.3076e-06  +1.3562e-02  -1.3556e-02        1    +1.1681e-05  5.1396e-06  1.3561e-02  -1.3556e-02  1.0000e-01  
    198    2.6243e-03  1.5625e-02  1.2617e-03  1.3552e-02  -1.2291e-02  +6.1250e-06  +1.3553e-02  -1.3547e-02        1    +9.6966e-06  5.1553e-06  1.3552e-02  -1.3547e-02  1.0000e-01  
    199    1.2617e-03  1.5625e-02  5.8278e-04  1.3556e-02  -1.2974e-02  +6.0217e-06  +1.3557e-02  -1.3551e-02        1    +9.2520e-06  5.0965e-06  1.3556e-02  -1.3551e-02  1.0000e-01  
    200    5.8278e-04  3.1250e-02  1.1567e-03  1.3553e-02  -1.2396e-02  +5.9151e-06  +1.3554e-02  -1.3548e-02        1    +9.5906e-06  4.9560e-06  1.3553e-02  -1.3548e-02  1.0000e-01  
    201    1.1567e-03  1.5625e-02  5.3399e-04  1.3556e-02  -1.3022e-02  +5.8185e-06  +1.3557e-02  -1.3551e-02        1    +9.2170e-06  4.8968e-06  1.3556e-02  -1.3551e-02  1.0000e-01  
    202    5.3399e-04  6.2500e-02  2.6420e-03  1.3549e-02  -1.0907e-02  +5.8144e-06  +1.3550e-02  -1.3545e-02        1    +1.1606e-05  4.6538e-06  1.3549e-02  -1.3545e-02  1.0000e-01  
    203    2.6420e-03  1.5625e-02  1.2247e-03  1.3558e-02  -1.2333e-02  +5.6414e-06  +1.3559e-02  -1.3553e-02        1    +9.6460e-06  4.6768e-06  1.3558e-02  -1.3553e-02  1.0000e-01  
    204    1.2247e-03  1.5625e-02  6.0005e-04  1.3554e-02  -1.2954e-02  +5.5453e-06  +1.3555e-02  -1.3549e-02        1    +9.2066e-06  4.6247e-06  1.3554e-02  -1.3549e-02  1.0000e-01  
    205    6.0005e-04  3.1250e-02  1.1221e-03  1.3558e-02  -1.2435e-02  +5.4537e-06  +1.3559e-02  -1.3553e-02        1    +9.5415e-06  4.4996e-06  1.3558e-02  -1.3553e-02  1.0000e-01  
    206    1.1221e-03  1.5625e-02  5.5099e-04  1.3554e-02  -1.3003e-02  +5.3641e-06  +1.3555e-02  -1.3549e-02        1    +9.1721e-06  4.4469e-06  1.3554e-02  -1.3549e-02  1.0000e-01  
    207    5.5099e-04  3.1250e-02  1.0282e-03  1.3557e-02  -1.2529e-02  +5.2694e-06  +1.3558e-02  -1.3553e-02        1    +9.4515e-06  4.3242e-06  1.3557e-02  -1.3553e-02  1.0000e-01  
    208    1.0282e-03  1.5625e-02  5.0608e-04  1.3554e-02  -1.3048e-02  +5.1855e-06  +1.3555e-02  -1.3550e-02        1    +9.1409e-06  4.2714e-06  1.3554e-02  -1.3550e-02  1.0000e-01  
=========================================================
Total gradient evaluations: 3.678e+04 
