=========================================================
*                                                       *
*  Samples: 2.20e+01; epsilon: 4.9741e-03; varepson:4.9741e-03 *
*                                                       *
=========================================================
     Iter   search_dire    stepsize    KKT_inf    eKKT_inf    KKT-eKKT      merit     e_merit     mrt-emrt      rank          f           c           ec        c-ec         tau    
initial    0.0000e+00  0.0000e+00  1.9662e-01  2.9822e-01  -1.0160e-01  +1.9663e-01  +2.9823e-01  -1.0160e-01        1    +1.0343e-04  1.9662e-01  2.9822e-01  -1.0160e-01  1.0000e-01  
      1    9.3295e-03  1.0000e+00  7.1164e-01  7.1193e-01  -2.9289e-04  +2.4255e-02  +1.7189e-01  -1.4764e-01        1    +1.8771e-01  5.4849e-03  1.5312e-01  -1.4764e-01  1.0000e-01  
      2    7.1164e-01  1.5625e-02  3.7741e-01  3.7768e-01  -2.7133e-04  +1.5418e-02  +7.9687e-02  -6.4269e-02        1    +5.0271e-02  1.0391e-02  7.4660e-02  -6.4269e-02  1.0000e-01  
      3    3.7741e-01  1.5625e-02  1.9167e-01  1.9115e-01  +5.1380e-04  +1.2975e-02  +1.1544e-01  -1.0246e-01        1    +1.3268e-02  1.1649e-02  1.1411e-01  -1.0246e-01  1.0000e-01  
      4    1.9167e-01  1.5625e-02  9.8562e-02  9.9073e-02  -5.1183e-04  +1.2216e-02  +9.3707e-02  -8.1491e-02        1    +3.5206e-03  1.1864e-02  9.3355e-02  -8.1491e-02  1.0000e-01  
      5    9.8562e-02  1.5625e-02  4.9881e-02  1.0410e-01  -5.4222e-02  +1.1882e-02  +1.0420e-01  -9.2319e-02        1    +9.8563e-04  1.1784e-02  1.0410e-01  -9.2319e-02  1.0000e-01  
      6    4.9881e-02  1.5625e-02  2.5779e-02  9.8964e-02  -7.3186e-02  +1.1657e-02  +9.8996e-02  -8.7340e-02        1    +3.2006e-04  1.1625e-02  9.8964e-02  -8.7340e-02  1.0000e-01  
      7    2.5779e-02  6.2500e-02  1.2888e-01  1.2838e-01  +5.0174e-04  +1.1620e-02  +1.1147e-01  -9.9849e-02        1    +6.0073e-03  1.1020e-02  1.1087e-01  -9.9849e-02  1.0000e-01  
      8    1.2888e-01  1.5625e-02  6.6077e-02  9.7042e-02  -3.0965e-02  +1.1194e-02  +9.7205e-02  -8.6011e-02        1    +1.6285e-03  1.1031e-02  9.7042e-02  -8.6011e-02  1.0000e-01  
      9    6.6077e-02  1.5625e-02  3.3659e-02  1.0430e-01  -7.0645e-02  +1.0953e-02  +1.0435e-01  -9.3399e-02        1    +4.8727e-04  1.0904e-02  1.0430e-01  -9.3399e-02  1.0000e-01  
     10    3.3659e-02  3.1250e-02  6.8357e-02  9.7438e-02  -2.9081e-02  +1.0786e-02  +9.7612e-02  -8.6826e-02        1    +1.7344e-03  1.0612e-02  9.7438e-02  -8.6826e-02  1.0000e-01  
     11    6.8357e-02  1.5625e-02  3.4802e-02  1.0494e-01  -7.0136e-02  +1.0546e-02  +1.0499e-01  -9.4443e-02        1    +5.1383e-04  1.0495e-02  1.0494e-01  -9.4443e-02  1.0000e-01  
     12    3.4802e-02  3.1250e-02  7.0702e-02  9.7814e-02  -2.7112e-02  +1.0404e-02  +9.7999e-02  -8.7595e-02        1    +1.8485e-03  1.0219e-02  9.7814e-02  -8.7595e-02  1.0000e-01  
     13    7.0702e-02  1.5625e-02  3.6000e-02  1.0555e-01  -6.9555e-02  +1.0165e-02  +1.0561e-01  -9.5443e-02        1    +5.4266e-04  1.0111e-02  1.0555e-01  -9.5443e-02  1.0000e-01  
     14    3.6000e-02  3.1250e-02  7.3136e-02  9.8155e-02  -2.5019e-02  +1.0047e-02  +9.8353e-02  -8.8305e-02        1    +1.9712e-03  9.8504e-03  9.8155e-02  -8.8305e-02  1.0000e-01  
     15    7.3136e-02  1.5625e-02  3.7245e-02  1.0615e-01  -6.8902e-02  +9.8094e-03  +1.0620e-01  -9.6395e-02        1    +5.7386e-04  9.7521e-03  1.0615e-01  -9.6395e-02  1.0000e-01  
     16    3.7245e-02  3.1250e-02  7.5663e-02  9.8463e-02  -2.2800e-02  +9.7166e-03  +9.8674e-02  -8.8957e-02        1    +2.1033e-03  9.5062e-03  9.8463e-02  -8.8957e-02  1.0000e-01  
     17    7.5663e-02  1.5625e-02  3.8537e-02  1.0672e-01  -6.8178e-02  +9.4779e-03  +1.0678e-01  -9.7298e-02        1    +6.0757e-04  9.4171e-03  1.0672e-01  -9.7298e-02  1.0000e-01  
     18    3.8537e-02  3.1250e-02  7.8285e-02  9.8738e-02  -2.0452e-02  +9.4104e-03  +9.8962e-02  -8.9552e-02        1    +2.2452e-03  9.1859e-03  9.8738e-02  -8.9552e-02  1.0000e-01  
     19    7.8285e-02  1.5625e-02  3.9878e-02  1.0726e-01  -6.7383e-02  +9.1702e-03  +1.0733e-01  -9.8155e-02        1    +6.4391e-04  9.1058e-03  1.0726e-01  -9.8155e-02  1.0000e-01  
     20    3.9878e-02  3.1250e-02  8.1003e-02  9.8979e-02  -1.7976e-02  +9.1284e-03  +9.9219e-02  -9.0090e-02        1    +2.3976e-03  8.8887e-03  9.8979e-02  -9.0090e-02  1.0000e-01  
     21    8.1003e-02  1.5625e-02  4.1266e-02  1.0778e-01  -6.6518e-02  +8.8859e-03  +1.0785e-01  -9.8966e-02        1    +6.8303e-04  8.8176e-03  1.0778e-01  -9.8966e-02  1.0000e-01  
     22    4.1266e-02  3.1250e-02  8.3818e-02  9.9188e-02  -1.5370e-02  +8.8703e-03  +9.9444e-02  -9.0574e-02        1    +2.5611e-03  8.6141e-03  9.9188e-02  -9.0574e-02  1.0000e-01  
     23    8.3818e-02  1.5625e-02  4.2703e-02  1.0829e-01  -6.5582e-02  +8.6245e-03  +1.0836e-01  -9.9733e-02        1    +7.2506e-04  8.5520e-03  1.0829e-01  -9.9733e-02  1.0000e-01  
     24    4.2703e-02  1.5625e-02  2.1967e-02  1.0385e-01  -8.1882e-02  +8.4619e-03  +1.0387e-01  -9.5411e-02        1    +2.4258e-04  8.4376e-03  1.0385e-01  -9.5411e-02  1.0000e-01  
     25    2.1967e-02  6.2500e-02  1.1020e-01  1.1386e-01  -3.6587e-03  +8.4319e-03  +1.1430e-01  -1.0587e-01        1    +4.4054e-03  7.9914e-03  1.1386e-01  -1.0587e-01  1.0000e-01  
     26    1.1020e-01  1.5625e-02  5.6553e-02  1.0205e-01  -4.5497e-02  +8.1177e-03  +1.0217e-01  -9.4053e-02        1    +1.2030e-03  7.9974e-03  1.0205e-01  -9.4053e-02  1.0000e-01  
     27    5.6553e-02  1.5625e-02  2.8784e-02  1.0825e-01  -7.9462e-02  +7.9423e-03  +1.0828e-01  -1.0034e-01        1    +3.6762e-04  7.9055e-03  1.0825e-01  -1.0034e-01  1.0000e-01  
     28    2.8784e-02  3.1250e-02  5.8514e-02  1.0234e-01  -4.3825e-02  +7.8215e-03  +1.0247e-01  -9.4646e-02        1    +1.2821e-03  7.6933e-03  1.0234e-01  -9.4646e-02  1.0000e-01  
     29    5.8514e-02  1.5625e-02  2.9790e-02  1.0874e-01  -7.8950e-02  +7.6472e-03  +1.0878e-01  -1.0113e-01        1    +3.8768e-04  7.6084e-03  1.0874e-01  -1.0113e-01  1.0000e-01  
     30    2.9790e-02  3.1250e-02  6.0553e-02  1.0260e-01  -4.2051e-02  +7.5447e-03  +1.0274e-01  -9.5196e-02        1    +1.3673e-03  7.4080e-03  1.0260e-01  -9.5196e-02  1.0000e-01  
     31    6.0553e-02  1.5625e-02  3.0835e-02  1.0922e-01  -7.8381e-02  +7.3710e-03  +1.0926e-01  -1.0189e-01        1    +4.0939e-04  7.3300e-03  1.0922e-01  -1.0189e-01  1.0000e-01  
     32    3.0835e-02  3.1250e-02  6.2673e-02  1.0284e-01  -4.0168e-02  +7.2868e-03  +1.0299e-01  -9.5700e-02        1    +1.4591e-03  7.1409e-03  1.0284e-01  -9.5700e-02  1.0000e-01  
     33    6.2673e-02  1.5625e-02  3.1920e-02  1.0967e-01  -7.7754e-02  +7.1130e-03  +1.0972e-01  -1.0260e-01        1    +4.3283e-04  7.0698e-03  1.0967e-01  -1.0260e-01  1.0000e-01  
     34    3.1920e-02  3.1250e-02  6.4876e-02  1.0305e-01  -3.8177e-02  +7.0474e-03  +1.0321e-01  -9.6162e-02        1    +1.5579e-03  6.8916e-03  1.0305e-01  -9.6162e-02  1.0000e-01  
     35    6.4876e-02  1.5625e-02  3.3047e-02  1.1012e-01  -7.7068e-02  +6.8730e-03  +1.1016e-01  -1.0329e-01        1    +4.5813e-04  6.8272e-03  1.1012e-01  -1.0329e-01  1.0000e-01  
     36    3.3047e-02  3.1250e-02  6.7163e-02  1.0324e-01  -3.6077e-02  +6.8261e-03  +1.0341e-01  -9.6581e-02        1    +1.6642e-03  6.6596e-03  1.0324e-01  -9.6581e-02  1.0000e-01  
     37    6.7163e-02  1.5625e-02  3.4217e-02  1.1054e-01  -7.6324e-02  +6.6504e-03  +1.1059e-01  -1.0394e-01        1    +4.8541e-04  6.6018e-03  1.1054e-01  -1.0394e-01  1.0000e-01  
     38    3.4217e-02  3.1250e-02  6.9537e-02  1.0340e-01  -3.3866e-02  +6.6225e-03  +1.0358e-01  -9.6958e-02        1    +1.7785e-03  6.4446e-03  1.0340e-01  -9.6958e-02  1.0000e-01  
     39    6.9537e-02  1.5625e-02  3.5431e-02  1.1095e-01  -7.5521e-02  +6.4449e-03  +1.1100e-01  -1.0456e-01        1    +5.1480e-04  6.3934e-03  1.1095e-01  -1.0456e-01  1.0000e-01  
     40    3.5431e-02  3.1250e-02  7.2000e-02  1.0354e-01  -3.1541e-02  +6.4363e-03  +1.0373e-01  -9.7295e-02        1    +1.9013e-03  6.2462e-03  1.0354e-01  -9.7295e-02  1.0000e-01  
     41    7.2000e-02  1.5625e-02  3.6690e-02  1.1135e-01  -7.4658e-02  +6.2562e-03  +1.1140e-01  -1.0515e-01        1    +5.4644e-04  6.2016e-03  1.1135e-01  -1.0515e-01  1.0000e-01  
     42    3.6690e-02  1.5625e-02  1.8897e-02  1.0752e-01  -8.8621e-02  +6.1378e-03  +1.0754e-01  -1.0140e-01        1    +1.9032e-04  6.1188e-03  1.0752e-01  -1.0140e-01  1.0000e-01  
     43    1.8897e-02  6.2500e-02  9.4782e-02  1.1607e-01  -2.1289e-02  +6.1226e-03  +1.1640e-01  -1.1028e-01        1    +3.2699e-03  5.7956e-03  1.1607e-01  -1.1028e-01  1.0000e-01  
     44    9.4782e-02  1.5625e-02  4.8672e-02  1.0591e-01  -5.7236e-02  +5.8906e-03  +1.0600e-01  -1.0011e-01        1    +9.0193e-04  5.8004e-03  1.0591e-01  -1.0011e-01  1.0000e-01  
     45    4.8672e-02  1.5625e-02  2.4773e-02  1.1123e-01  -8.6457e-02  +5.7624e-03  +1.1126e-01  -1.0550e-01        1    +2.8321e-04  5.7341e-03  1.1123e-01  -1.0550e-01  1.0000e-01  
     46    2.4773e-02  3.1250e-02  5.0400e-02  1.0611e-01  -5.5714e-02  +5.6766e-03  +1.0621e-01  -1.0053e-01        1    +9.6187e-04  5.5804e-03  1.0611e-01  -1.0053e-01  1.0000e-01  
     47    5.0400e-02  1.5625e-02  2.5659e-02  1.1162e-01  -8.5958e-02  +5.5491e-03  +1.1165e-01  -1.0610e-01        1    +2.9843e-04  5.5192e-03  1.1162e-01  -1.0610e-01  1.0000e-01  
     48    2.5659e-02  3.1250e-02  5.2197e-02  1.0630e-01  -5.4104e-02  +5.4768e-03  +1.0640e-01  -1.0093e-01        1    +1.0266e-03  5.3741e-03  1.0630e-01  -1.0093e-01  1.0000e-01  
     49    5.2197e-02  1.5625e-02  2.6581e-02  1.1199e-01  -8.5411e-02  +5.3495e-03  +1.1202e-01  -1.0667e-01        1    +3.1491e-04  5.3180e-03  1.1199e-01  -1.0667e-01  1.0000e-01  
     50    2.6581e-02  3.1250e-02  5.4069e-02  1.0647e-01  -5.2399e-02  +5.2908e-03  +1.0658e-01  -1.0129e-01        1    +1.0964e-03  5.1812e-03  1.0647e-01  -1.0129e-01  1.0000e-01  
     51    5.4069e-02  1.5625e-02  2.7540e-02  1.1236e-01  -8.4815e-02  +5.1634e-03  +1.1239e-01  -1.0723e-01        1    +3.3274e-04  5.1301e-03  1.1236e-01  -1.0723e-01  1.0000e-01  
     52    2.7540e-02  3.1250e-02  5.6015e-02  1.0661e-01  -5.0600e-02  +5.1184e-03  +1.0673e-01  -1.0161e-01        1    +1.1717e-03  5.0013e-03  1.0661e-01  -1.0161e-01  1.0000e-01  
     53    5.6015e-02  1.5625e-02  2.8537e-02  1.1271e-01  -8.4170e-02  +4.9903e-03  +1.1274e-01  -1.0775e-01        1    +3.5202e-04  4.9551e-03  1.1271e-01  -1.0775e-01  1.0000e-01  
     54    2.8537e-02  3.1250e-02  5.8038e-02  1.0674e-01  -4.8704e-02  +4.9594e-03  +1.0687e-01  -1.0191e-01        1    +1.2529e-03  4.8341e-03  1.0674e-01  -1.0191e-01  1.0000e-01  
     55    5.8038e-02  1.5625e-02  2.9573e-02  1.1305e-01  -8.3474e-02  +4.8301e-03  +1.1308e-01  -1.0825e-01        1    +3.7287e-04  4.7928e-03  1.1305e-01  -1.0825e-01  1.0000e-01  
     56    2.9573e-02  3.1250e-02  6.0142e-02  1.0685e-01  -4.6709e-02  +4.8134e-03  +1.0699e-01  -1.0217e-01        1    +1.3405e-03  4.6793e-03  1.0685e-01  -1.0217e-01  1.0000e-01  
     57    6.0142e-02  1.5625e-02  3.0650e-02  1.1338e-01  -8.2727e-02  +4.6825e-03  +1.1342e-01  -1.0873e-01        1    +3.9538e-04  4.6430e-03  1.1338e-01  -1.0873e-01  1.0000e-01  
     58    3.0650e-02  3.1250e-02  6.2328e-02  1.0694e-01  -4.4612e-02  +4.6803e-03  +1.0708e-01  -1.0240e-01        1    +1.4348e-03  4.5368e-03  1.0694e-01  -1.0240e-01  1.0000e-01  
     59    6.2328e-02  1.5625e-02  3.1769e-02  1.1370e-01  -8.1927e-02  +4.5473e-03  +1.1374e-01  -1.0919e-01        1    +4.1970e-04  4.5053e-03  1.1370e-01  -1.0919e-01  1.0000e-01  
     60    3.1769e-02  1.5625e-02  1.6390e-02  1.1037e-01  -9.3977e-02  +4.4607e-03  +1.1038e-01  -1.0592e-01        1    +1.5269e-04  4.4454e-03  1.1037e-01  -1.0592e-01  1.0000e-01  
     61    1.6390e-02  6.2500e-02  8.2177e-02  1.1774e-01  -3.5566e-02  +4.4586e-03  +1.1799e-01  -1.1353e-01        1    +2.4680e-03  4.2118e-03  1.1774e-01  -1.1353e-01  1.0000e-01  
     62    8.2177e-02  1.5625e-02  4.2239e-02  1.0893e-01  -6.6686e-02  +4.2857e-03  +1.0899e-01  -1.0471e-01        1    +6.8866e-04  4.2168e-03  1.0893e-01  -1.0471e-01  1.0000e-01  
     63    4.2239e-02  1.5625e-02  2.1500e-02  1.1354e-01  -9.2038e-02  +4.1914e-03  +1.1356e-01  -1.0937e-01        1    +2.2288e-04  4.1691e-03  1.1354e-01  -1.0937e-01  1.0000e-01  
     64    2.1500e-02  3.1250e-02  4.3784e-02  1.0907e-01  -6.5288e-02  +4.1313e-03  +1.0915e-01  -1.0501e-01        1    +7.3517e-04  4.0578e-03  1.0907e-01  -1.0501e-01  1.0000e-01  
     65    4.3784e-02  1.5625e-02  2.2293e-02  1.1385e-01  -9.1555e-02  +4.0374e-03  +1.1387e-01  -1.0983e-01        1    +2.3467e-04  4.0139e-03  1.1385e-01  -1.0983e-01  1.0000e-01  
     66    2.2293e-02  3.1250e-02  4.5393e-02  1.0921e-01  -6.3812e-02  +3.9875e-03  +1.0928e-01  -1.0530e-01        1    +7.8549e-04  3.9089e-03  1.0921e-01  -1.0530e-01  1.0000e-01  
     67    4.5393e-02  1.5625e-02  2.3119e-02  1.1415e-01  -9.1031e-02  +3.8935e-03  +1.1417e-01  -1.1028e-01        1    +2.4748e-04  3.8688e-03  1.1415e-01  -1.1028e-01  1.0000e-01  
     68    2.3119e-02  3.1250e-02  4.7070e-02  1.0932e-01  -6.2251e-02  +3.8539e-03  +1.0941e-01  -1.0555e-01        1    +8.3991e-04  3.7699e-03  1.0932e-01  -1.0555e-01  1.0000e-01  
     69    4.7070e-02  1.5625e-02  2.3979e-02  1.1444e-01  -9.0464e-02  +3.7596e-03  +1.1447e-01  -1.1071e-01        1    +2.6137e-04  3.7335e-03  1.1444e-01  -1.1071e-01  1.0000e-01  
     70    2.3979e-02  3.1250e-02  4.8817e-02  1.0942e-01  -6.0606e-02  +3.7303e-03  +1.0951e-01  -1.0578e-01        1    +8.9876e-04  3.6404e-03  1.0942e-01  -1.0578e-01  1.0000e-01  
     71    4.8817e-02  1.5625e-02  2.4875e-02  1.1473e-01  -8.9854e-02  +3.6353e-03  +1.1476e-01  -1.1112e-01        1    +2.7643e-04  3.6077e-03  1.1473e-01  -1.1112e-01  1.0000e-01  
     72    2.4875e-02  3.1250e-02  5.0636e-02  1.0951e-01  -5.8873e-02  +3.6166e-03  +1.0960e-01  -1.0599e-01        1    +9.6237e-04  3.5204e-03  1.0951e-01  -1.0599e-01  1.0000e-01  
     73    5.0636e-02  1.5625e-02  2.5808e-02  1.1501e-01  -8.9198e-02  +3.5206e-03  +1.1504e-01  -1.1152e-01        1    +2.9276e-04  3.4913e-03  1.1501e-01  -1.1152e-01  1.0000e-01  
     74    2.5808e-02  3.1250e-02  5.2530e-02  1.0958e-01  -5.7049e-02  +3.5127e-03  +1.0968e-01  -1.0617e-01        1    +1.0311e-03  3.4096e-03  1.0958e-01  -1.0617e-01  1.0000e-01  
     75    5.2530e-02  1.5625e-02  2.6779e-02  1.1528e-01  -8.8498e-02  +3.4153e-03  +1.1531e-01  -1.1189e-01        1    +3.1046e-04  3.3842e-03  1.1528e-01  -1.1189e-01  1.0000e-01  
     76    2.6779e-02  1.5625e-02  1.3843e-02  1.1246e-01  -9.8621e-02  +3.3508e-03  +1.1248e-01  -1.0913e-01        1    +1.2066e-04  3.3387e-03  1.1246e-01  -1.0913e-01  1.0000e-01  
     77    1.3843e-02  6.2500e-02  6.9371e-02  1.1869e-01  -4.9315e-02  +3.3385e-03  +1.1886e-01  -1.1552e-01        1    +1.7709e-03  3.1614e-03  1.1869e-01  -1.1552e-01  1.0000e-01  
     78    6.9371e-02  1.5625e-02  3.5697e-02  1.1124e-01  -7.5544e-02  +3.2123e-03  +1.1129e-01  -1.0808e-01        1    +5.0333e-04  3.1620e-03  1.1124e-01  -1.0808e-01  1.0000e-01  
     79    3.5697e-02  1.5625e-02  1.8168e-02  1.1514e-01  -9.6973e-02  +3.1426e-03  +1.1516e-01  -1.1201e-01        1    +1.7090e-04  3.1255e-03  1.1514e-01  -1.1201e-01  1.0000e-01  
     80    1.8168e-02  3.1250e-02  3.7045e-02  1.1136e-01  -7.4312e-02  +3.0951e-03  +1.1141e-01  -1.0832e-01        1    +5.3758e-04  3.0413e-03  1.1136e-01  -1.0832e-01  1.0000e-01  
     81    3.7045e-02  1.5625e-02  1.8861e-02  1.1540e-01  -9.6538e-02  +3.0256e-03  +1.1542e-01  -1.1239e-01        1    +1.7954e-04  3.0077e-03  1.1540e-01  -1.1239e-01  1.0000e-01  
     82    1.8861e-02  3.1250e-02  3.8451e-02  1.1146e-01  -7.3010e-02  +2.9857e-03  +1.1152e-01  -1.0853e-01        1    +5.7473e-04  2.9282e-03  1.1146e-01  -1.0853e-01  1.0000e-01  
     83    3.8451e-02  1.5625e-02  1.9583e-02  1.1565e-01  -9.6068e-02  +2.9163e-03  +1.1567e-01  -1.1275e-01        1    +1.8895e-04  2.8974e-03  1.1565e-01  -1.1275e-01  1.0000e-01  
     84    1.9583e-02  3.1250e-02  3.9919e-02  1.1155e-01  -7.1634e-02  +2.8840e-03  +1.1161e-01  -1.0873e-01        1    +6.1502e-04  2.8225e-03  1.1155e-01  -1.0873e-01  1.0000e-01  
     85    3.9919e-02  1.5625e-02  2.0337e-02  1.1590e-01  -9.5560e-02  +2.8145e-03  +1.1592e-01  -1.1310e-01        1    +1.9920e-04  2.7945e-03  1.1590e-01  -1.1310e-01  1.0000e-01  
     86    2.0337e-02  3.1250e-02  4.1449e-02  1.1163e-01  -7.0181e-02  +2.7900e-03  +1.1170e-01  -1.0891e-01        1    +6.5871e-04  2.7241e-03  1.1163e-01  -1.0891e-01  1.0000e-01  
     87    4.1449e-02  1.5625e-02  2.1123e-02  1.1614e-01  -9.5015e-02  +2.7199e-03  +1.1616e-01  -1.1344e-01        1    +2.1035e-04  2.6989e-03  1.1614e-01  -1.1344e-01  1.0000e-01  
     88    2.1123e-02  3.1250e-02  4.3046e-02  1.1170e-01  -6.8651e-02  +2.7033e-03  +1.1177e-01  -1.0906e-01        1    +7.0608e-04  2.6327e-03  1.1170e-01  -1.0906e-01  1.0000e-01  
     89    4.3046e-02  1.5625e-02  2.1943e-02  1.1637e-01  -9.4430e-02  +2.6325e-03  +1.1640e-01  -1.1376e-01        1    +2.2249e-04  2.6103e-03  1.1637e-01  -1.1376e-01  1.0000e-01  
     90    2.1943e-02  3.1250e-02  4.4711e-02  1.1175e-01  -6.7039e-02  +2.6241e-03  +1.1183e-01  -1.0920e-01        1    +7.5746e-04  2.5483e-03  1.1175e-01  -1.0920e-01  1.0000e-01  
     91    4.4711e-02  1.5625e-02  2.2799e-02  1.1660e-01  -9.3805e-02  +2.5522e-03  +1.1663e-01  -1.1407e-01        1    +2.3568e-04  2.5287e-03  1.1660e-01  -1.1407e-01  1.0000e-01  
     92    2.2799e-02  3.1250e-02  4.6447e-02  1.1179e-01  -6.5343e-02  +2.5521e-03  +1.1187e-01  -1.0932e-01        1    +8.1316e-04  2.4708e-03  1.1179e-01  -1.0932e-01  1.0000e-01  
     93    4.6447e-02  1.5625e-02  2.3690e-02  1.1683e-01  -9.3138e-02  +2.4790e-03  +1.1685e-01  -1.1437e-01        1    +2.5003e-04  2.4539e-03  1.1683e-01  -1.1437e-01  1.0000e-01  
     94    2.3690e-02  1.5625e-02  1.2270e-02  1.1433e-01  -1.0206e-01  +2.4315e-03  +1.1434e-01  -1.1191e-01        1    +1.0150e-04  2.4213e-03  1.1433e-01  -1.1191e-01  1.0000e-01  
     95    1.2270e-02  3.1250e-02  2.4614e-02  1.1708e-01  -9.2469e-02  +2.3783e-03  +1.1711e-01  -1.1473e-01        1    +2.6548e-04  2.3518e-03  1.1708e-01  -1.1473e-01  1.0000e-01  
     96    2.4614e-02  1.5625e-02  1.2745e-02  1.1448e-01  -1.0174e-01  +2.3317e-03  +1.1449e-01  -1.1216e-01        1    +1.0523e-04  2.3212e-03  1.1448e-01  -1.1216e-01  1.0000e-01  
     97    1.2745e-02  3.1250e-02  2.5579e-02  1.1733e-01  -9.1755e-02  +2.2835e-03  +1.1736e-01  -1.1508e-01        1    +2.8231e-04  2.2553e-03  1.1733e-01  -1.1508e-01  1.0000e-01  
     98    2.5579e-02  1.5625e-02  1.3242e-02  1.1463e-01  -1.0139e-01  +2.2376e-03  +1.1464e-01  -1.1240e-01        1    +1.0934e-04  2.2267e-03  1.1463e-01  -1.1240e-01  1.0000e-01  
     99    1.3242e-02  3.1250e-02  2.6587e-02  1.1758e-01  -9.0994e-02  +2.1943e-03  +1.1761e-01  -1.1542e-01        1    +3.0063e-04  2.1643e-03  1.1758e-01  -1.1542e-01  1.0000e-01  
    100    2.6587e-02  1.5625e-02  1.3761e-02  1.1476e-01  -1.0100e-01  +2.1490e-03  +1.1477e-01  -1.1263e-01        1    +1.1384e-04  2.1376e-03  1.1476e-01  -1.1263e-01  1.0000e-01  
    101    1.3761e-02  3.1250e-02  2.7640e-02  1.1783e-01  -9.0186e-02  +2.1106e-03  +1.1786e-01  -1.1575e-01        1    +3.2057e-04  2.0785e-03  1.1783e-01  -1.1575e-01  1.0000e-01  
    102    2.7640e-02  1.5625e-02  1.4303e-02  1.1489e-01  -1.0059e-01  +2.0657e-03  +1.1490e-01  -1.1284e-01        1    +1.1878e-04  2.0538e-03  1.1489e-01  -1.1284e-01  1.0000e-01  
    103    1.4303e-02  3.1250e-02  2.8740e-02  1.1807e-01  -8.9328e-02  +2.0322e-03  +1.1810e-01  -1.1607e-01        1    +3.4228e-04  1.9980e-03  1.1807e-01  -1.1607e-01  1.0000e-01  
    104    2.8740e-02  1.5625e-02  1.4870e-02  1.1501e-01  -1.0014e-01  +1.9876e-03  +1.1503e-01  -1.1304e-01        1    +1.2420e-04  1.9752e-03  1.1501e-01  -1.1304e-01  1.0000e-01  
    105    1.4870e-02  3.1250e-02  2.9890e-02  1.1831e-01  -8.8418e-02  +1.9590e-03  +1.1834e-01  -1.1639e-01        1    +3.6592e-04  1.9224e-03  1.1831e-01  -1.1639e-01  1.0000e-01  
    106    2.9890e-02  1.5625e-02  1.5463e-02  1.1513e-01  -9.9664e-02  +1.9145e-03  +1.1514e-01  -1.1323e-01        1    +1.3013e-04  1.9015e-03  1.1513e-01  -1.1323e-01  1.0000e-01  
    107    1.5463e-02  3.1250e-02  3.1091e-02  1.1855e-01  -8.7455e-02  +1.8909e-03  +1.1859e-01  -1.1669e-01        1    +3.9166e-04  1.8518e-03  1.1855e-01  -1.1669e-01  1.0000e-01  
    108    3.1091e-02  1.5625e-02  1.6081e-02  1.1523e-01  -9.9152e-02  +1.8463e-03  +1.1525e-01  -1.1340e-01        1    +1.3662e-04  1.8327e-03  1.1523e-01  -1.1340e-01  1.0000e-01  
    109    1.6081e-02  3.1250e-02  3.2347e-02  1.1878e-01  -8.6436e-02  +1.8278e-03  +1.1882e-01  -1.1700e-01        1    +4.1968e-04  1.7859e-03  1.1878e-01  -1.1700e-01  1.0000e-01  
    110    3.2347e-02  1.5625e-02  1.6728e-02  1.1533e-01  -9.8604e-02  +1.7830e-03  +1.1535e-01  -1.1356e-01        1    +1.4372e-04  1.7686e-03  1.1533e-01  -1.1356e-01  1.0000e-01  
    111    1.6728e-02  3.1250e-02  3.3659e-02  1.1902e-01  -8.5359e-02  +1.7697e-03  +1.1906e-01  -1.1729e-01        1    +4.5019e-04  1.7247e-03  1.1902e-01  -1.1729e-01  1.0000e-01  
    112    3.3659e-02  1.5625e-02  1.7404e-02  1.1542e-01  -9.8019e-02  +1.7244e-03  +1.1544e-01  -1.1371e-01        1    +1.5148e-04  1.7093e-03  1.1542e-01  -1.1371e-01  1.0000e-01  
    113    1.7404e-02  3.1250e-02  3.5030e-02  1.1925e-01  -8.4222e-02  +1.7165e-03  +1.1930e-01  -1.1758e-01        1    +4.8341e-04  1.6681e-03  1.1925e-01  -1.1758e-01  1.0000e-01  
    114    3.5030e-02  1.5625e-02  1.8111e-02  1.1551e-01  -9.7397e-02  +1.6706e-03  +1.1552e-01  -1.1385e-01        1    +1.5997e-04  1.6546e-03  1.1551e-01  -1.1385e-01  1.0000e-01  
    115    1.8111e-02  3.1250e-02  3.6463e-02  1.1949e-01  -8.3023e-02  +1.6681e-03  +1.1954e-01  -1.1787e-01        1    +5.1958e-04  1.6161e-03  1.1949e-01  -1.1787e-01  1.0000e-01  
    116    3.6463e-02  1.5625e-02  1.8849e-02  1.1558e-01  -9.6736e-02  +1.6213e-03  +1.1560e-01  -1.1398e-01        1    +1.6925e-04  1.6044e-03  1.1558e-01  -1.1398e-01  1.0000e-01  
    117    1.8849e-02  1.5625e-02  9.5641e-03  1.1766e-01  -1.0809e-01  +1.5906e-03  +1.1766e-01  -1.1607e-01        1    +7.6895e-05  1.5829e-03  1.1766e-01  -1.1607e-01  1.0000e-01  
    118    9.5641e-03  6.2500e-02  4.8826e-02  1.1369e-01  -6.4859e-02  +1.5875e-03  +1.1377e-01  -1.1219e-01        1    +8.8827e-04  1.4986e-03  1.1369e-01  -1.1219e-01  1.0000e-01  
    119    4.8826e-02  1.5625e-02  2.4954e-02  1.1897e-01  -9.4013e-02  +1.5257e-03  +1.1899e-01  -1.1747e-01        1    +2.6626e-04  1.4991e-03  1.1897e-01  -1.1747e-01  1.0000e-01  
    120    2.4954e-02  1.5625e-02  1.2936e-02  1.1631e-01  -1.0337e-01  +1.4921e-03  +1.1632e-01  -1.1483e-01        1    +1.0183e-04  1.4819e-03  1.1631e-01  -1.1483e-01  1.0000e-01  
    121    1.2936e-02  3.1250e-02  2.5991e-02  1.1917e-01  -9.3184e-02  +1.4709e-03  +1.1920e-01  -1.1773e-01        1    +2.8475e-04  1.4424e-03  1.1917e-01  -1.1773e-01  1.0000e-01  
    122    2.5991e-02  1.5625e-02  1.3470e-02  1.1640e-01  -1.0293e-01  +1.4374e-03  +1.1642e-01  -1.1498e-01        1    +1.0645e-04  1.4267e-03  1.1640e-01  -1.1498e-01  1.0000e-01  
    123    1.3470e-02  3.1250e-02  2.7076e-02  1.1938e-01  -9.2306e-02  +1.4200e-03  +1.1941e-01  -1.1799e-01        1    +3.0494e-04  1.3895e-03  1.1938e-01  -1.1799e-01  1.0000e-01  
    124    2.7076e-02  1.5625e-02  1.4029e-02  1.1649e-01  -1.0246e-01  +1.3863e-03  +1.1650e-01  -1.1512e-01        1    +1.1152e-04  1.3752e-03  1.1649e-01  -1.1512e-01  1.0000e-01  
    125    1.4029e-02  3.1250e-02  2.8211e-02  1.1959e-01  -9.1377e-02  +1.3729e-03  +1.1962e-01  -1.1825e-01        1    +3.2699e-04  1.3402e-03  1.1959e-01  -1.1825e-01  1.0000e-01  
    126    2.8211e-02  1.5625e-02  1.4615e-02  1.1658e-01  -1.0196e-01  +1.3390e-03  +1.1659e-01  -1.1525e-01        1    +1.1709e-04  1.3273e-03  1.1658e-01  -1.1525e-01  1.0000e-01  
    127    1.4615e-02  3.1250e-02  2.9400e-02  1.1979e-01  -9.0395e-02  +1.3296e-03  +1.1983e-01  -1.1850e-01        1    +3.5107e-04  1.2945e-03  1.1979e-01  -1.1850e-01  1.0000e-01  
    128    2.9400e-02  1.5625e-02  1.5227e-02  1.1665e-01  -1.0142e-01  +1.2953e-03  +1.1666e-01  -1.1537e-01        1    +1.2320e-04  1.2830e-03  1.1665e-01  -1.1537e-01  1.0000e-01  
    129    1.5227e-02  3.1250e-02  3.0643e-02  1.2000e-01  -8.9357e-02  +1.2900e-03  +1.2004e-01  -1.1875e-01        1    +3.7737e-04  1.2523e-03  1.2000e-01  -1.1875e-01  1.0000e-01  
    130    3.0643e-02  1.5625e-02  1.5868e-02  1.1672e-01  -1.0085e-01  +1.2552e-03  +1.1673e-01  -1.1548e-01        1    +1.2991e-04  1.2422e-03  1.1672e-01  -1.1548e-01  1.0000e-01  
    131    1.5868e-02  3.1250e-02  3.1945e-02  1.2021e-01  -8.8262e-02  +1.2542e-03  +1.2025e-01  -1.1899e-01        1    +4.0611e-04  1.2136e-03  1.2021e-01  -1.1899e-01  1.0000e-01  
    132    3.1945e-02  1.5625e-02  1.6539e-02  1.1678e-01  -1.0025e-01  +1.2187e-03  +1.1680e-01  -1.1558e-01        1    +1.3727e-04  1.2049e-03  1.1678e-01  -1.1558e-01  1.0000e-01  
    133    1.6539e-02  1.5625e-02  8.3901e-03  1.1860e-01  -1.1021e-01  +1.1955e-03  +1.1861e-01  -1.1741e-01        1    +6.6232e-05  1.1889e-03  1.1860e-01  -1.1741e-01  1.0000e-01  
    134    8.3901e-03  6.2500e-02  4.2888e-02  1.1511e-01  -7.2220e-02  +1.1950e-03  +1.1518e-01  -1.1398e-01        1    +6.9222e-04  1.1258e-03  1.1511e-01  -1.1398e-01  1.0000e-01  
    135    4.2888e-02  1.5625e-02  2.1932e-02  1.1975e-01  -9.7820e-02  +1.1478e-03  +1.1977e-01  -1.1863e-01        1    +2.1261e-04  1.1265e-03  1.1975e-01  -1.1863e-01  1.0000e-01  
    136    2.1932e-02  1.5625e-02  1.1390e-02  1.1741e-01  -1.0602e-01  +1.1223e-03  +1.1742e-01  -1.1630e-01        1    +8.5589e-05  1.1138e-03  1.1741e-01  -1.1630e-01  1.0000e-01  
    137    1.1390e-02  3.1250e-02  2.2878e-02  1.1993e-01  -9.7057e-02  +1.1070e-03  +1.1996e-01  -1.1885e-01        1    +2.2741e-04  1.0842e-03  1.1993e-01  -1.1885e-01  1.0000e-01  
    138    2.2878e-02  1.5625e-02  1.1878e-02  1.1749e-01  -1.0562e-01  +1.0815e-03  +1.1750e-01  -1.1642e-01        1    +8.9270e-05  1.0726e-03  1.1749e-01  -1.1642e-01  1.0000e-01  
    139    1.1878e-02  3.1250e-02  2.3869e-02  1.2012e-01  -9.6248e-02  +1.0691e-03  +1.2014e-01  -1.1907e-01        1    +2.4363e-04  1.0447e-03  1.2012e-01  -1.1907e-01  1.0000e-01  
    140    2.3869e-02  1.5625e-02  1.2389e-02  1.1757e-01  -1.0518e-01  +1.0435e-03  +1.1758e-01  -1.1653e-01        1    +9.3329e-05  1.0342e-03  1.1757e-01  -1.1653e-01  1.0000e-01  
    141    1.2389e-02  3.1250e-02  2.4908e-02  1.2030e-01  -9.5392e-02  +1.0342e-03  +1.2033e-01  -1.1929e-01        1    +2.6140e-04  1.0080e-03  1.2030e-01  -1.1929e-01  1.0000e-01  
    142    2.4908e-02  1.5625e-02  1.2925e-02  1.1764e-01  -1.0471e-01  +1.0083e-03  +1.1765e-01  -1.1664e-01        1    +9.7804e-05  9.9854e-04  1.1764e-01  -1.1664e-01  1.0000e-01  
    143    1.2925e-02  3.1250e-02  2.5996e-02  1.2048e-01  -9.4486e-02  +1.0022e-03  +1.2051e-01  -1.1951e-01        1    +2.8087e-04  9.7409e-04  1.2048e-01  -1.1951e-01  1.0000e-01  
    144    2.5996e-02  1.5625e-02  1.3486e-02  1.1770e-01  -1.0421e-01  +9.7595e-04  +1.1771e-01  -1.1673e-01        1    +1.0273e-04  9.6567e-04  1.1770e-01  -1.1673e-01  1.0000e-01  
    145    1.3486e-02  3.1250e-02  2.7137e-02  1.2067e-01  -9.3529e-02  +9.7306e-04  +1.2070e-01  -1.1972e-01        1    +3.0220e-04  9.4284e-04  1.2067e-01  -1.1972e-01  1.0000e-01  
    146    2.7137e-02  1.5625e-02  1.4074e-02  1.1776e-01  -1.0368e-01  +9.4634e-04  +1.1777e-01  -1.1682e-01        1    +1.0816e-04  9.3552e-04  1.1776e-01  -1.1682e-01  1.0000e-01  
    147    1.4074e-02  1.5625e-02  7.1332e-03  1.1931e-01  -1.1217e-01  +9.2858e-04  +1.1931e-01  -1.1838e-01        1    +5.6781e-05  9.2290e-04  1.1931e-01  -1.1838e-01  1.0000e-01  
    148    7.1332e-03  6.2500e-02  3.6526e-02  1.1634e-01  -7.9809e-02  +9.2433e-04  +1.1639e-01  -1.1546e-01        1    +5.1067e-04  8.7327e-04  1.1634e-01  -1.1546e-01  1.0000e-01  
    149    3.6526e-02  1.5625e-02  1.8683e-02  1.2030e-01  -1.0161e-01  +8.8924e-04  +1.2031e-01  -1.1942e-01        1    +1.6305e-04  8.7294e-04  1.2030e-01  -1.1942e-01  1.0000e-01  
    150    1.8683e-02  1.5625e-02  9.7240e-03  1.1830e-01  -1.0858e-01  +8.6988e-04  +1.1831e-01  -1.1744e-01        1    +7.0827e-05  8.6280e-04  1.1830e-01  -1.1744e-01  1.0000e-01  
    151    9.7240e-03  3.1250e-02  1.9516e-02  1.2046e-01  -1.0094e-01  +8.5708e-04  +1.2047e-01  -1.1962e-01        1    +1.7411e-04  8.3966e-04  1.2046e-01  -1.1962e-01  1.0000e-01  
    152    1.9516e-02  1.5625e-02  1.0153e-02  1.1837e-01  -1.0822e-01  +8.3772e-04  +1.1838e-01  -1.1754e-01        1    +7.3542e-05  8.3036e-04  1.1837e-01  -1.1754e-01  1.0000e-01  
    153    1.0153e-02  3.1250e-02  2.0389e-02  1.2062e-01  -1.0023e-01  +8.2721e-04  +1.2064e-01  -1.1981e-01        1    +1.8626e-04  8.0858e-04  1.2062e-01  -1.1981e-01  1.0000e-01  
    154    2.0389e-02  1.5625e-02  1.0604e-02  1.1844e-01  -1.0784e-01  +8.0777e-04  +1.1845e-01  -1.1764e-01        1    +7.6552e-05  8.0012e-04  1.1844e-01  -1.1764e-01  1.0000e-01  
    155    1.0604e-02  3.1250e-02  2.1305e-02  1.2078e-01  -9.9477e-02  +7.9962e-04  +1.2080e-01  -1.2000e-01        1    +1.9962e-04  7.7966e-04  1.2078e-01  -1.2000e-01  1.0000e-01  
    156    2.1305e-02  1.5625e-02  1.1077e-02  1.1850e-01  -1.0743e-01  +7.8001e-04  +1.1851e-01  -1.1773e-01        1    +7.9884e-05  7.7203e-04  1.1850e-01  -1.1773e-01  1.0000e-01  
    157    1.1077e-02  3.1250e-02  2.2266e-02  1.2094e-01  -9.8678e-02  +7.7428e-04  +1.2097e-01  -1.2019e-01        1    +2.1429e-04  7.5285e-04  1.2094e-01  -1.2019e-01  1.0000e-01  
    158    2.2266e-02  1.5625e-02  1.1573e-02  1.1856e-01  -1.0699e-01  +7.5442e-04  +1.1857e-01  -1.1781e-01        1    +8.3571e-05  7.4606e-04  1.1856e-01  -1.1781e-01  1.0000e-01  
    159    1.1573e-02  3.1250e-02  2.3275e-02  1.2111e-01  -9.7833e-02  +7.5120e-04  +1.2113e-01  -1.2038e-01        1    +2.3041e-04  7.2815e-04  1.2111e-01  -1.2038e-01  1.0000e-01  
    160    2.3275e-02  1.5625e-02  1.2093e-02  1.1861e-01  -1.0652e-01  +7.3097e-04  +1.1862e-01  -1.1789e-01        1    +8.7648e-05  7.2221e-04  1.1861e-01  -1.1789e-01  1.0000e-01  
    161    1.2093e-02  3.1250e-02  2.4333e-02  1.2127e-01  -9.6940e-02  +7.3035e-04  +1.2130e-01  -1.2057e-01        1    +2.4813e-04  7.0554e-04  1.2127e-01  -1.2057e-01  1.0000e-01  
    162    2.4333e-02  1.5625e-02  1.2640e-02  1.1866e-01  -1.0602e-01  +7.0967e-04  +1.1867e-01  -1.1796e-01        1    +9.2152e-05  7.0045e-04  1.1866e-01  -1.1796e-01  1.0000e-01  
    163    1.2640e-02  1.5625e-02  6.4055e-03  1.2005e-01  -1.1365e-01  +6.9619e-04  +1.2006e-01  -1.1936e-01        1    +5.0750e-05  6.9112e-04  1.2005e-01  -1.1936e-01  1.0000e-01  
    164    6.4055e-03  6.2500e-02  3.2840e-02  1.1738e-01  -8.4537e-02  +6.9614e-04  +1.1742e-01  -1.1672e-01        1    +4.1762e-04  6.5437e-04  1.1738e-01  -1.1672e-01  1.0000e-01  
    165    3.2840e-02  1.5625e-02  1.6808e-02  1.2094e-01  -1.0413e-01  +6.6858e-04  +1.2095e-01  -1.2029e-01        1    +1.3681e-04  6.5490e-04  1.2094e-01  -1.2029e-01  1.0000e-01  
    166    1.6808e-02  1.5625e-02  8.7634e-03  1.1914e-01  -1.1038e-01  +6.5371e-04  +1.1915e-01  -1.1850e-01        1    +6.2173e-05  6.4749e-04  1.1914e-01  -1.1850e-01  1.0000e-01  
    167    8.7634e-03  3.1250e-02  1.7584e-02  1.2109e-01  -1.0350e-01  +6.4497e-04  +1.2110e-01  -1.2045e-01        1    +1.4608e-04  6.3036e-04  1.2109e-01  -1.2045e-01  1.0000e-01  
    168    1.7584e-02  1.5625e-02  9.1637e-03  1.1921e-01  -1.1004e-01  +6.3004e-04  +1.1921e-01  -1.1858e-01        1    +6.4440e-05  6.2360e-04  1.1921e-01  -1.1858e-01  1.0000e-01  
    169    9.1637e-03  3.1250e-02  1.8399e-02  1.2123e-01  -1.0283e-01  +6.2313e-04  +1.2125e-01  -1.2062e-01        1    +1.5629e-04  6.0750e-04  1.2123e-01  -1.2062e-01  1.0000e-01  
    170    1.8399e-02  1.5625e-02  9.5844e-03  1.1926e-01  -1.0968e-01  +6.0809e-04  +1.1927e-01  -1.1866e-01        1    +6.6962e-05  6.0139e-04  1.1926e-01  -1.1866e-01  1.0000e-01  
    171    9.5844e-03  3.1250e-02  1.9254e-02  1.2138e-01  -1.0212e-01  +6.0306e-04  +1.2139e-01  -1.2079e-01        1    +1.6754e-04  5.8631e-04  1.2138e-01  -1.2079e-01  1.0000e-01  
    172    1.9254e-02  1.5625e-02  1.0026e-02  1.1931e-01  -1.0929e-01  +5.8783e-04  +1.1932e-01  -1.1873e-01        1    +6.9765e-05  5.8085e-04  1.1931e-01  -1.1873e-01  1.0000e-01  
    173    1.0026e-02  3.1250e-02  2.0153e-02  1.2152e-01  -1.0137e-01  +5.8475e-04  +1.2154e-01  -1.2096e-01        1    +1.7994e-04  5.6675e-04  1.2152e-01  -1.2096e-01  1.0000e-01  
    174    2.0153e-02  1.5625e-02  1.0491e-02  1.1936e-01  -1.0887e-01  +5.6924e-04  +1.1937e-01  -1.1880e-01        1    +7.2877e-05  5.6196e-04  1.1936e-01  -1.1880e-01  1.0000e-01  
    175    1.0491e-02  3.1250e-02  2.1098e-02  1.2167e-01  -1.0058e-01  +5.6819e-04  +1.2169e-01  -1.2112e-01        1    +1.9361e-04  5.4883e-04  1.2167e-01  -1.2112e-01  1.0000e-01  
    176    2.1098e-02  1.5625e-02  1.0978e-02  1.1941e-01  -1.0843e-01  +5.5234e-04  +1.1942e-01  -1.1886e-01        1    +7.6329e-05  5.4470e-04  1.1941e-01  -1.1886e-01  1.0000e-01  
    177    1.0978e-02  1.5625e-02  5.5585e-03  1.2062e-01  -1.1506e-01  +5.4192e-04  +1.2062e-01  -1.2008e-01        1    +4.5130e-05  5.3741e-04  1.2062e-01  -1.2008e-01  1.0000e-01  
    178    5.5585e-03  6.2500e-02  2.8547e-02  1.1830e-01  -8.9749e-02  +5.4087e-04  +1.1833e-01  -1.1779e-01        1    +3.2224e-04  5.0865e-04  1.1830e-01  -1.1779e-01  1.0000e-01  
    179    2.8547e-02  1.5625e-02  1.4614e-02  1.2140e-01  -1.0678e-01  +5.1984e-04  +1.2141e-01  -1.2089e-01        1    +1.1021e-04  5.0882e-04  1.2140e-01  -1.2089e-01  1.0000e-01  
    180    1.4614e-02  1.5625e-02  7.6357e-03  1.1983e-01  -1.1220e-01  +5.0837e-04  +1.1984e-01  -1.1933e-01        1    +5.3754e-05  5.0299e-04  1.1983e-01  -1.1933e-01  1.0000e-01  
    181    7.6357e-03  3.1250e-02  1.5309e-02  1.2153e-01  -1.0622e-01  +5.0137e-04  +1.2154e-01  -1.2104e-01        1    +1.1740e-04  4.8963e-04  1.2153e-01  -1.2104e-01  1.0000e-01  
    182    1.5309e-02  1.5625e-02  7.9946e-03  1.1989e-01  -1.1190e-01  +4.8986e-04  +1.1990e-01  -1.1941e-01        1    +5.5490e-05  4.8432e-04  1.1989e-01  -1.1941e-01  1.0000e-01  
    183    7.9946e-03  3.1250e-02  1.6040e-02  1.2166e-01  -1.0562e-01  +4.8430e-04  +1.2167e-01  -1.2119e-01        1    +1.2535e-04  4.7176e-04  1.2166e-01  -1.2119e-01  1.0000e-01  
    184    1.6040e-02  1.5625e-02  8.3720e-03  1.1994e-01  -1.1157e-01  +4.7269e-04  +1.1995e-01  -1.1947e-01        1    +5.7430e-05  4.6695e-04  1.1994e-01  -1.1947e-01  1.0000e-01  
    185    8.3720e-03  3.1250e-02  1.6808e-02  1.2179e-01  -1.0498e-01  +4.6860e-04  +1.2180e-01  -1.2134e-01        1    +1.3413e-04  4.5519e-04  1.2179e-01  -1.2134e-01  1.0000e-01  
    186    1.6808e-02  1.5625e-02  8.7690e-03  1.1999e-01  -1.1122e-01  +4.5685e-04  +1.2000e-01  -1.1954e-01        1    +5.9597e-05  4.5089e-04  1.1999e-01  -1.1954e-01  1.0000e-01  
    187    8.7690e-03  3.1250e-02  1.7616e-02  1.2192e-01  -1.0431e-01  +4.5428e-04  +1.2194e-01  -1.2148e-01        1    +1.4384e-04  4.3990e-04  1.2192e-01  -1.2148e-01  1.0000e-01  
    188    1.7616e-02  1.5625e-02  9.1866e-03  1.2004e-01  -1.1085e-01  +4.4232e-04  +1.2004e-01  -1.1960e-01        1    +6.2013e-05  4.3612e-04  1.2004e-01  -1.1960e-01  1.0000e-01  
    189    9.1866e-03  3.1250e-02  1.8466e-02  1.2206e-01  -1.0359e-01  +4.4135e-04  +1.2208e-01  -1.2163e-01        1    +1.5457e-04  4.2589e-04  1.2206e-01  -1.2163e-01  1.0000e-01  
    190    1.8466e-02  1.5625e-02  9.6259e-03  1.2008e-01  -1.1045e-01  +4.2910e-04  +1.2008e-01  -1.1965e-01        1    +6.4705e-05  4.2263e-04  1.2008e-01  -1.1965e-01  1.0000e-01  
    191    9.6259e-03  1.5625e-02  4.8692e-03  1.2114e-01  -1.1627e-01  +4.2103e-04  +1.2114e-01  -1.2072e-01        1    +4.0746e-05  4.1696e-04  1.2114e-01  -1.2072e-01  1.0000e-01  
=========================================================
Total gradient evaluations: 4.224e+03 
