=========================================================
*                                                       *
*  Samples: 3.52e+02; epsilon: 1.7339e-04; varepson:1.7339e-04 *
*                                                       *
=========================================================
     Iter   search_dire    stepsize    KKT_inf    eKKT_inf    KKT-eKKT      merit     e_merit     mrt-emrt      rank          f           c           ec        c-ec         tau    
initial    0.0000e+00  0.0000e+00  1.8196e-02  1.3554e-02  +4.6419e-03  +1.8197e-02  +1.3555e-02  +4.6419e-03        1    +9.1409e-06  1.8196e-02  1.3554e-02  +4.6419e-03  1.0000e-01  
      1    5.8649e-04  1.0000e+00  3.9595e-02  3.9557e-02  +3.7877e-05  +1.1268e-04  +4.5874e-03  -4.4747e-03        1    +5.9812e-04  5.2866e-05  4.5276e-03  -4.4747e-03  1.0000e-01  
      2    3.9595e-02  1.5625e-02  1.9121e-02  1.9072e-02  +4.9155e-05  +8.4521e-05  +4.7024e-03  -4.6179e-03        1    +1.4025e-04  7.0495e-05  4.6884e-03  -4.6179e-03  1.0000e-01  
      3    1.9121e-02  1.5625e-02  8.9228e-03  8.9292e-03  -6.3941e-06  +7.9377e-05  +4.6230e-03  -4.5436e-03        1    +3.8274e-05  7.5550e-05  4.6191e-03  -4.5436e-03  1.0000e-01  
      4    8.9228e-03  1.5625e-02  4.2699e-03  4.6532e-03  -3.8332e-04  +7.7047e-05  +4.6547e-03  -4.5777e-03        1    +1.5538e-05  7.5493e-05  4.6532e-03  -4.5777e-03  1.0000e-01  
      5    4.2699e-03  1.5625e-02  1.9832e-03  4.6364e-03  -2.6533e-03  +7.5651e-05  +4.6375e-03  -4.5618e-03        1    +1.0453e-05  7.4606e-05  4.6364e-03  -4.5618e-03  1.0000e-01  
      6    1.9832e-03  6.2500e-02  9.8252e-03  9.7906e-03  +3.4580e-05  +7.5226e-05  +4.6693e-03  -4.5941e-03        1    +4.3924e-05  7.0834e-05  4.6649e-03  -4.5941e-03  1.0000e-01  
      7    9.8252e-03  1.5625e-02  4.6173e-03  4.6301e-03  -1.2768e-05  +7.2866e-05  +4.6300e-03  -4.5571e-03        1    +1.6771e-05  7.1189e-05  4.6283e-03  -4.5571e-03  1.0000e-01  
      8    4.6173e-03  1.5625e-02  2.2110e-03  4.6457e-03  -2.4347e-03  +7.1468e-05  +4.6467e-03  -4.5753e-03        1    +1.0700e-05  7.0398e-05  4.6457e-03  -4.5753e-03  1.0000e-01  
      9    2.2110e-03  3.1250e-02  4.2454e-03  4.6279e-03  -3.8252e-04  +7.0058e-05  +4.6295e-03  -4.5594e-03        1    +1.5554e-05  6.8502e-05  4.6279e-03  -4.5594e-03  1.0000e-01  
     10    4.2454e-03  1.5625e-02  2.0353e-03  4.6438e-03  -2.6084e-03  +6.8744e-05  +4.6448e-03  -4.5761e-03        1    +1.0416e-05  6.7703e-05  4.6438e-03  -4.5761e-03  1.0000e-01  
     11    2.0353e-03  3.1250e-02  3.9046e-03  4.6274e-03  -7.2275e-04  +6.7297e-05  +4.6288e-03  -4.5615e-03        1    +1.4522e-05  6.5845e-05  4.6274e-03  -4.5615e-03  1.0000e-01  
     12    3.9046e-03  1.5625e-02  1.8736e-03  4.6420e-03  -2.7683e-03  +6.6063e-05  +4.6430e-03  -4.5769e-03        1    +1.0173e-05  6.5045e-05  4.6420e-03  -4.5769e-03  1.0000e-01  
     13    1.8736e-03  6.2500e-02  9.0554e-03  9.0615e-03  -6.0736e-06  +6.5733e-05  +4.6160e-03  -4.5502e-03        1    +3.8830e-05  6.1850e-05  4.6121e-03  -4.5502e-03  1.0000e-01  
     14    9.0554e-03  1.5625e-02  4.3098e-03  4.6474e-03  -3.3753e-04  +6.3689e-05  +4.6489e-03  -4.5852e-03        1    +1.5591e-05  6.2130e-05  4.6474e-03  -4.5852e-03  1.0000e-01  
     15    4.3098e-03  1.5625e-02  2.0115e-03  4.6307e-03  -2.6193e-03  +6.2481e-05  +4.6318e-03  -4.5693e-03        1    +1.0389e-05  6.1442e-05  4.6307e-03  -4.5693e-03  1.0000e-01  
     16    2.0115e-03  3.1250e-02  3.9665e-03  4.6453e-03  -6.7881e-04  +6.1220e-05  +4.6468e-03  -4.5856e-03        1    +1.4549e-05  5.9765e-05  4.6453e-03  -4.5856e-03  1.0000e-01  
     17    3.9665e-03  1.5625e-02  1.8495e-03  4.6300e-03  -2.7805e-03  +6.0086e-05  +4.6310e-03  -4.5709e-03        1    +1.0145e-05  5.9071e-05  4.6300e-03  -4.5709e-03  1.0000e-01  
     18    1.8495e-03  3.1250e-02  3.6508e-03  4.6434e-03  -9.9256e-04  +5.8798e-05  +4.6447e-03  -4.5859e-03        1    +1.3665e-05  5.7432e-05  4.6434e-03  -4.5859e-03  1.0000e-01  
     19    3.6508e-03  1.5625e-02  1.7006e-03  4.6292e-03  -2.9286e-03  +5.7731e-05  +4.6302e-03  -4.5725e-03        1    +9.9363e-06  5.6737e-05  4.6292e-03  -4.5725e-03  1.0000e-01  
     20    1.7006e-03  6.2500e-02  8.4224e-03  8.3899e-03  +3.2474e-05  +5.7342e-05  +4.6576e-03  -4.6002e-03        1    +3.4516e-05  5.3891e-05  4.6541e-03  -4.6002e-03  1.0000e-01  
     21    8.4224e-03  1.5625e-02  3.9570e-03  4.6227e-03  -6.6570e-04  +5.5582e-05  +4.6241e-03  -4.5685e-03        1    +1.4581e-05  5.4124e-05  4.6227e-03  -4.5685e-03  1.0000e-01  
     22    3.9570e-03  1.5625e-02  1.8970e-03  4.6376e-03  -2.7407e-03  +5.4528e-05  +4.6386e-03  -4.5841e-03        1    +1.0119e-05  5.3516e-05  4.6376e-03  -4.5841e-03  1.0000e-01  
     23    1.8970e-03  3.1250e-02  3.6408e-03  4.6226e-03  -9.8173e-04  +5.3431e-05  +4.6239e-03  -4.5705e-03        1    +1.3690e-05  5.2062e-05  4.6226e-03  -4.5705e-03  1.0000e-01  
     24    3.6408e-03  1.5625e-02  1.7473e-03  4.6363e-03  -2.8890e-03  +5.2441e-05  +4.6373e-03  -4.5849e-03        1    +9.9094e-06  5.1450e-05  4.6363e-03  -4.5849e-03  1.0000e-01  
     25    1.7473e-03  3.1250e-02  3.3502e-03  4.6224e-03  -1.2722e-03  +5.1321e-05  +4.6237e-03  -4.5724e-03        1    +1.2934e-05  5.0028e-05  4.6224e-03  -4.5724e-03  1.0000e-01  
     26    3.3502e-03  1.5625e-02  1.6097e-03  4.6350e-03  -3.0253e-03  +5.0390e-05  +4.6360e-03  -4.5856e-03        1    +9.7296e-06  4.9417e-05  4.6350e-03  -4.5856e-03  1.0000e-01  
     27    1.6097e-03  6.2500e-02  7.7750e-03  7.7830e-03  -8.0370e-06  +5.0043e-05  +4.6129e-03  -4.5628e-03        1    +3.0861e-05  4.6957e-05  4.6098e-03  -4.5628e-03  1.0000e-01  
     28    7.7750e-03  1.5625e-02  3.7036e-03  4.6401e-03  -9.3649e-04  +4.8517e-05  +4.6414e-03  -4.5929e-03        1    +1.3725e-05  4.7145e-05  4.6401e-03  -4.5929e-03  1.0000e-01  
     29    3.7036e-03  1.5625e-02  1.7273e-03  4.6258e-03  -2.8985e-03  +4.7604e-05  +4.6268e-03  -4.5792e-03        1    +9.8861e-06  4.6616e-05  4.6258e-03  -4.5792e-03  1.0000e-01  
     30    1.7273e-03  3.1250e-02  3.4108e-03  4.6386e-03  -1.2279e-03  +4.6637e-05  +4.6399e-03  -4.5933e-03        1    +1.2958e-05  4.5341e-05  4.6386e-03  -4.5933e-03  1.0000e-01  
     31    3.4108e-03  1.5625e-02  1.5890e-03  4.6255e-03  -3.0365e-03  +4.5779e-05  +4.6265e-03  -4.5807e-03        1    +9.7042e-06  4.4809e-05  4.6255e-03  -4.5807e-03  1.0000e-01  
     32    1.5890e-03  6.2500e-02  7.8721e-03  7.8404e-03  +3.1652e-05  +4.5743e-05  +4.6524e-03  -4.6067e-03        1    +3.1177e-05  4.2626e-05  4.6493e-03  -4.6067e-03  1.0000e-01  
     33    7.8721e-03  1.5625e-02  3.6992e-03  4.6200e-03  -9.2076e-04  +4.4273e-05  +4.6213e-03  -4.5771e-03        1    +1.3764e-05  4.2897e-05  4.6200e-03  -4.5771e-03  1.0000e-01  
     34    3.6992e-03  1.5625e-02  1.7745e-03  4.6340e-03  -2.8595e-03  +4.3422e-05  +4.6350e-03  -4.5916e-03        1    +9.8639e-06  4.2435e-05  4.6340e-03  -4.5916e-03  1.0000e-01  
     35    1.7745e-03  3.1250e-02  3.4053e-03  4.6202e-03  -1.2149e-03  +4.2598e-05  +4.6215e-03  -4.5789e-03        1    +1.2988e-05  4.1299e-05  4.6202e-03  -4.5789e-03  1.0000e-01  
     36    3.4053e-03  1.5625e-02  1.6355e-03  4.6332e-03  -2.9977e-03  +4.1799e-05  +4.6341e-03  -4.5923e-03        1    +9.6801e-06  4.0831e-05  4.6332e-03  -4.5923e-03  1.0000e-01  
     37    1.6355e-03  3.1250e-02  3.1349e-03  4.6204e-03  -1.4855e-03  +4.0949e-05  +4.6217e-03  -4.5807e-03        1    +1.2329e-05  3.9716e-05  4.6204e-03  -4.5807e-03  1.0000e-01  
     38    3.1349e-03  1.5625e-02  1.5075e-03  4.6323e-03  -3.1249e-03  +4.0198e-05  +4.6333e-03  -4.5931e-03        1    +9.5223e-06  3.9246e-05  4.6323e-03  -4.5931e-03  1.0000e-01  
     39    1.5075e-03  6.2500e-02  7.2793e-03  7.2881e-03  -8.8146e-06  +4.0145e-05  +4.6119e-03  -4.5718e-03        1    +2.8048e-05  3.7340e-05  4.6091e-03  -4.5718e-03  1.0000e-01  
     40    7.2793e-03  1.5625e-02  3.4693e-03  4.6375e-03  -1.1682e-03  +3.8868e-05  +4.6388e-03  -4.6000e-03        1    +1.3027e-05  3.7565e-05  4.6375e-03  -4.6000e-03  1.0000e-01  
     41    3.4693e-03  1.5625e-02  1.6178e-03  4.6243e-03  -3.0065e-03  +3.8126e-05  +4.6253e-03  -4.5872e-03        1    +9.6588e-06  3.7160e-05  4.6243e-03  -4.5872e-03  1.0000e-01  
     42    1.6178e-03  3.1250e-02  3.1967e-03  4.6365e-03  -1.4398e-03  +3.7395e-05  +4.6377e-03  -4.6003e-03        1    +1.2356e-05  3.6159e-05  4.6365e-03  -4.6003e-03  1.0000e-01  
     43    3.1967e-03  1.5625e-02  1.4889e-03  4.6243e-03  -3.1354e-03  +3.6698e-05  +4.6253e-03  -4.5886e-03        1    +9.4988e-06  3.5749e-05  4.6243e-03  -4.5886e-03  1.0000e-01  
     44    1.4889e-03  3.1250e-02  2.9457e-03  4.6355e-03  -1.6899e-03  +3.5946e-05  +4.6367e-03  -4.6008e-03        1    +1.1786e-05  3.4768e-05  4.6355e-03  -4.6008e-03  1.0000e-01  
     45    2.9457e-03  1.5625e-02  1.3703e-03  4.6243e-03  -3.2540e-03  +3.5291e-05  +4.6252e-03  -4.5899e-03        1    +9.3612e-06  3.4355e-05  4.6243e-03  -4.5899e-03  1.0000e-01  
     46    1.3703e-03  6.2500e-02  6.8000e-03  6.7700e-03  +3.0049e-05  +3.5207e-05  +4.6477e-03  -4.6125e-03        1    +2.5374e-05  3.2670e-05  4.6452e-03  -4.6125e-03  1.0000e-01  
     47    6.8000e-03  1.5625e-02  3.1942e-03  4.6198e-03  -1.4256e-03  +3.4097e-05  +4.6211e-03  -4.5870e-03        1    +1.2388e-05  3.2858e-05  4.6198e-03  -4.5870e-03  1.0000e-01  
     48    3.1942e-03  1.5625e-02  1.5354e-03  4.6321e-03  -3.0967e-03  +3.3448e-05  +4.6330e-03  -4.5996e-03        1    +9.4762e-06  3.2501e-05  4.6321e-03  -4.5996e-03  1.0000e-01  
     49    1.5354e-03  3.1250e-02  2.9419e-03  4.6203e-03  -1.6784e-03  +3.2808e-05  +4.6215e-03  -4.5887e-03        1    +1.1809e-05  3.1627e-05  4.6203e-03  -4.5887e-03  1.0000e-01  
     50    2.9419e-03  1.5625e-02  1.4160e-03  4.6316e-03  -3.2156e-03  +3.2199e-05  +4.6325e-03  -4.6003e-03        1    +9.3368e-06  3.1265e-05  4.6316e-03  -4.6003e-03  1.0000e-01  
     51    1.4160e-03  3.1250e-02  2.7097e-03  4.6208e-03  -1.9111e-03  +3.1540e-05  +4.6219e-03  -4.5903e-03        1    +1.1317e-05  3.0408e-05  4.6208e-03  -4.5903e-03  1.0000e-01  
     52    2.7097e-03  1.5625e-02  1.3060e-03  4.6311e-03  -3.3251e-03  +3.0967e-05  +4.6321e-03  -4.6011e-03        1    +9.2167e-06  3.0045e-05  4.6311e-03  -4.6011e-03  1.0000e-01  
     53    1.3060e-03  6.2500e-02  6.2974e-03  6.3077e-03  -1.0329e-05  +3.0885e-05  +4.6137e-03  -4.5828e-03        1    +2.3087e-05  2.8576e-05  4.6114e-03  -4.5828e-03  1.0000e-01  
     54    6.2974e-03  1.5625e-02  3.0049e-03  4.6360e-03  -1.6310e-03  +2.9919e-05  +4.6371e-03  -4.6072e-03        1    +1.1839e-05  2.8735e-05  4.6360e-03  -4.6072e-03  1.0000e-01  
     55    3.0049e-03  1.5625e-02  1.3993e-03  4.6246e-03  -3.2253e-03  +2.9353e-05  +4.6255e-03  -4.5962e-03        1    +9.3146e-06  2.8422e-05  4.6246e-03  -4.5962e-03  1.0000e-01  
     56    1.3993e-03  3.1250e-02  2.7704e-03  4.6353e-03  -1.8649e-03  +2.8788e-05  +4.6364e-03  -4.6077e-03        1    +1.1337e-05  2.7654e-05  4.6353e-03  -4.6077e-03  1.0000e-01  
     57    2.7704e-03  1.5625e-02  1.2891e-03  4.6248e-03  -3.3358e-03  +2.8257e-05  +4.6257e-03  -4.5975e-03        1    +9.1925e-06  2.7338e-05  4.6248e-03  -4.5975e-03  1.0000e-01  
     58    1.2891e-03  3.1250e-02  2.5545e-03  4.6347e-03  -2.0803e-03  +2.7677e-05  +4.6358e-03  -4.6081e-03        1    +1.0909e-05  2.6586e-05  4.6347e-03  -4.6081e-03  1.0000e-01  
     59    2.5545e-03  1.5625e-02  1.1884e-03  4.6251e-03  -3.4367e-03  +2.7177e-05  +4.6260e-03  -4.5988e-03        1    +9.0870e-06  2.6269e-05  4.6251e-03  -4.5988e-03  1.0000e-01  
     60    1.1884e-03  6.2500e-02  5.8977e-03  5.8690e-03  +2.8706e-05  +2.7087e-05  +4.6456e-03  -4.6185e-03        1    +2.1123e-05  2.4975e-05  4.6435e-03  -4.6185e-03  1.0000e-01  
     61    5.8977e-03  1.5625e-02  2.7689e-03  4.6215e-03  -1.8526e-03  +2.6246e-05  +4.6227e-03  -4.5964e-03        1    +1.1360e-05  2.5110e-05  4.6215e-03  -4.5964e-03  1.0000e-01  
     62    2.7689e-03  1.5625e-02  1.3340e-03  4.6322e-03  -3.2982e-03  +2.5752e-05  +4.6331e-03  -4.6074e-03        1    +9.1692e-06  2.4835e-05  4.6322e-03  -4.6074e-03  1.0000e-01  
     63    1.3340e-03  3.1250e-02  2.5515e-03  4.6222e-03  -2.0707e-03  +2.5258e-05  +4.6233e-03  -4.5980e-03        1    +1.0925e-05  2.4165e-05  4.6222e-03  -4.5980e-03  1.0000e-01  
     64    2.5515e-03  1.5625e-02  1.2310e-03  4.6320e-03  -3.4010e-03  +2.4793e-05  +4.6329e-03  -4.6081e-03        1    +9.0622e-06  2.3887e-05  4.6320e-03  -4.6081e-03  1.0000e-01  
     65    1.2310e-03  3.1250e-02  2.3512e-03  4.6228e-03  -2.2716e-03  +2.4287e-05  +4.6238e-03  -4.5995e-03        1    +1.0554e-05  2.3231e-05  4.6228e-03  -4.5995e-03  1.0000e-01  
     66    2.3512e-03  1.5625e-02  1.1362e-03  4.6319e-03  -3.4957e-03  +2.3850e-05  +4.6328e-03  -4.6089e-03        1    +8.9695e-06  2.2953e-05  4.6319e-03  -4.6089e-03  1.0000e-01  
     67    1.1362e-03  6.2500e-02  5.4693e-03  5.4810e-03  -1.1609e-05  +2.3770e-05  +4.6169e-03  -4.5932e-03        1    +1.9436e-05  2.1826e-05  4.6150e-03  -4.5932e-03  1.0000e-01  
     68    5.4693e-03  1.5625e-02  2.6132e-03  4.6364e-03  -2.0232e-03  +2.3037e-05  +4.6374e-03  -4.6144e-03        1    +1.0946e-05  2.1942e-05  4.6364e-03  -4.6144e-03  1.0000e-01  
     69    2.6132e-03  1.5625e-02  1.2162e-03  4.6265e-03  -3.4104e-03  +2.2606e-05  +4.6274e-03  -4.6048e-03        1    +9.0390e-06  2.1702e-05  4.6265e-03  -4.6048e-03  1.0000e-01  
     70    1.2162e-03  3.1250e-02  2.4107e-03  4.6360e-03  -2.2253e-03  +2.2172e-05  +4.6371e-03  -4.6149e-03        1    +1.0567e-05  2.1115e-05  4.6360e-03  -4.6149e-03  1.0000e-01  
     71    2.4107e-03  1.5625e-02  1.1217e-03  4.6270e-03  -3.5053e-03  +2.1767e-05  +4.6279e-03  -4.6061e-03        1    +8.9446e-06  2.0872e-05  4.6270e-03  -4.6061e-03  1.0000e-01  
     72    1.1217e-03  3.1250e-02  2.2241e-03  4.6357e-03  -2.4116e-03  +2.1322e-05  +4.6367e-03  -4.6154e-03        1    +1.0243e-05  2.0298e-05  4.6357e-03  -4.6154e-03  1.0000e-01  
     73    2.2241e-03  1.5625e-02  1.0346e-03  4.6274e-03  -3.5928e-03  +2.0941e-05  +4.6283e-03  -4.6073e-03        1    +8.8626e-06  2.0055e-05  4.6274e-03  -4.6073e-03  1.0000e-01  
     74    1.0346e-03  6.2500e-02  5.1355e-03  5.1079e-03  +2.7576e-05  +2.0863e-05  +4.6455e-03  -4.6246e-03        1    +1.7981e-05  1.9065e-05  4.6437e-03  -4.6246e-03  1.0000e-01  
     75    5.1355e-03  1.5625e-02  2.4095e-03  4.6246e-03  -2.2151e-03  +2.0223e-05  +4.6257e-03  -4.6054e-03        1    +1.0583e-05  1.9165e-05  4.6246e-03  -4.6054e-03  1.0000e-01  
     76    2.4095e-03  1.5625e-02  1.1637e-03  4.6340e-03  -3.4702e-03  +1.9847e-05  +4.6349e-03  -4.6150e-03        1    +8.9206e-06  1.8954e-05  4.6340e-03  -4.6150e-03  1.0000e-01  
     77    1.1637e-03  3.1250e-02  2.2213e-03  4.6254e-03  -2.4040e-03  +1.9468e-05  +4.6264e-03  -4.6069e-03        1    +1.0252e-05  1.8443e-05  4.6254e-03  -4.6069e-03  1.0000e-01  
     78    2.2213e-03  1.5625e-02  1.0746e-03  4.6340e-03  -3.5594e-03  +1.9114e-05  +4.6349e-03  -4.6158e-03        1    +8.8373e-06  1.8230e-05  4.6340e-03  -4.6158e-03  1.0000e-01  
     79    1.0746e-03  3.1250e-02  2.0480e-03  4.6261e-03  -2.5781e-03  +1.8726e-05  +4.6271e-03  -4.6084e-03        1    +9.9692e-06  1.7729e-05  4.6261e-03  -4.6084e-03  1.0000e-01  
     80    2.0480e-03  1.5625e-02  9.9245e-04  4.6341e-03  -3.6416e-03  +1.8393e-05  +4.6350e-03  -4.6166e-03        1    +8.7647e-06  1.7517e-05  4.6341e-03  -4.6166e-03  1.0000e-01  
     81    9.9245e-04  6.2500e-02  4.7685e-03  4.7812e-03  -1.2695e-05  +1.8328e-05  +4.6213e-03  -4.6030e-03        1    +1.6724e-05  1.6656e-05  4.6196e-03  -4.6030e-03  1.0000e-01  
     82    4.7685e-03  1.5625e-02  2.2816e-03  4.6383e-03  -2.3567e-03  +1.7769e-05  +4.6393e-03  -4.6216e-03        1    +1.0266e-05  1.6743e-05  4.6383e-03  -4.6216e-03  1.0000e-01  
     83    2.2816e-03  1.5625e-02  1.0618e-03  4.6298e-03  -3.5680e-03  +1.7441e-05  +4.6307e-03  -4.6132e-03        1    +8.8133e-06  1.6559e-05  4.6298e-03  -4.6132e-03  1.0000e-01  
     84    1.0618e-03  3.1250e-02  2.1060e-03  4.6382e-03  -2.5322e-03  +1.7109e-05  +4.6392e-03  -4.6221e-03        1    +9.9762e-06  1.6111e-05  4.6382e-03  -4.6221e-03  1.0000e-01  
     85    2.1060e-03  1.5625e-02  9.7985e-04  4.6304e-03  -3.6505e-03  +1.6800e-05  +4.6312e-03  -4.6144e-03        1    +8.7394e-06  1.5926e-05  4.6304e-03  -4.6144e-03  1.0000e-01  
     86    9.7985e-04  3.1250e-02  1.9442e-03  4.6381e-03  -2.6939e-03  +1.6461e-05  +4.6391e-03  -4.6227e-03        1    +9.7281e-06  1.5488e-05  4.6381e-03  -4.6227e-03  1.0000e-01  
     87    1.9442e-03  1.5625e-02  9.0432e-04  4.6309e-03  -3.7266e-03  +1.6170e-05  +4.6318e-03  -4.6156e-03        1    +8.6748e-06  1.5302e-05  4.6309e-03  -4.6156e-03  1.0000e-01  
     88    9.0432e-04  6.2500e-02  4.4892e-03  4.6454e-03  -1.5624e-04  +1.6111e-05  +4.6470e-03  -4.6309e-03        1    +1.5635e-05  1.4547e-05  4.6454e-03  -4.6309e-03  1.0000e-01  
     89    4.4892e-03  1.5625e-02  2.1047e-03  4.6288e-03  -2.5240e-03  +1.5622e-05  +4.6298e-03  -4.6141e-03        1    +9.9858e-06  1.4624e-05  4.6288e-03  -4.6141e-03  1.0000e-01  
     90    2.1047e-03  1.5625e-02  1.0193e-03  4.6370e-03  -3.6177e-03  +1.5335e-05  +4.6379e-03  -4.6225e-03        1    +8.7148e-06  1.4463e-05  4.6370e-03  -4.6225e-03  1.0000e-01  
     91    1.0193e-03  3.1250e-02  1.9413e-03  4.6296e-03  -2.6883e-03  +1.5046e-05  +4.6306e-03  -4.6155e-03        1    +9.7320e-06  1.4073e-05  4.6296e-03  -4.6155e-03  1.0000e-01  
     92    1.9413e-03  1.5625e-02  9.4182e-04  4.6372e-03  -3.6954e-03  +1.4776e-05  +4.6381e-03  -4.6233e-03        1    +8.6490e-06  1.3911e-05  4.6372e-03  -4.6233e-03  1.0000e-01  
     93    9.4182e-04  3.1250e-02  1.7906e-03  4.6304e-03  -2.8399e-03  +1.4480e-05  +4.6314e-03  -4.6169e-03        1    +9.5145e-06  1.3529e-05  4.6304e-03  -4.6169e-03  1.0000e-01  
     94    1.7906e-03  1.5625e-02  8.7038e-04  4.6375e-03  -3.7671e-03  +1.4226e-05  +4.6383e-03  -4.6241e-03        1    +8.5914e-06  1.3367e-05  4.6375e-03  -4.6241e-03  1.0000e-01  
     95    8.7038e-04  6.2500e-02  4.1734e-03  4.6251e-03  -4.5167e-04  +1.4180e-05  +4.6265e-03  -4.6124e-03        1    +1.4690e-05  1.2711e-05  4.6251e-03  -4.6124e-03  1.0000e-01  
     96    4.1734e-03  1.5625e-02  1.9998e-03  4.6414e-03  -2.6416e-03  +1.3752e-05  +4.6424e-03  -4.6286e-03        1    +9.7394e-06  1.2778e-05  4.6414e-03  -4.6286e-03  1.0000e-01  
     97    1.9998e-03  1.5625e-02  9.3060e-04  4.6340e-03  -3.7034e-03  +1.3501e-05  +4.6349e-03  -4.6214e-03        1    +8.6245e-06  1.2638e-05  4.6340e-03  -4.6214e-03  1.0000e-01  
     98    9.3060e-04  3.1250e-02  1.8471e-03  4.6415e-03  -2.7945e-03  +1.3248e-05  +4.6425e-03  -4.6292e-03        1    +9.5161e-06  1.2297e-05  4.6415e-03  -4.6292e-03  1.0000e-01  
     99    1.8471e-03  1.5625e-02  8.5926e-04  4.6347e-03  -3.7754e-03  +1.3012e-05  +4.6356e-03  -4.6226e-03        1    +8.5657e-06  1.2156e-05  4.6347e-03  -4.6226e-03  1.0000e-01  
    100    8.5926e-04  3.1250e-02  1.7061e-03  4.6416e-03  -2.9355e-03  +1.2754e-05  +4.6426e-03  -4.6298e-03        1    +9.3244e-06  1.1821e-05  4.6416e-03  -4.6298e-03  1.0000e-01  
    101    1.7061e-03  1.5625e-02  7.9347e-04  4.6354e-03  -3.8419e-03  +1.2532e-05  +4.6362e-03  -4.6237e-03        1    +8.5140e-06  1.1680e-05  4.6354e-03  -4.6237e-03  1.0000e-01  
    102    7.9347e-04  6.2500e-02  3.9394e-03  4.6483e-03  -7.0892e-04  +1.2492e-05  +4.6497e-03  -4.6372e-03        1    +1.3867e-05  1.1105e-05  4.6483e-03  -4.6372e-03  1.0000e-01  
    103    3.9394e-03  1.5625e-02  1.8454e-03  4.6337e-03  -2.7883e-03  +1.2117e-05  +4.6347e-03  -4.6225e-03        1    +9.5200e-06  1.1165e-05  4.6337e-03  -4.6225e-03  1.0000e-01  
    104    1.8454e-03  1.5625e-02  8.9627e-04  4.6410e-03  -3.7447e-03  +1.1897e-05  +4.6419e-03  -4.6300e-03        1    +8.5407e-06  1.1043e-05  4.6410e-03  -4.6300e-03  1.0000e-01  
    105    8.9627e-04  3.1250e-02  1.7028e-03  4.6346e-03  -2.9318e-03  +1.1678e-05  +4.6355e-03  -4.6239e-03        1    +9.3235e-06  1.0746e-05  4.6346e-03  -4.6239e-03  1.0000e-01  
    106    1.7028e-03  1.5625e-02  8.2870e-04  4.6414e-03  -3.8127e-03  +1.1471e-05  +4.6422e-03  -4.6307e-03        1    +8.4880e-06  1.0622e-05  4.6414e-03  -4.6307e-03  1.0000e-01  
    107    8.2870e-04  3.1250e-02  1.5713e-03  4.6355e-03  -3.0642e-03  +1.1246e-05  +4.6364e-03  -4.6252e-03        1    +9.1545e-06  1.0331e-05  4.6355e-03  -4.6252e-03  1.0000e-01  
    108    1.5713e-03  1.5625e-02  7.6634e-04  4.6417e-03  -3.8754e-03  +1.1052e-05  +4.6426e-03  -4.6315e-03        1    +8.4415e-06  1.0207e-05  4.6417e-03  -4.6315e-03  1.0000e-01  
    109    7.6634e-04  6.2500e-02  3.6663e-03  4.6310e-03  -9.6477e-04  +1.1023e-05  +4.6324e-03  -4.6213e-03        1    +1.3149e-05  9.7078e-06  4.6310e-03  -4.6213e-03  1.0000e-01  
    110    3.6663e-03  1.5625e-02  1.7596e-03  4.6454e-03  -2.8858e-03  +1.0694e-05  +4.6464e-03  -4.6357e-03        1    +9.3254e-06  9.7616e-06  4.6454e-03  -4.6357e-03  1.0000e-01  
    111    1.7596e-03  1.5625e-02  8.1874e-04  4.6390e-03  -3.8203e-03  +1.0502e-05  +4.6398e-03  -4.6293e-03        1    +8.4631e-06  9.6553e-06  4.6390e-03  -4.6293e-03  1.0000e-01  
    112    8.1874e-04  3.1250e-02  1.6262e-03  4.6457e-03  -3.0195e-03  +1.0310e-05  +4.6466e-03  -4.6363e-03        1    +9.1517e-06  9.3949e-06  4.6457e-03  -4.6363e-03  1.0000e-01  
    113    1.6262e-03  1.5625e-02  7.5639e-04  4.6397e-03  -3.8834e-03  +1.0129e-05  +4.6406e-03  -4.6305e-03        1    +8.4156e-06  9.2876e-06  4.6397e-03  -4.6305e-03  1.0000e-01  
    114    7.5639e-04  3.1250e-02  1.5030e-03  4.6459e-03  -3.1429e-03  +9.9328e-06  +4.6468e-03  -4.6369e-03        1    +9.0020e-06  9.0326e-06  4.6459e-03  -4.6369e-03  1.0000e-01  
    115    1.5030e-03  1.5625e-02  6.9886e-04  4.6405e-03  -3.9416e-03  +9.7626e-06  +4.6413e-03  -4.6315e-03        1    +8.3736e-06  8.9252e-06  4.6405e-03  -4.6315e-03  1.0000e-01  
    116    6.9886e-04  6.2500e-02  3.4701e-03  4.6521e-03  -1.1820e-03  +9.7397e-06  +4.6533e-03  -4.6436e-03        1    +1.2521e-05  8.4876e-06  4.6521e-03  -4.6436e-03  1.0000e-01  
    117    3.4701e-03  1.5625e-02  1.6239e-03  4.6392e-03  -3.0153e-03  +9.4512e-06  +4.6402e-03  -4.6307e-03        1    +9.1508e-06  8.5361e-06  4.6392e-03  -4.6307e-03  1.0000e-01  
    118    1.6239e-03  1.5625e-02  7.9119e-04  4.6457e-03  -3.8545e-03  +9.2824e-06  +4.6465e-03  -4.6373e-03        1    +8.3904e-06  8.4433e-06  4.6457e-03  -4.6373e-03  1.0000e-01  
    119    7.9119e-04  3.1250e-02  1.4992e-03  4.6402e-03  -3.1410e-03  +9.1160e-06  +4.6411e-03  -4.6320e-03        1    +8.9971e-06  8.2163e-06  4.6402e-03  -4.6320e-03  1.0000e-01  
    120    1.4992e-03  1.5625e-02  7.3201e-04  4.6462e-03  -3.9142e-03  +8.9573e-06  +4.6470e-03  -4.6380e-03        1    +8.3476e-06  8.1226e-06  4.6462e-03  -4.6380e-03  1.0000e-01  
    121    7.3201e-04  3.1250e-02  1.3840e-03  4.6411e-03  -3.2571e-03  +8.7867e-06  +4.6420e-03  -4.6332e-03        1    +8.8644e-06  7.9002e-06  4.6411e-03  -4.6332e-03  1.0000e-01  
    122    1.3840e-03  1.5625e-02  6.7738e-04  4.6466e-03  -3.9693e-03  +8.6373e-06  +4.6475e-03  -4.6388e-03        1    +8.3095e-06  7.8064e-06  4.6466e-03  -4.6388e-03  1.0000e-01  
    123    6.7738e-04  6.2500e-02  3.2327e-03  4.6374e-03  -1.4047e-03  +8.6231e-06  +4.6386e-03  -4.6300e-03        1    +1.1971e-05  7.4260e-06  4.6374e-03  -4.6300e-03  1.0000e-01  
    124    3.2327e-03  1.5625e-02  1.5542e-03  4.6501e-03  -3.0959e-03  +8.3692e-06  +4.6510e-03  -4.6427e-03        1    +8.9946e-06  7.4698e-06  4.6501e-03  -4.6427e-03  1.0000e-01  
    125    1.5542e-03  1.5625e-02  7.2303e-04  4.6445e-03  -3.9215e-03  +8.2214e-06  +4.6453e-03  -4.6371e-03        1    +8.3224e-06  7.3891e-06  4.6445e-03  -4.6371e-03  1.0000e-01  
    126    7.2303e-04  3.1250e-02  1.4372e-03  4.6505e-03  -3.2133e-03  +8.0762e-06  +4.6514e-03  -4.6433e-03        1    +8.8579e-06  7.1904e-06  4.6505e-03  -4.6433e-03  1.0000e-01  
    127    1.4372e-03  1.5625e-02  6.6834e-04  4.6453e-03  -3.9769e-03  +7.9372e-06  +4.6461e-03  -4.6382e-03        1    +8.2836e-06  7.1088e-06  4.6453e-03  -4.6382e-03  1.0000e-01  
    128    6.6834e-04  3.1250e-02  1.3291e-03  4.6508e-03  -3.3217e-03  +7.7882e-06  +4.6517e-03  -4.6439e-03        1    +8.7399e-06  6.9142e-06  4.6508e-03  -4.6439e-03  1.0000e-01  
    129    1.3291e-03  1.5625e-02  6.1784e-04  4.6461e-03  -4.0282e-03  +7.6573e-06  +4.6469e-03  -4.6392e-03        1    +8.2489e-06  6.8324e-06  4.6461e-03  -4.6392e-03  1.0000e-01  
    130    6.1784e-04  6.2500e-02  3.0682e-03  4.6565e-03  -1.5883e-03  +7.6479e-06  +4.6576e-03  -4.6500e-03        1    +1.1486e-05  6.4993e-06  4.6565e-03  -4.6500e-03  1.0000e-01  
    131    3.0682e-03  1.5625e-02  1.4343e-03  4.6452e-03  -3.2109e-03  +7.4245e-06  +4.6461e-03  -4.6386e-03        1    +8.8532e-06  6.5392e-06  4.6452e-03  -4.6386e-03  1.0000e-01  
    132    1.4343e-03  1.5625e-02  7.0112e-04  4.6509e-03  -3.9498e-03  +7.2946e-06  +4.6518e-03  -4.6445e-03        1    +8.2583e-06  6.4688e-06  4.6509e-03  -4.6445e-03  1.0000e-01  
    133    7.0112e-04  3.1250e-02  1.3247e-03  4.6461e-03  -3.3214e-03  +7.1686e-06  +4.6470e-03  -4.6398e-03        1    +8.7317e-06  6.2954e-06  4.6461e-03  -4.6398e-03  1.0000e-01  
    134    1.3247e-03  1.5625e-02  6.4911e-04  4.6515e-03  -4.0024e-03  +7.0465e-06  +4.6523e-03  -4.6452e-03        1    +8.2229e-06  6.2242e-06  4.6515e-03  -4.6452e-03  1.0000e-01  
    135    6.4911e-04  3.1250e-02  1.2235e-03  4.6471e-03  -3.4236e-03  +6.9170e-06  +4.6479e-03  -4.6410e-03        1    +8.6265e-06  6.0543e-06  4.6471e-03  -4.6410e-03  1.0000e-01  
    136    1.2235e-03  1.5625e-02  6.0106e-04  4.6520e-03  -4.0510e-03  +6.8020e-06  +4.6528e-03  -4.6460e-03        1    +8.1913e-06  5.9829e-06  4.6520e-03  -4.6460e-03  1.0000e-01  
    137    6.0106e-04  6.2500e-02  2.8609e-03  4.6440e-03  -1.7831e-03  +6.7991e-06  +4.6451e-03  -4.6383e-03        1    +1.1059e-05  5.6931e-06  4.6440e-03  -4.6383e-03  1.0000e-01  
    138    2.8609e-03  1.5625e-02  1.3779e-03  4.6553e-03  -3.2774e-03  +6.6020e-06  +4.6562e-03  -4.6496e-03        1    +8.7256e-06  5.7295e-06  4.6553e-03  -4.6496e-03  1.0000e-01  
    139    1.3779e-03  1.5625e-02  6.4089e-04  4.6503e-03  -4.0095e-03  +6.4880e-06  +4.6512e-03  -4.6447e-03        1    +8.1977e-06  5.6682e-06  4.6503e-03  -4.6447e-03  1.0000e-01  
    140    6.4089e-04  3.1250e-02  1.2749e-03  4.6557e-03  -3.3808e-03  +6.3781e-06  +4.6566e-03  -4.6502e-03        1    +8.6170e-06  5.5164e-06  4.6557e-03  -4.6502e-03  1.0000e-01  
    141    1.2749e-03  1.5625e-02  5.9273e-04  4.6512e-03  -4.0584e-03  +6.2709e-06  +4.6520e-03  -4.6457e-03        1    +8.1654e-06  5.4543e-06  4.6512e-03  -4.6457e-03  1.0000e-01  
    142    5.9273e-04  3.1250e-02  1.1797e-03  4.6562e-03  -3.4764e-03  +6.1578e-06  +4.6570e-03  -4.6509e-03        1    +8.5229e-06  5.3055e-06  4.6562e-03  -4.6509e-03  1.0000e-01  
    143    1.1797e-03  1.5625e-02  5.4824e-04  4.6520e-03  -4.1037e-03  +6.0569e-06  +4.6528e-03  -4.6467e-03        1    +8.1363e-06  5.2433e-06  4.6520e-03  -4.6467e-03  1.0000e-01  
    144    5.4824e-04  3.1250e-02  1.0918e-03  4.6567e-03  -3.5648e-03  +5.9420e-06  +4.6575e-03  -4.6516e-03        1    +8.4410e-06  5.0979e-06  4.6567e-03  -4.6516e-03  1.0000e-01  
    145    1.0918e-03  1.5625e-02  5.0714e-04  4.6528e-03  -4.1457e-03  +5.8469e-06  +4.6536e-03  -4.6478e-03        1    +8.1101e-06  5.0359e-06  4.6528e-03  -4.6478e-03  1.0000e-01  
    146    5.0714e-04  6.2500e-02  2.5188e-03  4.6615e-03  -2.1428e-03  +5.8128e-06  +4.6626e-03  -4.6568e-03        1    +1.0284e-05  4.7844e-06  4.6615e-03  -4.6568e-03  1.0000e-01  
    147    2.5188e-03  1.5625e-02  1.1747e-03  4.6523e-03  -3.4776e-03  +5.6559e-06  +4.6532e-03  -4.6475e-03        1    +8.5120e-06  4.8047e-06  4.6523e-03  -4.6475e-03  1.0000e-01  
    148    1.1747e-03  1.5625e-02  5.7775e-04  4.6571e-03  -4.0793e-03  +5.5621e-06  +4.6579e-03  -4.6523e-03        1    +8.1105e-06  4.7510e-06  4.6571e-03  -4.6523e-03  1.0000e-01  
    149    5.7775e-04  3.1250e-02  1.0866e-03  4.6533e-03  -3.5667e-03  +5.4647e-06  +4.6541e-03  -4.6486e-03        1    +8.4276e-06  4.6220e-06  4.6533e-03  -4.6486e-03  1.0000e-01  
    150    1.0866e-03  1.5625e-02  5.3534e-04  4.6577e-03  -4.1224e-03  +5.3764e-06  +4.6585e-03  -4.6531e-03        1    +8.0838e-06  4.5680e-06  4.6577e-03  -4.6531e-03  1.0000e-01  
    151    5.3534e-04  3.1250e-02  1.0052e-03  4.6542e-03  -3.6490e-03  +5.2773e-06  +4.6550e-03  -4.6498e-03        1    +8.3541e-06  4.4419e-06  4.6542e-03  -4.6498e-03  1.0000e-01  
    152    1.0052e-03  1.5625e-02  4.9615e-04  4.6583e-03  -4.1622e-03  +5.1941e-06  +4.6591e-03  -4.6539e-03        1    +8.0595e-06  4.3881e-06  4.6583e-03  -4.6539e-03  1.0000e-01  
    153    4.9615e-04  6.2500e-02  2.3491e-03  4.6519e-03  -2.3028e-03  +5.1700e-06  +4.6529e-03  -4.6478e-03        1    +9.9930e-06  4.1707e-06  4.6519e-03  -4.6478e-03  1.0000e-01  
    154    2.3491e-03  1.5625e-02  1.1351e-03  4.6613e-03  -3.5261e-03  +5.0317e-06  +4.6621e-03  -4.6571e-03        1    +8.4158e-06  4.1901e-06  4.6613e-03  -4.6571e-03  1.0000e-01  
    155    1.1351e-03  1.5625e-02  5.2758e-04  4.6572e-03  -4.1297e-03  +4.9496e-06  +4.6580e-03  -4.6531e-03        1    +8.0581e-06  4.1438e-06  4.6572e-03  -4.6531e-03  1.0000e-01  
    156    5.2758e-04  3.1250e-02  1.0510e-03  4.6618e-03  -3.6108e-03  +4.8654e-06  +4.6626e-03  -4.6578e-03        1    +8.3399e-06  4.0314e-06  4.6618e-03  -4.6578e-03  1.0000e-01  
    157    1.0510e-03  1.5625e-02  4.8824e-04  4.6581e-03  -4.1698e-03  +4.7881e-06  +4.6589e-03  -4.6541e-03        1    +8.0334e-06  3.9848e-06  4.6581e-03  -4.6541e-03  1.0000e-01  
    158    4.8824e-04  3.1250e-02  9.7325e-04  4.6623e-03  -3.6891e-03  +4.7023e-06  +4.6631e-03  -4.6584e-03        1    +8.2736e-06  3.8749e-06  4.6623e-03  -4.6584e-03  1.0000e-01  
    159    9.7325e-04  1.5625e-02  4.5188e-04  4.6589e-03  -4.2070e-03  +4.6294e-06  +4.6597e-03  -4.6551e-03        1    +8.0108e-06  3.8283e-06  4.6589e-03  -4.6551e-03  1.0000e-01  
    160    4.5188e-04  6.2500e-02  2.2446e-03  4.6669e-03  -2.4223e-03  +4.6126e-06  +4.6678e-03  -4.6632e-03        1    +9.7332e-06  3.6392e-06  4.6669e-03  -4.6632e-03  1.0000e-01  
    161    2.2446e-03  1.5625e-02  1.0469e-03  4.6587e-03  -3.6118e-03  +4.4905e-06  +4.6595e-03  -4.6550e-03        1    +8.3270e-06  3.6578e-06  4.6587e-03  -4.6550e-03  1.0000e-01  
    162    1.0469e-03  1.5625e-02  5.1618e-04  4.6630e-03  -4.1468e-03  +4.4184e-06  +4.6638e-03  -4.6593e-03        1    +8.0078e-06  3.6176e-06  4.6630e-03  -4.6593e-03  1.0000e-01  
    163    5.1618e-04  3.1250e-02  9.6885e-04  4.6596e-03  -3.6908e-03  +4.3458e-06  +4.6604e-03  -4.6561e-03        1    +8.2586e-06  3.5200e-06  4.6596e-03  -4.6561e-03  1.0000e-01  
    164    9.6885e-04  1.5625e-02  4.7862e-04  4.6636e-03  -4.1850e-03  +4.2780e-06  +4.6644e-03  -4.6601e-03        1    +7.9848e-06  3.4795e-06  4.6636e-03  -4.6601e-03  1.0000e-01  
    165    4.7862e-04  3.1250e-02  8.9672e-04  4.6606e-03  -3.7638e-03  +4.2038e-06  +4.6614e-03  -4.6572e-03        1    +8.1988e-06  3.3840e-06  4.6606e-03  -4.6572e-03  1.0000e-01  
    166    8.9672e-04  1.5625e-02  4.4388e-04  4.6643e-03  -4.2204e-03  +4.1399e-06  +4.6651e-03  -4.6609e-03        1    +7.9639e-06  3.3435e-06  4.6643e-03  -4.6609e-03  1.0000e-01  
    167    4.4388e-04  6.2500e-02  2.0948e-03  4.6587e-03  -2.5640e-03  +4.1299e-06  +4.6597e-03  -4.6555e-03        1    +9.5010e-06  3.1798e-06  4.6587e-03  -4.6555e-03  1.0000e-01  
    168    2.0948e-03  1.5625e-02  1.0144e-03  4.6671e-03  -3.6527e-03  +4.0219e-06  +4.6679e-03  -4.6639e-03        1    +8.2450e-06  3.1974e-06  4.6671e-03  -4.6639e-03  1.0000e-01  
    169    1.0144e-03  1.5625e-02  4.7129e-04  4.6635e-03  -4.1922e-03  +3.9586e-06  +4.6643e-03  -4.6603e-03        1    +7.9594e-06  3.1627e-06  4.6635e-03  -4.6603e-03  1.0000e-01  
    170    4.7129e-04  3.1250e-02  9.3976e-04  4.6676e-03  -3.7279e-03  +3.8958e-06  +4.6684e-03  -4.6645e-03        1    +8.1831e-06  3.0775e-06  4.6676e-03  -4.6645e-03  1.0000e-01  
    171    9.3976e-04  1.5625e-02  4.3638e-04  4.6644e-03  -4.2280e-03  +3.8362e-06  +4.6651e-03  -4.6613e-03        1    +7.9381e-06  3.0424e-06  4.6644e-03  -4.6613e-03  1.0000e-01  
    172    4.3638e-04  3.1250e-02  8.7075e-04  4.6682e-03  -3.7975e-03  +3.7719e-06  +4.6690e-03  -4.6652e-03        1    +8.1288e-06  2.9591e-06  4.6682e-03  -4.6652e-03  1.0000e-01  
    173    8.7075e-04  1.5625e-02  4.0409e-04  4.6652e-03  -4.2611e-03  +3.7158e-06  +4.6660e-03  -4.6623e-03        1    +7.9185e-06  2.9240e-06  4.6652e-03  -4.6623e-03  1.0000e-01  
    174    4.0409e-04  6.2500e-02  2.0075e-03  4.6724e-03  -2.6649e-03  +3.7106e-06  +4.6734e-03  -4.6696e-03        1    +9.2925e-06  2.7814e-06  4.6724e-03  -4.6696e-03  1.0000e-01  
    175    2.0075e-03  1.5625e-02  9.3630e-04  4.6651e-03  -3.7288e-03  +3.6150e-06  +4.6659e-03  -4.6623e-03        1    +8.1686e-06  2.7982e-06  4.6651e-03  -4.6623e-03  1.0000e-01  
    176    9.3630e-04  1.5625e-02  4.6289e-04  4.6690e-03  -4.2061e-03  +3.5593e-06  +4.6698e-03  -4.6662e-03        1    +7.9128e-06  2.7680e-06  4.6690e-03  -4.6662e-03  1.0000e-01  
    177    4.6289e-04  3.1250e-02  8.6696e-04  4.6661e-03  -3.7991e-03  +3.5051e-06  +4.6669e-03  -4.6634e-03        1    +8.1125e-06  2.6938e-06  4.6661e-03  -4.6634e-03  1.0000e-01  
    178    8.6696e-04  1.5625e-02  4.2949e-04  4.6697e-03  -4.2402e-03  +3.4526e-06  +4.6705e-03  -4.6670e-03        1    +7.8929e-06  2.6634e-06  4.6697e-03  -4.6670e-03  1.0000e-01  
    179    4.2949e-04  3.1250e-02  8.0282e-04  4.6670e-03  -3.8642e-03  +3.3970e-06  +4.6678e-03  -4.6644e-03        1    +8.0632e-06  2.5907e-06  4.6670e-03  -4.6644e-03  1.0000e-01  
    180    8.0282e-04  1.5625e-02  3.9859e-04  4.6704e-03  -4.2718e-03  +3.3476e-06  +4.6712e-03  -4.6678e-03        1    +7.8745e-06  2.5602e-06  4.6704e-03  -4.6678e-03  1.0000e-01  
    181    3.9859e-04  6.2500e-02  1.8745e-03  4.6655e-03  -2.7910e-03  +3.3468e-06  +4.6664e-03  -4.6631e-03        1    +9.1049e-06  2.4363e-06  4.6655e-03  -4.6631e-03  1.0000e-01  
    182    1.8745e-03  1.5625e-02  9.0977e-04  4.6730e-03  -3.7633e-03  +3.2620e-06  +4.6738e-03  -4.6706e-03        1    +8.0974e-06  2.4523e-06  4.6730e-03  -4.6706e-03  1.0000e-01  
    183    9.0977e-04  1.5625e-02  4.2251e-04  4.6699e-03  -4.2474e-03  +3.2129e-06  +4.6707e-03  -4.6674e-03        1    +7.8678e-06  2.4261e-06  4.6699e-03  -4.6674e-03  1.0000e-01  
    184    4.2251e-04  3.1250e-02  8.4334e-04  4.6736e-03  -3.8303e-03  +3.1660e-06  +4.6744e-03  -4.6713e-03        1    +8.0464e-06  2.3613e-06  4.6736e-03  -4.6713e-03  1.0000e-01  
    185    8.4334e-04  1.5625e-02  3.9142e-04  4.6707e-03  -4.2793e-03  +3.1198e-06  +4.6715e-03  -4.6684e-03        1    +7.8491e-06  2.3349e-06  4.6707e-03  -4.6684e-03  1.0000e-01  
    186    3.9142e-04  3.1250e-02  7.8186e-04  4.6742e-03  -3.8924e-03  +3.0715e-06  +4.6750e-03  -4.6720e-03        1    +8.0014e-06  2.2713e-06  4.6742e-03  -4.6720e-03  1.0000e-01  
    187    7.8186e-04  1.5625e-02  3.6265e-04  4.6716e-03  -4.3089e-03  +3.0280e-06  +4.6724e-03  -4.6693e-03        1    +7.8318e-06  2.2448e-06  4.6716e-03  -4.6693e-03  1.0000e-01  
    188    3.6265e-04  3.1250e-02  7.2498e-04  4.6749e-03  -3.9499e-03  +2.9789e-06  +4.6757e-03  -4.6727e-03        1    +7.9615e-06  2.1827e-06  4.6749e-03  -4.6727e-03  1.0000e-01  
    189    7.2498e-04  1.5625e-02  3.3603e-04  4.6724e-03  -4.3364e-03  +2.9379e-06  +4.6732e-03  -4.6703e-03        1    +7.8157e-06  2.1563e-06  4.6724e-03  -4.6703e-03  1.0000e-01  
    190    3.3603e-04  6.2500e-02  1.6696e-03  4.6786e-03  -3.0090e-03  +2.9253e-06  +4.6795e-03  -4.6766e-03        1    +8.7605e-06  2.0493e-06  4.6786e-03  -4.6766e-03  1.0000e-01  
    191    1.6696e-03  1.5625e-02  7.7849e-04  4.6726e-03  -3.8941e-03  +2.8572e-06  +4.6734e-03  -4.6705e-03        1    +7.9841e-06  2.0588e-06  4.6726e-03  -4.6705e-03  1.0000e-01  
    192    7.7849e-04  1.5625e-02  3.8681e-04  4.6758e-03  -4.2890e-03  +2.8167e-06  +4.6766e-03  -4.6738e-03        1    +7.8066e-06  2.0360e-06  4.6758e-03  -4.6738e-03  1.0000e-01  
    193    3.8681e-04  3.1250e-02  7.2125e-04  4.6735e-03  -3.9523e-03  +2.7752e-06  +4.6743e-03  -4.6715e-03        1    +7.9430e-06  1.9809e-06  4.6735e-03  -4.6715e-03  1.0000e-01  
    194    7.2125e-04  1.5625e-02  3.5923e-04  4.6765e-03  -4.3173e-03  +2.7370e-06  +4.6773e-03  -4.6746e-03        1    +7.7903e-06  1.9580e-06  4.6765e-03  -4.6746e-03  1.0000e-01  
    195    3.5923e-04  3.1250e-02  6.6828e-04  4.6744e-03  -4.0061e-03  +2.6948e-06  +4.6752e-03  -4.6725e-03        1    +7.9065e-06  1.9041e-06  4.6744e-03  -4.6725e-03  1.0000e-01  
    196    6.6828e-04  1.5625e-02  3.3370e-04  4.6773e-03  -4.3436e-03  +2.6588e-06  +4.6780e-03  -4.6754e-03        1    +7.7750e-06  1.8813e-06  4.6773e-03  -4.6754e-03  1.0000e-01  
    197    3.3370e-04  6.2500e-02  1.5582e-03  4.6734e-03  -3.1152e-03  +2.6511e-06  +4.6743e-03  -4.6716e-03        1    +8.6241e-06  1.7887e-06  4.6734e-03  -4.6716e-03  1.0000e-01  
    198    1.5582e-03  1.5625e-02  7.5947e-04  4.6797e-03  -3.9202e-03  +2.5907e-06  +4.6805e-03  -4.6779e-03        1    +7.9254e-06  1.7982e-06  4.6797e-03  -4.6779e-03  1.0000e-01  
    199    7.5947e-04  1.5625e-02  3.5231e-04  4.6771e-03  -4.3248e-03  +2.5551e-06  +4.6779e-03  -4.6753e-03        1    +7.7653e-06  1.7785e-06  4.6771e-03  -4.6753e-03  1.0000e-01  
    200    3.5231e-04  3.1250e-02  7.0453e-04  4.6803e-03  -3.9758e-03  +2.5193e-06  +4.6811e-03  -4.6786e-03        1    +7.8876e-06  1.7306e-06  4.6803e-03  -4.6786e-03  1.0000e-01  
    201    7.0453e-04  1.5625e-02  3.2659e-04  4.6780e-03  -4.3514e-03  +2.4858e-06  +4.6787e-03  -4.6763e-03        1    +7.7499e-06  1.7108e-06  4.6780e-03  -4.6763e-03  1.0000e-01  
    202    3.2659e-04  3.1250e-02  6.5366e-04  4.6810e-03  -4.0273e-03  +2.4493e-06  +4.6818e-03  -4.6793e-03        1    +7.8540e-06  1.6639e-06  4.6810e-03  -4.6793e-03  1.0000e-01  
    203    6.5366e-04  1.5625e-02  3.0278e-04  4.6788e-03  -4.3760e-03  +2.4176e-06  +4.6796e-03  -4.6772e-03        1    +7.7354e-06  1.6441e-06  4.6788e-03  -4.6772e-03  1.0000e-01  
    204    3.0278e-04  6.2500e-02  1.5046e-03  4.6845e-03  -3.1799e-03  +2.4139e-06  +4.6853e-03  -4.6829e-03        1    +8.4996e-06  1.5639e-06  4.6845e-03  -4.6829e-03  1.0000e-01  
    205    1.5046e-03  1.5625e-02  7.0149e-04  4.6791e-03  -3.9776e-03  +2.3601e-06  +4.6799e-03  -4.6775e-03        1    +7.8697e-06  1.5731e-06  4.6791e-03  -4.6775e-03  1.0000e-01  
    206    7.0149e-04  1.5625e-02  3.4963e-04  4.6821e-03  -4.3324e-03  +2.3287e-06  +4.6828e-03  -4.6805e-03        1    +7.7252e-06  1.5562e-06  4.6821e-03  -4.6805e-03  1.0000e-01  
    207    3.4963e-04  3.1250e-02  6.5023e-04  4.6800e-03  -4.0298e-03  +2.2979e-06  +4.6808e-03  -4.6785e-03        1    +7.8350e-06  1.5144e-06  4.6800e-03  -4.6785e-03  1.0000e-01  
    208    6.5023e-04  1.5625e-02  3.2493e-04  4.6828e-03  -4.3579e-03  +2.2684e-06  +4.6836e-03  -4.6813e-03        1    +7.7105e-06  1.4973e-06  4.6828e-03  -4.6813e-03  1.0000e-01  
    209    3.2493e-04  3.1250e-02  6.0278e-04  4.6809e-03  -4.0781e-03  +2.2368e-06  +4.6817e-03  -4.6795e-03        1    +7.8040e-06  1.4564e-06  4.6809e-03  -4.6795e-03  1.0000e-01  
    210    6.0278e-04  1.5625e-02  3.0205e-04  4.6835e-03  -4.3815e-03  +2.2090e-06  +4.6843e-03  -4.6821e-03        1    +7.6967e-06  1.4393e-06  4.6835e-03  -4.6821e-03  1.0000e-01  
    211    3.0205e-04  6.2500e-02  1.4046e-03  4.6801e-03  -3.2756e-03  +2.2082e-06  +4.6810e-03  -4.6788e-03        1    +8.3858e-06  1.3697e-06  4.6801e-03  -4.6788e-03  1.0000e-01  
    212    1.4046e-03  1.5625e-02  6.8637e-04  4.6858e-03  -3.9995e-03  +2.1604e-06  +4.6866e-03  -4.6845e-03        1    +7.8168e-06  1.3787e-06  4.6858e-03  -4.6845e-03  1.0000e-01  
    213    6.8637e-04  1.5625e-02  3.1821e-04  4.6835e-03  -4.3653e-03  +2.1326e-06  +4.6843e-03  -4.6822e-03        1    +7.6860e-06  1.3640e-06  4.6835e-03  -4.6822e-03  1.0000e-01  
    214    3.1821e-04  3.1250e-02  6.3709e-04  4.6865e-03  -4.0494e-03  +2.1061e-06  +4.6873e-03  -4.6852e-03        1    +7.7848e-06  1.3276e-06  4.6865e-03  -4.6852e-03  1.0000e-01  
    215    6.3709e-04  1.5625e-02  2.9513e-04  4.6844e-03  -4.3892e-03  +2.0800e-06  +4.6851e-03  -4.6831e-03        1    +7.6720e-06  1.3128e-06  4.6844e-03  -4.6831e-03  1.0000e-01  
    216    2.9513e-04  3.1250e-02  5.9144e-04  4.6872e-03  -4.0957e-03  +2.0528e-06  +4.6879e-03  -4.6859e-03        1    +7.7561e-06  1.2771e-06  4.6872e-03  -4.6859e-03  1.0000e-01  
    217    5.9144e-04  1.5625e-02  2.7376e-04  4.6852e-03  -4.4115e-03  +2.0281e-06  +4.6860e-03  -4.6840e-03        1    +7.6589e-06  1.2623e-06  4.6852e-03  -4.6840e-03  1.0000e-01  
    218    2.7376e-04  3.1250e-02  5.4916e-04  4.6878e-03  -4.1387e-03  +2.0005e-06  +4.6886e-03  -4.6866e-03        1    +7.7303e-06  1.2274e-06  4.6878e-03  -4.6866e-03  1.0000e-01  
    219    5.4916e-04  1.5625e-02  2.5396e-04  4.6860e-03  -4.4321e-03  +1.9772e-06  +4.6868e-03  -4.6848e-03        1    +7.6463e-06  1.2126e-06  4.6860e-03  -4.6848e-03  1.0000e-01  
    220    2.5396e-04  6.2500e-02  1.2623e-03  4.6910e-03  -3.4287e-03  +1.9706e-06  +4.6918e-03  -4.6898e-03        1    +8.1795e-06  1.1527e-06  4.6910e-03  -4.6898e-03  1.0000e-01  
    221    1.2623e-03  1.5625e-02  5.8820e-04  4.6865e-03  -4.0983e-03  +1.9320e-06  +4.6873e-03  -4.6853e-03        1    +7.7367e-06  1.1583e-06  4.6865e-03  -4.6853e-03  1.0000e-01  
    222    5.8820e-04  1.5625e-02  2.9494e-04  4.6890e-03  -4.3941e-03  +1.9090e-06  +4.6898e-03  -4.6879e-03        1    +7.6345e-06  1.1455e-06  4.6890e-03  -4.6879e-03  1.0000e-01  
    223    2.9494e-04  3.1250e-02  5.4554e-04  4.6874e-03  -4.1419e-03  +1.8856e-06  +4.6882e-03  -4.6863e-03        1    +7.7101e-06  1.1146e-06  4.6874e-03  -4.6863e-03  1.0000e-01  
    224    5.4554e-04  1.5625e-02  2.7437e-04  4.6898e-03  -4.4154e-03  +1.8639e-06  +4.6905e-03  -4.6887e-03        1    +7.6218e-06  1.1018e-06  4.6898e-03  -4.6887e-03  1.0000e-01  
    225    2.7437e-04  3.1250e-02  5.0601e-04  4.6883e-03  -4.1823e-03  +1.8401e-06  +4.6891e-03  -4.6872e-03        1    +7.6861e-06  1.0715e-06  4.6883e-03  -4.6872e-03  1.0000e-01  
    226    5.0601e-04  1.5625e-02  2.5530e-04  4.6905e-03  -4.4352e-03  +1.8197e-06  +4.6913e-03  -4.6894e-03        1    +7.6098e-06  1.0587e-06  4.6905e-03  -4.6894e-03  1.0000e-01  
    227    2.5530e-04  6.2500e-02  1.1770e-03  4.6878e-03  -3.5108e-03  +1.8160e-06  +4.6886e-03  -4.6868e-03        1    +8.0922e-06  1.0068e-06  4.6878e-03  -4.6868e-03  1.0000e-01  
    228    1.1770e-03  1.5625e-02  5.7808e-04  4.6926e-03  -4.1146e-03  +1.7816e-06  +4.6934e-03  -4.6916e-03        1    +7.6907e-06  1.0125e-06  4.6926e-03  -4.6916e-03  1.0000e-01  
    229    5.7808e-04  1.5625e-02  2.6761e-04  4.6908e-03  -4.4231e-03  +1.7613e-06  +4.6915e-03  -4.6898e-03        1    +7.5977e-06  1.0016e-06  4.6908e-03  -4.6898e-03  1.0000e-01  
    230    2.6761e-04  3.1250e-02  5.3698e-04  4.6933e-03  -4.1563e-03  +1.7413e-06  +4.6941e-03  -4.6924e-03        1    +7.6659e-06  9.7467e-07  4.6933e-03  -4.6924e-03  1.0000e-01  
    231    5.3698e-04  1.5625e-02  2.4836e-04  4.6916e-03  -4.4432e-03  +1.7222e-06  +4.6923e-03  -4.6906e-03        1    +7.5856e-06  9.6360e-07  4.6916e-03  -4.6906e-03  1.0000e-01  
    232    2.4836e-04  3.1250e-02  4.9889e-04  4.6940e-03  -4.1951e-03  +1.7016e-06  +4.6948e-03  -4.6931e-03        1    +7.6435e-06  9.3729e-07  4.6940e-03  -4.6931e-03  1.0000e-01  
    233    4.9889e-04  1.5625e-02  2.3051e-04  4.6924e-03  -4.4619e-03  +1.6836e-06  +4.6932e-03  -4.6915e-03        1    +7.5740e-06  9.2622e-07  4.6924e-03  -4.6915e-03  1.0000e-01  
    234    2.3051e-04  6.2500e-02  1.1459e-03  4.6970e-03  -3.5511e-03  +1.6825e-06  +4.6978e-03  -4.6961e-03        1    +8.0111e-06  8.8142e-07  4.6970e-03  -4.6961e-03  1.0000e-01  
    235    1.1459e-03  1.5625e-02  5.3390e-04  4.6929e-03  -4.1591e-03  +1.6517e-06  +4.6937e-03  -4.6921e-03        1    +7.6463e-06  8.8707e-07  4.6929e-03  -4.6921e-03  1.0000e-01  
    236    5.3390e-04  1.5625e-02  2.6867e-04  4.6953e-03  -4.4266e-03  +1.6338e-06  +4.6960e-03  -4.6944e-03        1    +7.5617e-06  8.7762e-07  4.6953e-03  -4.6944e-03  1.0000e-01  
    237    2.6867e-04  3.1250e-02  4.9541e-04  4.6938e-03  -4.1984e-03  +1.6165e-06  +4.6946e-03  -4.6930e-03        1    +7.6233e-06  8.5416e-07  4.6938e-03  -4.6930e-03  1.0000e-01  
    238    4.9541e-04  1.5625e-02  2.5010e-04  4.6960e-03  -4.4459e-03  +1.5996e-06  +4.6968e-03  -4.6952e-03        1    +7.5501e-06  8.4461e-07  4.6960e-03  -4.6952e-03  1.0000e-01  
    239    2.5010e-04  3.1250e-02  4.5974e-04  4.6947e-03  -4.2350e-03  +1.5819e-06  +4.6955e-03  -4.6939e-03        1    +7.6023e-06  8.2164e-07  4.6947e-03  -4.6939e-03  1.0000e-01  
    240    4.5974e-04  1.5625e-02  2.3289e-04  4.6967e-03  -4.4638e-03  +1.5660e-06  +4.6975e-03  -4.6959e-03        1    +7.5389e-06  8.1207e-07  4.6967e-03  -4.6959e-03  1.0000e-01  
    241    2.3289e-04  3.1250e-02  4.2668e-04  4.6956e-03  -4.2689e-03  +1.5479e-06  +4.6963e-03  -4.6948e-03        1    +7.5831e-06  7.8963e-07  4.6956e-03  -4.6948e-03  1.0000e-01  
    242    4.2668e-04  1.5625e-02  2.1693e-04  4.6975e-03  -4.4805e-03  +1.5329e-06  +4.6982e-03  -4.6967e-03        1    +7.5282e-06  7.8011e-07  4.6975e-03  -4.6967e-03  1.0000e-01  
    243    2.1693e-04  6.2500e-02  9.9134e-04  4.6954e-03  -3.7041e-03  +1.5283e-06  +4.6962e-03  -4.6947e-03        1    +7.8681e-06  7.4147e-07  4.6954e-03  -4.6947e-03  1.0000e-01  
    244    9.9134e-04  1.5625e-02  4.8921e-04  4.6995e-03  -4.2103e-03  +1.5033e-06  +4.7002e-03  -4.6987e-03        1    +7.5821e-06  7.4514e-07  4.6995e-03  -4.6987e-03  1.0000e-01  
    245    4.8921e-04  1.5625e-02  2.2607e-04  4.6979e-03  -4.4719e-03  +1.4885e-06  +4.6987e-03  -4.6972e-03        1    +7.5153e-06  7.3693e-07  4.6979e-03  -4.6972e-03  1.0000e-01  
    246    2.2607e-04  3.1250e-02  4.5478e-04  4.7002e-03  -4.2454e-03  +1.4733e-06  +4.7009e-03  -4.6995e-03        1    +7.5624e-06  7.1705e-07  4.7002e-03  -4.6995e-03  1.0000e-01  
    247    4.5478e-04  1.5625e-02  2.0994e-04  4.6988e-03  -4.4888e-03  +1.4593e-06  +4.6995e-03  -4.6980e-03        1    +7.5045e-06  7.0880e-07  4.6988e-03  -4.6980e-03  1.0000e-01  
    248    2.0994e-04  3.1250e-02  4.2285e-04  4.7009e-03  -4.2780e-03  +1.4438e-06  +4.7016e-03  -4.7002e-03        1    +7.5443e-06  6.8937e-07  4.7009e-03  -4.7002e-03  1.0000e-01  
    249    4.2285e-04  1.5625e-02  1.9647e-04  4.6996e-03  -4.5031e-03  +1.4306e-06  +4.7003e-03  -4.6989e-03        1    +7.4941e-06  6.8115e-07  4.6996e-03  -4.6989e-03  1.0000e-01  
    250    1.9647e-04  6.2500e-02  9.6949e-04  4.7036e-03  -3.7341e-03  +1.4283e-06  +4.7044e-03  -4.7029e-03        1    +7.8030e-06  6.4796e-07  4.7036e-03  -4.7029e-03  1.0000e-01  
    251    9.6949e-04  1.5625e-02  4.5138e-04  4.7002e-03  -4.2488e-03  +1.4059e-06  +4.7010e-03  -4.6996e-03        1    +7.5422e-06  6.5167e-07  4.7002e-03  -4.6996e-03  1.0000e-01  
    252    4.5138e-04  1.5625e-02  2.2877e-04  4.7022e-03  -4.4734e-03  +1.3928e-06  +4.7030e-03  -4.7016e-03        1    +7.4811e-06  6.4464e-07  4.7022e-03  -4.7016e-03  1.0000e-01  
    253    2.2877e-04  3.1250e-02  4.1909e-04  4.7011e-03  -4.2820e-03  +1.3797e-06  +4.7018e-03  -4.7004e-03        1    +7.5237e-06  6.2732e-07  4.7011e-03  -4.7004e-03  1.0000e-01  
    254    4.1909e-04  1.5625e-02  2.1318e-04  4.7029e-03  -4.4898e-03  +1.3673e-06  +4.7037e-03  -4.7023e-03        1    +7.4707e-06  6.2024e-07  4.7029e-03  -4.7023e-03  1.0000e-01  
    255    2.1318e-04  3.1250e-02  3.8913e-04  4.7019e-03  -4.3128e-03  +1.3540e-06  +4.7027e-03  -4.7013e-03        1    +7.5066e-06  6.0329e-07  4.7019e-03  -4.7013e-03  1.0000e-01  
    256    3.8913e-04  1.5625e-02  1.9872e-04  4.7037e-03  -4.5050e-03  +1.3423e-06  +4.7044e-03  -4.7031e-03        1    +7.4606e-06  5.9621e-07  4.7037e-03  -4.7031e-03  1.0000e-01  
    257    1.9872e-04  6.2500e-02  9.0427e-04  4.7019e-03  -3.7976e-03  +1.3415e-06  +4.7026e-03  -4.7013e-03        1    +7.7418e-06  5.6734e-07  4.7019e-03  -4.7013e-03  1.0000e-01  
    258    9.0427e-04  1.5625e-02  4.4718e-04  4.7056e-03  -4.2584e-03  +1.3215e-06  +4.7064e-03  -4.7051e-03        1    +7.5035e-06  5.7116e-07  4.7056e-03  -4.7051e-03  1.0000e-01  
    259    4.4718e-04  1.5625e-02  2.0646e-04  4.7042e-03  -4.4978e-03  +1.3098e-06  +4.7050e-03  -4.7037e-03        1    +7.4476e-06  5.6509e-07  4.7042e-03  -4.7037e-03  1.0000e-01  
    260    2.0646e-04  3.1250e-02  4.1596e-04  4.7063e-03  -4.2904e-03  +1.2987e-06  +4.7071e-03  -4.7058e-03        1    +7.4860e-06  5.5007e-07  4.7063e-03  -4.7058e-03  1.0000e-01  
    261    4.1596e-04  1.5625e-02  1.9332e-04  4.7050e-03  -4.5117e-03  +1.2877e-06  +4.7058e-03  -4.7045e-03        1    +7.4375e-06  5.4393e-07  4.7050e-03  -4.7045e-03  1.0000e-01  
    262    1.9332e-04  3.1250e-02  3.8699e-04  4.7070e-03  -4.3200e-03  +1.2762e-06  +4.7078e-03  -4.7065e-03        1    +7.4699e-06  5.2921e-07  4.7070e-03  -4.7065e-03  1.0000e-01  
    263    3.8699e-04  1.5625e-02  1.8128e-04  4.7058e-03  -4.5246e-03  +1.2658e-06  +4.7066e-03  -4.7053e-03        1    +7.4277e-06  5.2305e-07  4.7058e-03  -4.7053e-03  1.0000e-01  
    264    1.8128e-04  3.1250e-02  3.6012e-04  4.7077e-03  -4.3476e-03  +1.2542e-06  +4.7085e-03  -4.7072e-03        1    +7.4549e-06  5.0867e-07  4.7077e-03  -4.7072e-03  1.0000e-01  
    265    3.6012e-04  1.5625e-02  1.7011e-04  4.7067e-03  -4.5365e-03  +1.2444e-06  +4.7074e-03  -4.7062e-03        1    +7.4182e-06  5.0255e-07  4.7067e-03  -4.7062e-03  1.0000e-01  
=========================================================
Total gradient evaluations: 9.363e+04 
