=========================================================
*                                                       *
*  Samples: 4.40e+01; epsilon: 2.4293e-03; varepson:2.4293e-03 *
*                                                       *
=========================================================
     Iter   search_dire    stepsize    KKT_inf    eKKT_inf    KKT-eKKT      merit     e_merit     mrt-emrt      rank          f           c           ec        c-ec         tau    
initial    0.0000e+00  0.0000e+00  4.9756e-02  1.2114e-01  -7.1381e-02  +4.9761e-02  +1.2114e-01  -7.1381e-02        1    +4.0746e-05  4.9756e-02  1.2114e-01  -7.1381e-02  1.0000e-01  
      1    4.6403e-03  1.0000e+00  4.8277e-01  4.8052e-01  +2.2513e-03  +9.1275e-03  +6.5739e-02  -5.6612e-02        1    +8.1796e-02  9.4792e-04  5.7560e-02  -5.6612e-02  1.0000e-01  
      2    4.8277e-01  1.5625e-02  2.2832e-01  2.2706e-01  +1.2658e-03  +5.5697e-03  +7.5542e-02  -6.9973e-02        1    +1.8827e-02  3.6870e-03  7.3660e-02  -6.9973e-02  1.0000e-01  
      3    2.2832e-01  1.5625e-02  1.1055e-01  1.1035e-01  +2.0194e-04  +4.7133e-03  +6.4632e-02  -5.9918e-02        1    +4.3578e-03  4.2775e-03  6.4196e-02  -5.9918e-02  1.0000e-01  
      4    1.1055e-01  1.5625e-02  5.2464e-02  6.8419e-02  -1.5955e-02  +4.4675e-03  +6.8521e-02  -6.4054e-02        1    +1.0204e-03  4.3655e-03  6.8419e-02  -6.4054e-02  1.0000e-01  
      5    5.2464e-02  1.5625e-02  2.5297e-02  6.6416e-02  -4.1118e-02  +4.3564e-03  +6.6441e-02  -6.2085e-02        1    +2.5764e-04  4.3306e-03  6.6416e-02  -6.2085e-02  1.0000e-01  
      6    2.5297e-02  3.1250e-02  4.9185e-02  6.8500e-02  -1.9315e-02  +4.3187e-03  +6.8589e-02  -6.4271e-02        1    +8.9614e-04  4.2291e-03  6.8500e-02  -6.4271e-02  1.0000e-01  
      7    4.9185e-02  1.5625e-02  2.3644e-02  6.6625e-02  -4.2982e-02  +4.2164e-03  +6.6648e-02  -6.2432e-02        1    +2.2889e-04  4.1935e-03  6.6625e-02  -6.2432e-02  1.0000e-01  
      8    2.3644e-02  3.1250e-02  4.6077e-02  6.8583e-02  -2.2507e-02  +4.1696e-03  +6.8662e-02  -6.4493e-02        1    +7.8966e-04  4.0906e-03  6.8583e-02  -6.4493e-02  1.0000e-01  
      9    4.6077e-02  1.5625e-02  2.2143e-02  6.6832e-02  -4.4689e-02  +4.0740e-03  +6.6852e-02  -6.2778e-02        1    +2.0435e-04  4.0536e-03  6.6832e-02  -6.2778e-02  1.0000e-01  
     10    2.2143e-02  3.1250e-02  4.3166e-02  6.8672e-02  -2.5506e-02  +4.0211e-03  +6.8742e-02  -6.4721e-02        1    +6.9656e-04  3.9514e-03  6.8672e-02  -6.4721e-02  1.0000e-01  
     11    4.3166e-02  1.5625e-02  2.0746e-02  6.7035e-02  -4.6289e-02  +3.9316e-03  +6.7053e-02  -6.3121e-02        1    +1.8286e-04  3.9133e-03  6.7035e-02  -6.3121e-02  1.0000e-01  
     12    2.0746e-02  3.1250e-02  4.0442e-02  6.8765e-02  -2.8323e-02  +3.8740e-03  +6.8826e-02  -6.4952e-02        1    +6.1498e-04  3.8125e-03  6.8765e-02  -6.4952e-02  1.0000e-01  
     13    4.0442e-02  1.5625e-02  1.9441e-02  6.7234e-02  -4.7793e-02  +3.7900e-03  +6.7250e-02  -6.3460e-02        1    +1.6402e-04  3.7736e-03  6.7234e-02  -6.3460e-02  1.0000e-01  
     14    1.9441e-02  3.1250e-02  3.7894e-02  6.8860e-02  -3.0966e-02  +3.7288e-03  +6.8914e-02  -6.5185e-02        1    +5.4346e-04  3.6745e-03  6.8860e-02  -6.5185e-02  1.0000e-01  
     15    3.7894e-02  1.5625e-02  1.8221e-02  6.7429e-02  -4.9208e-02  +3.6500e-03  +6.7443e-02  -6.3793e-02        1    +1.4749e-04  3.6352e-03  6.7429e-02  -6.3793e-02  1.0000e-01  
     16    1.8221e-02  3.1250e-02  3.5510e-02  6.8957e-02  -3.3447e-02  +3.5862e-03  +6.9006e-02  -6.5419e-02        1    +4.8075e-04  3.5382e-03  6.8957e-02  -6.5419e-02  1.0000e-01  
     17    3.5510e-02  1.5625e-02  1.7079e-02  6.7619e-02  -5.0540e-02  +3.5121e-03  +6.7632e-02  -6.4120e-02        1    +1.3297e-04  3.4988e-03  6.7619e-02  -6.4120e-02  1.0000e-01  
     18    1.7079e-02  3.1250e-02  3.3280e-02  6.9056e-02  -3.5776e-02  +3.4466e-03  +6.9099e-02  -6.5652e-02        1    +4.2575e-04  3.4040e-03  6.9056e-02  -6.5652e-02  1.0000e-01  
     19    3.3280e-02  1.5625e-02  1.6012e-02  6.7804e-02  -5.1792e-02  +3.3768e-03  +6.7816e-02  -6.4439e-02        1    +1.2023e-04  3.3648e-03  6.7804e-02  -6.4439e-02  1.0000e-01  
     20    1.6012e-02  3.1250e-02  3.1194e-02  6.9156e-02  -3.7961e-02  +3.3101e-03  +6.9193e-02  -6.5883e-02        1    +3.7751e-04  3.2724e-03  6.9156e-02  -6.5883e-02  1.0000e-01  
     21    3.1194e-02  1.5625e-02  1.5013e-02  6.7984e-02  -5.2971e-02  +3.2444e-03  +6.7995e-02  -6.4751e-02        1    +1.0903e-04  3.2335e-03  6.7984e-02  -6.4751e-02  1.0000e-01  
     22    1.5013e-02  3.1250e-02  2.9243e-02  6.9255e-02  -4.0012e-02  +3.1772e-03  +6.9289e-02  -6.6112e-02        1    +3.3518e-04  3.1437e-03  6.9255e-02  -6.6112e-02  1.0000e-01  
     23    2.9243e-02  1.5625e-02  1.4080e-02  6.8159e-02  -5.4080e-02  +3.1153e-03  +6.8169e-02  -6.5054e-02        1    +9.9192e-05  3.1053e-03  6.8159e-02  -6.5054e-02  1.0000e-01  
     24    1.4080e-02  3.1250e-02  2.7417e-02  6.9355e-02  -4.1937e-02  +3.0479e-03  +6.9384e-02  -6.6336e-02        1    +2.9802e-04  3.0181e-03  6.9355e-02  -6.6336e-02  1.0000e-01  
     25    2.7417e-02  1.5625e-02  1.3206e-02  6.8329e-02  -5.5123e-02  +2.9895e-03  +6.8338e-02  -6.5349e-02        1    +9.0539e-05  2.9805e-03  6.8329e-02  -6.5349e-02  1.0000e-01  
     26    1.3206e-02  6.2500e-02  6.4591e-02  7.0561e-02  -5.9696e-03  +2.9807e-03  +7.0713e-02  -6.7732e-02        1    +1.5194e-03  2.8288e-03  7.0561e-02  -6.7732e-02  1.0000e-01  
     27    6.4591e-02  1.5625e-02  3.1051e-02  6.8039e-02  -3.6987e-02  +2.8748e-03  +6.8076e-02  -6.5201e-02        1    +3.7077e-04  2.8377e-03  6.8039e-02  -6.5201e-02  1.0000e-01  
     28    3.1051e-02  1.5625e-02  1.4795e-02  6.9286e-02  -5.4491e-02  +2.8160e-03  +6.9296e-02  -6.6481e-02        1    +1.0716e-04  2.8052e-03  6.9286e-02  -6.6481e-02  1.0000e-01  
     29    1.4795e-02  3.1250e-02  2.9120e-02  6.8219e-02  -3.9099e-02  +2.7615e-03  +6.8252e-02  -6.5490e-02        1    +3.2923e-04  2.7286e-03  6.8219e-02  -6.5490e-02  1.0000e-01  
     30    2.9120e-02  1.5625e-02  1.3871e-02  6.9391e-02  -5.5520e-02  +2.7062e-03  +6.9401e-02  -6.6694e-02        1    +9.7496e-05  2.6964e-03  6.9391e-02  -6.6694e-02  1.0000e-01  
     31    1.3871e-02  3.1250e-02  2.7309e-02  6.8394e-02  -4.1085e-02  +2.6511e-03  +6.8423e-02  -6.5772e-02        1    +2.9278e-04  2.6218e-03  6.8394e-02  -6.5772e-02  1.0000e-01  
     32    2.7309e-02  1.5625e-02  1.3007e-02  6.9495e-02  -5.6488e-02  +2.5989e-03  +6.9504e-02  -6.6905e-02        1    +8.8995e-05  2.5900e-03  6.9495e-02  -6.6905e-02  1.0000e-01  
     33    1.3007e-02  3.1250e-02  2.5617e-02  6.8563e-02  -4.2946e-02  +2.5437e-03  +6.8589e-02  -6.6045e-02        1    +2.6078e-04  2.5176e-03  6.8563e-02  -6.6045e-02  1.0000e-01  
     34    2.5617e-02  1.5625e-02  1.2198e-02  6.9597e-02  -5.7399e-02  +2.4945e-03  +6.9605e-02  -6.7111e-02        1    +8.1513e-05  2.4864e-03  6.9597e-02  -6.7111e-02  1.0000e-01  
     35    1.2198e-02  6.2500e-02  6.0293e-02  6.7840e-02  -7.5468e-03  +2.4927e-03  +6.7972e-02  -6.5479e-02        1    +1.3192e-03  2.3608e-03  6.7840e-02  -6.5479e-02  1.0000e-01  
     36    6.0293e-02  1.5625e-02  2.8783e-02  7.0187e-02  -4.1403e-02  +2.4008e-03  +7.0219e-02  -6.7818e-02        1    +3.2417e-04  2.3684e-03  7.0187e-02  -6.7818e-02  1.0000e-01  
     37    2.8783e-02  1.5625e-02  1.3869e-02  6.9095e-02  -5.5226e-02  +2.3513e-03  +6.9105e-02  -6.6753e-02        1    +9.5663e-05  2.3418e-03  6.9095e-02  -6.6753e-02  1.0000e-01  
     38    1.3869e-02  3.1250e-02  2.7009e-02  7.0249e-02  -4.3240e-02  +2.3070e-03  +7.0278e-02  -6.7971e-02        1    +2.8868e-04  2.2781e-03  7.0249e-02  -6.7971e-02  1.0000e-01  
     39    2.7009e-02  1.5625e-02  1.3021e-02  6.9227e-02  -5.6206e-02  +2.2604e-03  +6.9236e-02  -6.6975e-02        1    +8.7395e-05  2.2517e-03  6.9227e-02  -6.6975e-02  1.0000e-01  
     40    1.3021e-02  3.1250e-02  2.5350e-02  7.0313e-02  -4.4963e-02  +2.2154e-03  +7.0339e-02  -6.8124e-02        1    +2.5746e-04  2.1897e-03  7.0313e-02  -6.8124e-02  1.0000e-01  
     41    2.5350e-02  1.5625e-02  1.2225e-02  6.9355e-02  -5.7130e-02  +2.1715e-03  +6.9363e-02  -6.7192e-02        1    +8.0108e-05  2.1635e-03  6.9355e-02  -6.7192e-02  1.0000e-01  
     42    1.2225e-02  3.1250e-02  2.3796e-02  7.0378e-02  -4.6582e-02  +2.1263e-03  +7.0401e-02  -6.8274e-02        1    +2.2999e-04  2.1033e-03  7.0378e-02  -6.8274e-02  1.0000e-01  
     43    2.3796e-02  1.5625e-02  1.1481e-02  6.9480e-02  -5.7999e-02  +2.0849e-03  +6.9487e-02  -6.7402e-02        1    +7.3680e-05  2.0775e-03  6.9480e-02  -6.7402e-02  1.0000e-01  
     44    1.1481e-02  3.1250e-02  2.2340e-02  7.0442e-02  -4.8103e-02  +2.0397e-03  +7.0463e-02  -6.8423e-02        1    +2.0581e-04  2.0191e-03  7.0442e-02  -6.8423e-02  1.0000e-01  
     45    2.2340e-02  1.5625e-02  1.0784e-02  6.9600e-02  -5.8817e-02  +2.0006e-03  +6.9607e-02  -6.7607e-02        1    +6.8008e-05  1.9938e-03  6.9600e-02  -6.7607e-02  1.0000e-01  
     46    1.0784e-02  6.2500e-02  5.2713e-02  7.1402e-02  -1.8689e-02  +1.9942e-03  +7.1504e-02  -6.9510e-02        1    +1.0199e-03  1.8922e-03  7.1402e-02  -6.9510e-02  1.0000e-01  
     47    5.2713e-02  1.5625e-02  2.5372e-02  6.9344e-02  -4.3971e-02  +1.9232e-03  +6.9369e-02  -6.7446e-02        1    +2.5508e-04  1.8977e-03  6.9344e-02  -6.7446e-02  1.0000e-01  
     48    2.5372e-02  1.5625e-02  1.2087e-02  7.0359e-02  -5.8272e-02  +1.8839e-03  +7.0367e-02  -6.8483e-02        1    +7.9208e-05  1.8760e-03  7.0359e-02  -6.8483e-02  1.0000e-01  
     49    1.2087e-02  3.1250e-02  2.3828e-02  6.9475e-02  -4.5647e-02  +1.8474e-03  +6.9498e-02  -6.7651e-02        1    +2.2789e-04  1.8246e-03  6.9475e-02  -6.7651e-02  1.0000e-01  
     50    2.3828e-02  1.5625e-02  1.1348e-02  7.0430e-02  -5.9082e-02  +1.8104e-03  +7.0438e-02  -6.8627e-02        1    +7.2841e-05  1.8031e-03  7.0430e-02  -6.8627e-02  1.0000e-01  
     51    1.1348e-02  3.1250e-02  2.2380e-02  6.9603e-02  -4.7223e-02  +1.7736e-03  +6.9623e-02  -6.7850e-02        1    +2.0397e-04  1.7532e-03  6.9603e-02  -6.7850e-02  1.0000e-01  
     52    2.2380e-02  1.5625e-02  1.0656e-02  7.0501e-02  -5.9846e-02  +1.7387e-03  +7.0508e-02  -6.8769e-02        1    +6.7221e-05  1.7320e-03  7.0501e-02  -6.8769e-02  1.0000e-01  
     53    1.0656e-02  3.1250e-02  2.1023e-02  6.9726e-02  -4.8703e-02  +1.7018e-03  +6.9744e-02  -6.8043e-02        1    +1.8290e-04  1.6835e-03  6.9726e-02  -6.8043e-02  1.0000e-01  
     54    2.1023e-02  1.5625e-02  1.0007e-02  7.0571e-02  -6.0564e-02  +1.6689e-03  +7.0577e-02  -6.8908e-02        1    +6.2258e-05  1.6627e-03  7.0571e-02  -6.8908e-02  1.0000e-01  
     55    1.0007e-02  6.2500e-02  4.9531e-02  6.9109e-02  -1.9578e-02  +1.6685e-03  +6.9199e-02  -6.7530e-02        1    +8.9766e-04  1.5787e-03  6.9109e-02  -6.7530e-02  1.0000e-01  
     56    4.9531e-02  1.5625e-02  2.3659e-02  7.1040e-02  -4.7381e-02  +1.6067e-03  +7.1063e-02  -6.9456e-02        1    +2.2640e-04  1.5840e-03  7.1040e-02  -6.9456e-02  1.0000e-01  
     57    2.3659e-02  1.5625e-02  1.1424e-02  7.0138e-02  -5.8714e-02  +1.5735e-03  +7.0145e-02  -6.8572e-02        1    +7.1959e-05  1.5663e-03  7.0138e-02  -6.8572e-02  1.0000e-01  
     58    1.1424e-02  3.1250e-02  2.2232e-02  7.1080e-02  -4.8847e-02  +1.5441e-03  +7.1100e-02  -6.9556e-02        1    +2.0287e-04  1.5238e-03  7.1080e-02  -6.9556e-02  1.0000e-01  
     59    2.2232e-02  1.5625e-02  1.0741e-02  7.0234e-02  -5.9493e-02  +1.5128e-03  +7.0240e-02  -6.8727e-02        1    +6.6438e-05  1.5061e-03  7.0234e-02  -6.8727e-02  1.0000e-01  
     60    1.0741e-02  3.1250e-02  2.0896e-02  7.1121e-02  -5.0225e-02  +1.4830e-03  +7.1139e-02  -6.9656e-02        1    +1.8211e-04  1.4648e-03  7.1121e-02  -6.9656e-02  1.0000e-01  
     61    2.0896e-02  1.5625e-02  1.0100e-02  7.0326e-02  -6.0226e-02  +1.4535e-03  +7.0333e-02  -6.8879e-02        1    +6.1553e-05  1.4473e-03  7.0326e-02  -6.8879e-02  1.0000e-01  
     62    1.0100e-02  3.1250e-02  1.9642e-02  7.1162e-02  -5.1520e-02  +1.4235e-03  +7.1179e-02  -6.9755e-02        1    +1.6378e-04  1.4071e-03  7.1162e-02  -6.9755e-02  1.0000e-01  
     63    1.9642e-02  1.5625e-02  9.4990e-03  7.0417e-02  -6.0918e-02  +1.3957e-03  +7.0422e-02  -6.9027e-02        1    +5.7230e-05  1.3899e-03  7.0417e-02  -6.9027e-02  1.0000e-01  
     64    9.4990e-03  3.1250e-02  1.8466e-02  7.1205e-02  -5.2739e-02  +1.3657e-03  +7.1219e-02  -6.9854e-02        1    +1.4761e-04  1.3510e-03  7.1205e-02  -6.9854e-02  1.0000e-01  
     65    1.8466e-02  1.5625e-02  8.9352e-03  7.0504e-02  -6.1569e-02  +1.3394e-03  +7.0510e-02  -6.9170e-02        1    +5.3400e-05  1.3341e-03  7.0504e-02  -6.9170e-02  1.0000e-01  
     66    8.9352e-03  6.2500e-02  4.3646e-02  7.1982e-02  -2.8336e-02  +1.3371e-03  +7.2053e-02  -7.0715e-02        1    +7.0629e-04  1.2664e-03  7.1982e-02  -7.0715e-02  1.0000e-01  
     67    4.3646e-02  1.5625e-02  2.1038e-02  7.0277e-02  -4.9239e-02  +1.2887e-03  +7.0295e-02  -6.9006e-02        1    +1.8197e-04  1.2705e-03  7.0277e-02  -6.9006e-02  1.0000e-01  
     68    2.1038e-02  1.5625e-02  1.0020e-02  7.1116e-02  -6.1096e-02  +1.2622e-03  +7.1122e-02  -6.9860e-02        1    +6.1164e-05  1.2561e-03  7.1116e-02  -6.9860e-02  1.0000e-01  
     69    1.0020e-02  3.1250e-02  1.9787e-02  7.0375e-02  -5.0588e-02  +1.2382e-03  +7.0391e-02  -6.9153e-02        1    +1.6367e-04  1.2219e-03  7.0375e-02  -6.9153e-02  1.0000e-01  
     70    1.9787e-02  1.5625e-02  9.4208e-03  7.1165e-02  -6.1745e-02  +1.2133e-03  +7.1171e-02  -6.9958e-02        1    +5.6845e-05  1.2076e-03  7.1165e-02  -6.9958e-02  1.0000e-01  
     71    9.4208e-03  3.1250e-02  1.8613e-02  7.0470e-02  -5.1857e-02  +1.1890e-03  +7.0485e-02  -6.9296e-02        1    +1.4752e-04  1.1743e-03  7.0470e-02  -6.9296e-02  1.0000e-01  
     72    1.8613e-02  1.5625e-02  8.8588e-03  7.1214e-02  -6.2355e-02  +1.1655e-03  +7.1220e-02  -7.0054e-02        1    +5.3018e-05  1.1602e-03  7.1214e-02  -7.0054e-02  1.0000e-01  
     73    8.8588e-03  3.1250e-02  1.7511e-02  7.0562e-02  -5.3050e-02  +1.1412e-03  +7.0575e-02  -6.9434e-02        1    +1.3324e-04  1.1278e-03  7.0562e-02  -6.9434e-02  1.0000e-01  
     74    1.7511e-02  1.5625e-02  8.3313e-03  7.1263e-02  -6.2931e-02  +1.1189e-03  +7.1268e-02  -7.0149e-02        1    +4.9624e-05  1.1140e-03  7.1263e-02  -7.0149e-02  1.0000e-01  
     75    8.3313e-03  3.1250e-02  1.6478e-02  7.0650e-02  -5.4173e-02  +1.0947e-03  +7.0662e-02  -6.9568e-02        1    +1.2063e-04  1.0826e-03  7.0650e-02  -6.9568e-02  1.0000e-01  
     76    1.6478e-02  1.5625e-02  7.8363e-03  7.1311e-02  -6.3474e-02  +1.0737e-03  +7.1315e-02  -7.0242e-02        1    +4.6613e-05  1.0690e-03  7.1311e-02  -7.0242e-02  1.0000e-01  
     77    7.8363e-03  6.2500e-02  3.8863e-02  7.0155e-02  -3.1292e-02  +1.0705e-03  +7.0211e-02  -6.9140e-02        1    +5.6088e-04  1.0144e-03  7.0155e-02  -6.9140e-02  1.0000e-01  
     78    3.8863e-02  1.5625e-02  1.8573e-02  7.1673e-02  -5.3100e-02  +1.0318e-03  +7.1688e-02  -7.0656e-02        1    +1.4790e-04  1.0170e-03  7.1673e-02  -7.0656e-02  1.0000e-01  
     79    1.8573e-02  1.5625e-02  8.9928e-03  7.0962e-02  -6.1970e-02  +1.0107e-03  +7.0968e-02  -6.9957e-02        1    +5.2658e-05  1.0054e-03  7.0962e-02  -6.9957e-02  1.0000e-01  
     80    8.9928e-03  3.1250e-02  1.7481e-02  7.1699e-02  -5.4218e-02  +9.9136e-04  +7.1712e-02  -7.0721e-02        1    +1.3370e-04  9.7799e-04  7.1699e-02  -7.0721e-02  1.0000e-01  
     81    1.7481e-02  1.5625e-02  8.4694e-03  7.1031e-02  -6.2562e-02  +9.7143e-04  +7.1036e-02  -7.0064e-02        1    +4.9286e-05  9.6650e-04  7.1031e-02  -7.0064e-02  1.0000e-01  
     82    8.4694e-03  3.1250e-02  1.6456e-02  7.1726e-02  -5.5269e-02  +9.5194e-04  +7.1738e-02  -7.0786e-02        1    +1.2112e-04  9.3983e-04  7.1726e-02  -7.0786e-02  1.0000e-01  
     83    1.6456e-02  1.5625e-02  7.9776e-03  7.1098e-02  -6.3120e-02  +9.3314e-04  +7.1102e-02  -7.0169e-02        1    +4.6290e-05  9.2851e-04  7.1098e-02  -7.0169e-02  1.0000e-01  
     84    7.9776e-03  3.1250e-02  1.5494e-02  7.1753e-02  -5.6259e-02  +9.1362e-04  +7.1764e-02  -7.0851e-02        1    +1.0999e-04  9.0262e-04  7.1753e-02  -7.0851e-02  1.0000e-01  
     85    1.5494e-02  1.5625e-02  7.5157e-03  7.1162e-02  -6.3647e-02  +8.9586e-04  +7.1167e-02  -7.0271e-02        1    +4.3625e-05  8.9150e-04  7.1162e-02  -7.0271e-02  1.0000e-01  
     86    7.5157e-03  3.1250e-02  1.4590e-02  7.1781e-02  -5.7192e-02  +8.7643e-04  +7.1791e-02  -7.0915e-02        1    +1.0012e-04  8.6642e-04  7.1781e-02  -7.0915e-02  1.0000e-01  
     87    1.4590e-02  1.5625e-02  7.0817e-03  7.1225e-02  -6.4143e-02  +8.5965e-04  +7.1229e-02  -7.0370e-02        1    +4.1252e-05  8.5552e-04  7.1225e-02  -7.0370e-02  1.0000e-01  
     88    7.0817e-03  6.2500e-02  3.4552e-02  7.2389e-02  -3.7836e-02  +8.5698e-04  +7.2434e-02  -7.1577e-02        1    +4.5067e-04  8.1191e-04  7.2389e-02  -7.1577e-02  1.0000e-01  
     89    3.4552e-02  1.5625e-02  1.6684e-02  7.1039e-02  -5.4355e-02  +8.2632e-04  +7.1051e-02  -7.0225e-02        1    +1.2205e-04  8.1412e-04  7.1039e-02  -7.0225e-02  1.0000e-01  
     90    1.6684e-02  1.5625e-02  7.9420e-03  7.1703e-02  -6.3761e-02  +8.0943e-04  +7.1708e-02  -7.0899e-02        1    +4.6158e-05  8.0481e-04  7.1703e-02  -7.0899e-02  1.0000e-01  
     91    7.9420e-03  3.1250e-02  1.5720e-02  7.1111e-02  -5.5391e-02  +7.9387e-04  +7.1122e-02  -7.0328e-02        1    +1.1081e-04  7.8279e-04  7.1111e-02  -7.0328e-02  1.0000e-01  
     92    1.5720e-02  1.5625e-02  7.4794e-03  7.1737e-02  -6.4258e-02  +7.7794e-04  +7.1742e-02  -7.0964e-02        1    +4.3470e-05  7.7359e-04  7.1737e-02  -7.0964e-02  1.0000e-01  
     93    7.4794e-03  3.1250e-02  1.4813e-02  7.1180e-02  -5.6368e-02  +7.6227e-04  +7.1190e-02  -7.0428e-02        1    +1.0085e-04  7.5219e-04  7.1180e-02  -7.0428e-02  1.0000e-01  
     94    1.4813e-02  1.5625e-02  7.0448e-03  7.1771e-02  -6.4727e-02  +7.4723e-04  +7.1776e-02  -7.1028e-02        1    +4.1077e-05  7.4312e-04  7.1771e-02  -7.1028e-02  1.0000e-01  
     95    7.0448e-03  3.1250e-02  1.3960e-02  7.1248e-02  -5.7287e-02  +7.3156e-04  +7.1257e-02  -7.0525e-02        1    +9.2022e-05  7.2236e-04  7.1248e-02  -7.0525e-02  1.0000e-01  
     96    1.3960e-02  1.5625e-02  6.6362e-03  7.1805e-02  -6.5169e-02  +7.1736e-04  +7.1809e-02  -7.1092e-02        1    +3.8944e-05  7.1347e-04  7.1805e-02  -7.1092e-02  1.0000e-01  
     97    6.6362e-03  3.1250e-02  1.3159e-02  7.1313e-02  -5.8153e-02  +7.0177e-04  +7.1321e-02  -7.0619e-02        1    +8.4185e-05  6.9335e-04  7.1313e-02  -7.0619e-02  1.0000e-01  
     98    1.3159e-02  1.5625e-02  6.2521e-03  7.1839e-02  -6.5587e-02  +6.8835e-04  +7.1842e-02  -7.1154e-02        1    +3.7042e-05  6.8464e-04  7.1839e-02  -7.1154e-02  1.0000e-01  
     99    6.2521e-03  6.2500e-02  3.1072e-02  7.0908e-02  -3.9837e-02  +6.8616e-04  +7.0945e-02  -7.0259e-02        1    +3.6571e-04  6.4959e-04  7.0908e-02  -7.0259e-02  1.0000e-01  
    100    3.1072e-02  1.5625e-02  1.4855e-02  7.2124e-02  -5.7269e-02  +6.6143e-04  +7.2134e-02  -7.1473e-02        1    +1.0192e-04  6.5124e-04  7.2124e-02  -7.1473e-02  1.0000e-01  
    101    1.4855e-02  1.5625e-02  7.2137e-03  7.1554e-02  -6.4340e-02  +6.4789e-04  +7.1558e-02  -7.0910e-02        1    +4.0941e-05  6.4380e-04  7.1554e-02  -7.0910e-02  1.0000e-01  
    102    7.2137e-03  3.1250e-02  1.4005e-02  7.2141e-02  -5.8136e-02  +6.3554e-04  +7.2150e-02  -7.1515e-02        1    +9.3025e-05  6.2624e-04  7.2141e-02  -7.1515e-02  1.0000e-01  
    103    1.4005e-02  1.5625e-02  6.8056e-03  7.1604e-02  -6.4798e-02  +6.2276e-04  +7.1608e-02  -7.0985e-02        1    +3.8797e-05  6.1888e-04  7.1604e-02  -7.0985e-02  1.0000e-01  
    104    6.8056e-03  3.1250e-02  1.3206e-02  7.2159e-02  -5.8953e-02  +6.1033e-04  +7.2167e-02  -7.1557e-02        1    +8.5121e-05  6.0181e-04  7.2159e-02  -7.1557e-02  1.0000e-01  
    105    1.3206e-02  1.5625e-02  6.4216e-03  7.1653e-02  -6.5231e-02  +5.9826e-04  +7.1656e-02  -7.1058e-02        1    +3.6883e-05  5.9457e-04  7.1653e-02  -7.1058e-02  1.0000e-01  
    106    6.4216e-03  3.1250e-02  1.2454e-02  7.2177e-02  -5.9723e-02  +5.8582e-04  +7.2185e-02  -7.1599e-02        1    +7.8094e-05  5.7801e-04  7.2177e-02  -7.1599e-02  1.0000e-01  
    107    1.2454e-02  1.5625e-02  6.0603e-03  7.1700e-02  -6.5640e-02  +5.7442e-04  +7.1704e-02  -7.1129e-02        1    +3.5172e-05  5.7090e-04  7.1700e-02  -7.1129e-02  1.0000e-01  
    108    6.0603e-03  3.1250e-02  1.1747e-02  7.2196e-02  -6.0449e-02  +5.6205e-04  +7.2203e-02  -7.1641e-02        1    +7.1844e-05  5.5486e-04  7.2196e-02  -7.1641e-02  1.0000e-01  
    109    1.1747e-02  1.5625e-02  5.7203e-03  7.1746e-02  -6.6026e-02  +5.5127e-04  +7.1750e-02  -7.1198e-02        1    +3.3641e-05  5.4790e-04  7.1746e-02  -7.1198e-02  1.0000e-01  
    110    5.7203e-03  6.2500e-02  2.7876e-02  7.2681e-02  -4.4805e-02  +5.5012e-04  +7.2711e-02  -7.2161e-02        1    +3.0029e-04  5.2009e-04  7.2681e-02  -7.2161e-02  1.0000e-01  
    111    2.7876e-02  1.5625e-02  1.3486e-02  7.1591e-02  -5.8106e-02  +5.3025e-04  +7.1600e-02  -7.1070e-02        1    +8.6373e-05  5.2161e-04  7.1591e-02  -7.1070e-02  1.0000e-01  
    112    1.3486e-02  1.5625e-02  6.4153e-03  7.2128e-02  -6.5712e-02  +5.1937e-04  +7.2131e-02  -7.1612e-02        1    +3.6850e-05  5.1569e-04  7.2128e-02  -7.1612e-02  1.0000e-01  
    113    6.4153e-03  3.1250e-02  1.2729e-02  7.1645e-02  -5.8917e-02  +5.0953e-04  +7.1653e-02  -7.1144e-02        1    +7.9205e-05  5.0161e-04  7.1645e-02  -7.1144e-02  1.0000e-01  
    114    1.2729e-02  1.5625e-02  6.0516e-03  7.2152e-02  -6.6100e-02  +4.9927e-04  +7.2155e-02  -7.1656e-02        1    +3.5108e-05  4.9576e-04  7.2152e-02  -7.1656e-02  1.0000e-01  
    115    6.0516e-03  3.1250e-02  1.2015e-02  7.1698e-02  -5.9683e-02  +4.8935e-04  +7.1705e-02  -7.1216e-02        1    +7.2827e-05  4.8207e-04  7.1698e-02  -7.1216e-02  1.0000e-01  
    116    1.2015e-02  1.5625e-02  5.7094e-03  7.2176e-02  -6.6467e-02  +4.7966e-04  +7.2180e-02  -7.1700e-02        1    +3.3548e-05  4.7631e-04  7.2176e-02  -7.1700e-02  1.0000e-01  
    117    5.7094e-03  3.1250e-02  1.1343e-02  7.1748e-02  -6.0405e-02  +4.6975e-04  +7.1755e-02  -7.1285e-02        1    +6.7148e-05  4.6303e-04  7.1748e-02  -7.1285e-02  1.0000e-01  
    118    1.1343e-02  1.5625e-02  5.3872e-03  7.2200e-02  -6.6813e-02  +4.6059e-04  +7.2204e-02  -7.1743e-02        1    +3.2151e-05  4.5738e-04  7.2200e-02  -7.1743e-02  1.0000e-01  
    119    5.3872e-03  3.1250e-02  1.0711e-02  7.1797e-02  -6.1086e-02  +4.5073e-04  +7.1803e-02  -7.1353e-02        1    +6.2090e-05  4.4452e-04  7.1797e-02  -7.1353e-02  1.0000e-01  
    120    1.0711e-02  1.5625e-02  5.0838e-03  7.2225e-02  -6.7141e-02  +4.4207e-04  +7.2228e-02  -7.1786e-02        1    +3.0898e-05  4.3898e-04  7.2225e-02  -7.1786e-02  1.0000e-01  
    121    5.0838e-03  6.2500e-02  2.5319e-02  7.1462e-02  -4.6143e-02  +4.4155e-04  +7.1487e-02  -7.1045e-02        1    +2.4908e-04  4.1664e-04  7.1462e-02  -7.1045e-02  1.0000e-01  
    122    2.5319e-02  1.5625e-02  1.2109e-02  7.2454e-02  -6.0345e-02  +4.2537e-04  +7.2462e-02  -7.2036e-02        1    +7.4058e-05  4.1796e-04  7.2454e-02  -7.2036e-02  1.0000e-01  
    123    1.2109e-02  1.5625e-02  5.8976e-03  7.1988e-02  -6.6090e-02  +4.1659e-04  +7.1991e-02  -7.1574e-02        1    +3.3499e-05  4.1324e-04  7.1988e-02  -7.1574e-02  1.0000e-01  
    124    5.8976e-03  3.1250e-02  1.1435e-02  7.2466e-02  -6.1030e-02  +4.0887e-04  +7.2473e-02  -7.2064e-02        1    +6.8270e-05  4.0204e-04  7.2466e-02  -7.2064e-02  1.0000e-01  
    125    1.1435e-02  1.5625e-02  5.5737e-03  7.2026e-02  -6.6452e-02  +4.0058e-04  +7.2029e-02  -7.1628e-02        1    +3.2080e-05  3.9737e-04  7.2026e-02  -7.1628e-02  1.0000e-01  
    126    5.5737e-03  3.1250e-02  1.0801e-02  7.2478e-02  -6.1677e-02  +3.9279e-04  +7.2484e-02  -7.2092e-02        1    +6.3107e-05  3.8648e-04  7.2478e-02  -7.2092e-02  1.0000e-01  
    127    1.0801e-02  1.5625e-02  5.2683e-03  7.2062e-02  -6.6794e-02  +3.8496e-04  +7.2066e-02  -7.1681e-02        1    +3.0806e-05  3.8188e-04  7.2062e-02  -7.1681e-02  1.0000e-01  
    128    5.2683e-03  3.1250e-02  1.0203e-02  7.2491e-02  -6.2288e-02  +3.7716e-04  +7.2497e-02  -7.2119e-02        1    +5.8499e-05  3.7131e-04  7.2491e-02  -7.2119e-02  1.0000e-01  
    129    1.0203e-02  1.5625e-02  4.9805e-03  7.2098e-02  -6.7118e-02  +3.6976e-04  +7.2101e-02  -7.1732e-02        1    +2.9661e-05  3.6679e-04  7.2098e-02  -7.1732e-02  1.0000e-01  
    130    4.9805e-03  3.1250e-02  9.6389e-03  7.2504e-02  -6.2865e-02  +3.6198e-04  +7.2509e-02  -7.2147e-02        1    +5.4385e-05  3.5655e-04  7.2504e-02  -7.2147e-02  1.0000e-01  
    131    9.6389e-03  1.5625e-02  4.7092e-03  7.2134e-02  -6.7424e-02  +3.5498e-04  +7.2136e-02  -7.1781e-02        1    +2.8631e-05  3.5212e-04  7.2134e-02  -7.1781e-02  1.0000e-01  
    132    4.7092e-03  3.1250e-02  9.1074e-03  7.2517e-02  -6.3410e-02  +3.4728e-04  +7.2522e-02  -7.2175e-02        1    +5.0709e-05  3.4220e-04  7.2517e-02  -7.2175e-02  1.0000e-01  
    133    9.1074e-03  1.5625e-02  4.4534e-03  7.2168e-02  -6.7714e-02  +3.4065e-04  +7.2171e-02  -7.1830e-02        1    +2.7702e-05  3.3788e-04  7.2168e-02  -7.1830e-02  1.0000e-01  
    134    4.4534e-03  6.2500e-02  2.1663e-02  7.2893e-02  -5.1230e-02  +3.3954e-04  +7.2912e-02  -7.2572e-02        1    +1.8885e-04  3.2066e-04  7.2893e-02  -7.2572e-02  1.0000e-01  
    135    2.1663e-02  1.5625e-02  1.0504e-02  7.2046e-02  -6.1542e-02  +3.2741e-04  +7.2052e-02  -7.1725e-02        1    +5.9625e-05  3.2145e-04  7.2046e-02  -7.1725e-02  1.0000e-01  
    136    1.0504e-02  1.5625e-02  4.9906e-03  7.2464e-02  -6.7473e-02  +3.2074e-04  +7.2467e-02  -7.2146e-02        1    +2.9627e-05  3.1778e-04  7.2464e-02  -7.2146e-02  1.0000e-01  
    137    4.9906e-03  3.1250e-02  9.9329e-03  7.2087e-02  -6.2154e-02  +3.1461e-04  +7.2092e-02  -7.1778e-02        1    +5.5379e-05  3.0908e-04  7.2087e-02  -7.1778e-02  1.0000e-01  
    138    9.9329e-03  1.5625e-02  4.7160e-03  7.2482e-02  -6.7766e-02  +3.0831e-04  +7.2485e-02  -7.2176e-02        1    +2.8568e-05  3.0546e-04  7.2482e-02  -7.2176e-02  1.0000e-01  
    139    4.7160e-03  3.1250e-02  9.3936e-03  7.2126e-02  -6.2732e-02  +3.0216e-04  +7.2131e-02  -7.1829e-02        1    +5.1584e-05  2.9701e-04  7.2126e-02  -7.1829e-02  1.0000e-01  
    140    9.3936e-03  1.5625e-02  4.4571e-03  7.2500e-02  -6.8043e-02  +2.9621e-04  +7.2503e-02  -7.2206e-02        1    +2.7614e-05  2.9345e-04  7.2500e-02  -7.2206e-02  1.0000e-01  
    141    4.4571e-03  3.1250e-02  8.8852e-03  7.2164e-02  -6.3279e-02  +2.9007e-04  +7.2169e-02  -7.1879e-02        1    +4.8190e-05  2.8525e-04  7.2164e-02  -7.1879e-02  1.0000e-01  
    142    8.8852e-03  1.5625e-02  4.2130e-03  7.2518e-02  -6.8305e-02  +2.8444e-04  +7.2520e-02  -7.2236e-02        1    +2.6753e-05  2.8176e-04  7.2518e-02  -7.2236e-02  1.0000e-01  
    143    4.2130e-03  3.1250e-02  8.4056e-03  7.2201e-02  -6.3795e-02  +2.7835e-04  +7.2205e-02  -7.1927e-02        1    +4.5152e-05  2.7383e-04  7.2201e-02  -7.1927e-02  1.0000e-01  
    144    8.4056e-03  1.5625e-02  3.9826e-03  7.2536e-02  -6.8553e-02  +2.7302e-04  +7.2538e-02  -7.2265e-02        1    +2.5976e-05  2.7042e-04  7.2536e-02  -7.2265e-02  1.0000e-01  
    145    3.9826e-03  6.2500e-02  1.9892e-02  7.1935e-02  -5.2044e-02  +2.7269e-04  +7.1951e-02  -7.1679e-02        1    +1.6056e-04  2.5664e-04  7.1935e-02  -7.1679e-02  1.0000e-01  
    146    1.9892e-02  1.5625e-02  9.5144e-03  7.2716e-02  -6.3202e-02  +2.6273e-04  +7.2721e-02  -7.2459e-02        1    +5.2644e-05  2.5746e-04  7.2716e-02  -7.2459e-02  1.0000e-01  
    147    9.5144e-03  1.5625e-02  4.6510e-03  7.2349e-02  -6.7698e-02  +2.5731e-04  +7.2352e-02  -7.2094e-02        1    +2.7567e-05  2.5455e-04  7.2349e-02  -7.2094e-02  1.0000e-01  
    148    4.6510e-03  3.1250e-02  9.0008e-03  7.2725e-02  -6.3724e-02  +2.5258e-04  +7.2730e-02  -7.2477e-02        1    +4.9141e-05  2.4766e-04  7.2725e-02  -7.2477e-02  1.0000e-01  
    149    9.0008e-03  1.5625e-02  4.4038e-03  7.2378e-02  -6.7974e-02  +2.4746e-04  +7.2380e-02  -7.2133e-02        1    +2.6684e-05  2.4479e-04  7.2378e-02  -7.2133e-02  1.0000e-01  
    150    4.4038e-03  3.1250e-02  8.5163e-03  7.2734e-02  -6.4218e-02  +2.4269e-04  +7.2739e-02  -7.2496e-02        1    +4.6002e-05  2.3809e-04  7.2734e-02  -7.2496e-02  1.0000e-01  
    151    8.5163e-03  1.5625e-02  4.1703e-03  7.2406e-02  -6.8235e-02  +2.3785e-04  +7.2408e-02  -7.2170e-02        1    +2.5886e-05  2.3526e-04  7.2406e-02  -7.2170e-02  1.0000e-01  
    152    4.1703e-03  3.1250e-02  8.0588e-03  7.2744e-02  -6.4685e-02  +2.3308e-04  +7.2748e-02  -7.2515e-02        1    +4.3188e-05  2.2876e-04  7.2744e-02  -7.2515e-02  1.0000e-01  
    153    8.0588e-03  1.5625e-02  3.9498e-03  7.2433e-02  -6.8483e-02  +2.2851e-04  +7.2436e-02  -7.2207e-02        1    +2.5163e-05  2.2599e-04  7.2433e-02  -7.2207e-02  1.0000e-01  
    154    3.9498e-03  3.1250e-02  7.6268e-03  7.2754e-02  -6.5127e-02  +2.2376e-04  +7.2758e-02  -7.2534e-02        1    +4.0664e-05  2.1969e-04  7.2754e-02  -7.2534e-02  1.0000e-01  
    155    7.6268e-03  1.5625e-02  3.7416e-03  7.2460e-02  -6.8718e-02  +2.1943e-04  +7.2463e-02  -7.2243e-02        1    +2.4508e-05  2.1698e-04  7.2460e-02  -7.2243e-02  1.0000e-01  
    156    3.7416e-03  3.1250e-02  7.2188e-03  7.2764e-02  -6.5545e-02  +2.1472e-04  +7.2768e-02  -7.2553e-02        1    +3.8399e-05  2.1088e-04  7.2764e-02  -7.2553e-02  1.0000e-01  
    157    7.2188e-03  1.5625e-02  3.5450e-03  7.2486e-02  -6.8941e-02  +2.1062e-04  +7.2489e-02  -7.2278e-02        1    +2.3914e-05  2.0823e-04  7.2486e-02  -7.2278e-02  1.0000e-01  
    158    3.5450e-03  6.2500e-02  1.7210e-02  7.3062e-02  -5.5852e-02  +2.1025e-04  +7.3075e-02  -7.2864e-02        1    +1.2570e-04  1.9768e-04  7.3062e-02  -7.2864e-02  1.0000e-01  
    159    1.7210e-02  1.5625e-02  8.3650e-03  7.2389e-02  -6.4024e-02  +2.0265e-04  +7.2394e-02  -7.2191e-02        1    +4.4103e-05  1.9824e-04  7.2389e-02  -7.2191e-02  1.0000e-01  
    160    8.3650e-03  1.5625e-02  3.9686e-03  7.2722e-02  -6.8753e-02  +1.9851e-04  +7.2724e-02  -7.2526e-02        1    +2.5109e-05  1.9600e-04  7.2722e-02  -7.2526e-02  1.0000e-01  
    161    3.9686e-03  3.1250e-02  7.9246e-03  7.2420e-02  -6.4496e-02  +1.9480e-04  +7.2425e-02  -7.2230e-02        1    +4.1469e-05  1.9065e-04  7.2420e-02  -7.2230e-02  1.0000e-01  
    162    7.9246e-03  1.5625e-02  3.7567e-03  7.2736e-02  -6.8979e-02  +1.9089e-04  +7.2738e-02  -7.2547e-02        1    +2.4431e-05  1.8844e-04  7.2736e-02  -7.2547e-02  1.0000e-01  
    163    3.7567e-03  3.1250e-02  7.5081e-03  7.2451e-02  -6.4943e-02  +1.8716e-04  +7.2455e-02  -7.2268e-02        1    +3.9103e-05  1.8325e-04  7.2451e-02  -7.2268e-02  1.0000e-01  
    164    7.5081e-03  1.5625e-02  3.5566e-03  7.2750e-02  -6.9193e-02  +1.8345e-04  +7.2752e-02  -7.2569e-02        1    +2.3815e-05  1.8107e-04  7.2750e-02  -7.2569e-02  1.0000e-01  
    165    3.5566e-03  3.1250e-02  7.1147e-03  7.2480e-02  -6.5366e-02  +1.7973e-04  +7.2484e-02  -7.2304e-02        1    +3.6978e-05  1.7604e-04  7.2480e-02  -7.2304e-02  1.0000e-01  
    166    7.1147e-03  1.5625e-02  3.3675e-03  7.2764e-02  -6.9396e-02  +1.7623e-04  +7.2766e-02  -7.2590e-02        1    +2.3256e-05  1.7390e-04  7.2764e-02  -7.2590e-02  1.0000e-01  
    167    3.3675e-03  3.1250e-02  6.7430e-03  7.2509e-02  -6.5766e-02  +1.7253e-04  +7.2513e-02  -7.2340e-02        1    +3.5067e-05  1.6903e-04  7.2509e-02  -7.2340e-02  1.0000e-01  
    168    6.7430e-03  1.5625e-02  3.1888e-03  7.2778e-02  -6.9589e-02  +1.6922e-04  +7.2780e-02  -7.2611e-02        1    +2.2747e-05  1.6694e-04  7.2778e-02  -7.2611e-02  1.0000e-01  
    169    3.1888e-03  3.1250e-02  6.3917e-03  7.2537e-02  -6.6145e-02  +1.6556e-04  +7.2540e-02  -7.2375e-02        1    +3.3347e-05  1.6222e-04  7.2537e-02  -7.2375e-02  1.0000e-01  
    170    6.3917e-03  1.5625e-02  3.0199e-03  7.2792e-02  -6.9772e-02  +1.6242e-04  +7.2794e-02  -7.2632e-02        1    +2.2282e-05  1.6019e-04  7.2792e-02  -7.2632e-02  1.0000e-01  
    171    3.0199e-03  6.2500e-02  1.5141e-02  7.2336e-02  -5.7195e-02  +1.6198e-04  +7.2346e-02  -7.2184e-02        1    +1.0017e-04  1.5197e-04  7.2336e-02  -7.2184e-02  1.0000e-01  
    172    1.5141e-02  1.5625e-02  7.2396e-03  7.2931e-02  -6.5691e-02  +1.5617e-04  +7.2935e-02  -7.2779e-02        1    +3.7728e-05  1.5239e-04  7.2931e-02  -7.2779e-02  1.0000e-01  
    173    7.2396e-03  1.5625e-02  3.5557e-03  7.2651e-02  -6.9095e-02  +1.5297e-04  +7.2653e-02  -7.2500e-02        1    +2.3174e-05  1.5066e-04  7.2651e-02  -7.2500e-02  1.0000e-01  
    174    3.5557e-03  3.1250e-02  6.8614e-03  7.2938e-02  -6.6077e-02  +1.5014e-04  +7.2942e-02  -7.2792e-02        1    +3.5730e-05  1.4657e-04  7.2938e-02  -7.2792e-02  1.0000e-01  
    175    6.8614e-03  1.5625e-02  3.3734e-03  7.2673e-02  -6.9300e-02  +1.4712e-04  +7.2676e-02  -7.2528e-02        1    +2.2647e-05  1.4486e-04  7.2673e-02  -7.2528e-02  1.0000e-01  
    176    3.3734e-03  3.1250e-02  6.5040e-03  7.2946e-02  -6.6442e-02  +1.4428e-04  +7.2950e-02  -7.2805e-02        1    +3.3932e-05  1.4089e-04  7.2946e-02  -7.2805e-02  1.0000e-01  
    177    6.5040e-03  1.5625e-02  3.2008e-03  7.2695e-02  -6.9494e-02  +1.4142e-04  +7.2697e-02  -7.2556e-02        1    +2.2166e-05  1.3921e-04  7.2695e-02  -7.2556e-02  1.0000e-01  
    178    3.2008e-03  3.1250e-02  6.1659e-03  7.2954e-02  -6.6788e-02  +1.3859e-04  +7.2958e-02  -7.2819e-02        1    +3.2310e-05  1.3536e-04  7.2954e-02  -7.2819e-02  1.0000e-01  
    179    6.1659e-03  1.5625e-02  3.0377e-03  7.2716e-02  -6.9679e-02  +1.3588e-04  +7.2719e-02  -7.2583e-02        1    +2.1728e-05  1.3371e-04  7.2716e-02  -7.2583e-02  1.0000e-01  
    180    3.0377e-03  3.1250e-02  5.8460e-03  7.2963e-02  -6.7117e-02  +1.3307e-04  +7.2966e-02  -7.2833e-02        1    +3.0848e-05  1.2998e-04  7.2963e-02  -7.2833e-02  1.0000e-01  
    181    5.8460e-03  1.5625e-02  2.8833e-03  7.2737e-02  -6.9854e-02  +1.3050e-04  +7.2739e-02  -7.2609e-02        1    +2.1326e-05  1.2837e-04  7.2737e-02  -7.2609e-02  1.0000e-01  
    182    2.8833e-03  3.1250e-02  5.5433e-03  7.2971e-02  -6.7428e-02  +1.2772e-04  +7.2974e-02  -7.2847e-02        1    +2.9528e-05  1.2477e-04  7.2971e-02  -7.2847e-02  1.0000e-01  
    183    5.5433e-03  1.5625e-02  2.7372e-03  7.2758e-02  -7.0020e-02  +1.2529e-04  +7.2760e-02  -7.2634e-02        1    +2.0959e-05  1.2320e-04  7.2758e-02  -7.2634e-02  1.0000e-01  
    184    2.7372e-03  6.2500e-02  1.3250e-02  7.3202e-02  -5.9952e-02  +1.2510e-04  +7.3210e-02  -7.3085e-02        1    +8.1347e-05  1.1697e-04  7.3202e-02  -7.3085e-02  1.0000e-01  
    185    1.3250e-02  1.5625e-02  6.4591e-03  7.2684e-02  -6.6225e-02  +1.2059e-04  +7.2687e-02  -7.2567e-02        1    +3.2939e-05  1.1730e-04  7.2684e-02  -7.2567e-02  1.0000e-01  
    186    6.4591e-03  1.5625e-02  3.0571e-03  7.2941e-02  -6.9884e-02  +1.1814e-04  +7.2943e-02  -7.2825e-02        1    +2.1637e-05  1.1598e-04  7.2941e-02  -7.2825e-02  1.0000e-01  
    187    3.0571e-03  3.1250e-02  6.1308e-03  7.2708e-02  -6.6578e-02  +1.1595e-04  +7.2712e-02  -7.2596e-02        1    +3.1396e-05  1.1281e-04  7.2708e-02  -7.2596e-02  1.0000e-01  
    188    6.1308e-03  1.5625e-02  2.8991e-03  7.2952e-02  -7.0053e-02  +1.1363e-04  +7.2954e-02  -7.2841e-02        1    +2.1218e-05  1.1151e-04  7.2952e-02  -7.2841e-02  1.0000e-01  
    189    2.8991e-03  3.1250e-02  5.8198e-03  7.2732e-02  -6.6912e-02  +1.1143e-04  +7.2735e-02  -7.2624e-02        1    +3.0003e-05  1.0843e-04  7.2732e-02  -7.2624e-02  1.0000e-01  
    190    5.8198e-03  1.5625e-02  2.7495e-03  7.2964e-02  -7.0214e-02  +1.0924e-04  +7.2966e-02  -7.2857e-02        1    +2.0836e-05  1.0715e-04  7.2964e-02  -7.2857e-02  1.0000e-01  
    191    2.7495e-03  3.1250e-02  5.5255e-03  7.2755e-02  -6.7230e-02  +1.0705e-04  +7.2758e-02  -7.2651e-02        1    +2.8745e-05  1.0418e-04  7.2755e-02  -7.2651e-02  1.0000e-01  
    192    5.5255e-03  1.5625e-02  2.6099e-03  7.2975e-02  -7.0366e-02  +1.0497e-04  +7.2978e-02  -7.2873e-02        1    +2.0485e-05  1.0292e-04  7.2975e-02  -7.2873e-02  1.0000e-01  
    193    2.6099e-03  3.1250e-02  5.2469e-03  7.2778e-02  -6.7531e-02  +1.0280e-04  +7.2781e-02  -7.2678e-02        1    +2.7607e-05  1.0004e-04  7.2778e-02  -7.2678e-02  1.0000e-01  
    194    5.2469e-03  1.5625e-02  2.4781e-03  7.2987e-02  -7.0509e-02  +1.0083e-04  +7.2989e-02  -7.2888e-02        1    +2.0162e-05  9.8812e-05  7.2987e-02  -7.2888e-02  1.0000e-01  
    195    2.4781e-03  3.1250e-02  4.9830e-03  7.2800e-02  -6.7817e-02  +9.8681e-05  +7.2803e-02  -7.2704e-02        1    +2.6577e-05  9.6023e-05  7.2800e-02  -7.2704e-02  1.0000e-01  
    196    4.9830e-03  1.5625e-02  2.3533e-03  7.2999e-02  -7.0645e-02  +9.6813e-05  +7.3001e-02  -7.2904e-02        1    +1.9865e-05  9.4827e-05  7.2999e-02  -7.2904e-02  1.0000e-01  
=========================================================
Total gradient evaluations: 8.668e+03 
