=========================================================
*                                                       *
*  Samples: 8.80e+01; epsilon: 1.1547e-03; varepson:1.1547e-03 *
*                                                       *
=========================================================
     Iter   search_dire    stepsize    KKT_inf    eKKT_inf    KKT-eKKT      merit     e_merit     mrt-emrt      rank          f           c           ec        c-ec         tau    
initial    0.0000e+00  0.0000e+00  6.0085e-02  7.2999e-02  -1.2914e-02  +6.0087e-02  +7.3001e-02  -1.2914e-02        1    +1.9865e-05  6.0085e-02  7.2999e-02  -1.2914e-02  1.0000e-01  
      1    2.0795e-03  1.0000e+00  2.4094e-01  2.4010e-01  +8.3853e-04  +2.2887e-03  +1.6248e-02  -1.3960e-02        1    +2.0585e-02  2.3016e-04  1.4190e-02  -1.3960e-02  1.0000e-01  
      2    2.4094e-01  1.5625e-02  1.0635e-01  1.0594e-01  +4.0739e-04  +1.5814e-03  +9.7744e-03  -8.1930e-03        1    +4.1813e-03  1.1633e-03  9.3563e-03  -8.1930e-03  1.0000e-01  
      3    1.0635e-01  1.5625e-02  4.8822e-02  4.8693e-02  +1.2901e-04  +1.3883e-03  +1.0846e-02  -9.4574e-03        1    +8.7123e-04  1.3012e-03  1.0759e-02  -9.4574e-03  1.0000e-01  
      4    4.8822e-02  1.5625e-02  2.1783e-02  2.1659e-02  +1.2421e-04  +1.3386e-03  +9.9913e-03  -8.6527e-03        1    +1.9226e-04  1.3194e-03  9.9720e-03  -8.6527e-03  1.0000e-01  
      5    2.1783e-02  1.5625e-02  9.9716e-03  1.0306e-02  -3.3469e-04  +1.3109e-03  +1.0312e-02  -9.0008e-03        1    +5.4073e-05  1.3055e-03  1.0306e-02  -9.0008e-03  1.0000e-01  
      6    9.9716e-03  3.1250e-02  1.8772e-02  1.8657e-02  +1.1533e-04  +1.2860e-03  +1.0036e-02  -8.7503e-03        1    +1.4669e-04  1.2713e-03  1.0022e-02  -8.7503e-03  1.0000e-01  
      7    1.8772e-02  1.5625e-02  8.5563e-03  1.0318e-02  -1.7616e-03  +1.2612e-03  +1.0322e-02  -9.0612e-03        1    +4.4656e-05  1.2568e-03  1.0318e-02  -9.0612e-03  1.0000e-01  
      8    8.5563e-03  6.2500e-02  4.0809e-02  4.0615e-02  +1.9362e-04  +1.2590e-03  +9.9015e-03  -8.6425e-03        1    +6.2209e-04  1.1968e-03  9.8393e-03  -8.6425e-03  1.0000e-01  
      9    4.0809e-02  1.5625e-02  1.8527e-02  1.8510e-02  +1.6974e-05  +1.2180e-03  +1.0464e-02  -9.2464e-03        1    +1.4166e-04  1.2038e-03  1.0450e-02  -9.2464e-03  1.0000e-01  
     10    1.8527e-02  1.5625e-02  8.2972e-03  1.0177e-02  -1.8803e-03  +1.1946e-03  +1.0182e-02  -8.9872e-03        1    +4.3488e-05  1.1903e-03  1.0177e-02  -8.9872e-03  1.0000e-01  
     11    8.2972e-03  6.2500e-02  4.0170e-02  4.0076e-02  +9.3492e-05  +1.1923e-03  +1.0786e-02  -9.5933e-03        1    +5.9925e-04  1.1324e-03  1.0726e-02  -9.5933e-03  1.0000e-01  
     12    4.0170e-02  1.5625e-02  1.8056e-02  1.7943e-02  +1.1252e-04  +1.1528e-03  +1.0116e-02  -8.9636e-03        1    +1.3660e-04  1.1391e-03  1.0103e-02  -8.9636e-03  1.0000e-01  
     13    1.8056e-02  1.5625e-02  8.2250e-03  1.0387e-02  -2.1618e-03  +1.1305e-03  +1.0391e-02  -9.2604e-03        1    +4.2277e-05  1.1263e-03  1.0387e-02  -9.2604e-03  1.0000e-01  
     14    8.2250e-03  6.2500e-02  3.9262e-02  3.9074e-02  +1.8759e-04  +1.1303e-03  +9.9812e-03  -8.8508e-03        1    +5.7675e-04  1.0727e-03  9.9235e-03  -8.8508e-03  1.0000e-01  
     15    3.9262e-02  1.5625e-02  1.7826e-02  1.7812e-02  +1.4604e-05  +1.0930e-03  +1.0524e-02  -9.4309e-03        1    +1.3218e-04  1.0798e-03  1.0511e-02  -9.4309e-03  1.0000e-01  
     16    1.7826e-02  1.5625e-02  7.9883e-03  1.0247e-02  -2.2589e-03  +1.0719e-03  +1.0251e-02  -9.1795e-03        1    +4.1272e-05  1.0678e-03  1.0247e-02  -9.1795e-03  1.0000e-01  
     17    7.9883e-03  3.1250e-02  1.5334e-02  1.5328e-02  +5.8688e-06  +1.0485e-03  +1.0523e-02  -9.4740e-03        1    +1.0232e-04  1.0383e-03  1.0512e-02  -9.4740e-03  1.0000e-01  
     18    1.5334e-02  1.5625e-02  6.8641e-03  1.0287e-02  -3.4232e-03  +1.0292e-03  +1.0291e-02  -9.2616e-03        1    +3.5115e-05  1.0257e-03  1.0287e-02  -9.2616e-03  1.0000e-01  
     19    6.8641e-03  6.2500e-02  3.3257e-02  3.3188e-02  +6.9006e-05  +1.0146e-03  +1.0784e-02  -9.7698e-03        1    +4.1608e-04  9.7302e-04  1.0743e-02  -9.7698e-03  1.0000e-01  
     20    3.3257e-02  1.5625e-02  1.4953e-02  1.4852e-02  +1.0106e-04  +9.8444e-04  +1.0241e-02  -9.2561e-03        1    +9.9019e-05  9.7454e-04  1.0231e-02  -9.2561e-03  1.0000e-01  
     21    1.4953e-02  1.5625e-02  6.8201e-03  1.0466e-02  -3.6464e-03  +9.6618e-04  +1.0470e-02  -9.5037e-03        1    +3.4295e-05  9.6275e-04  1.0466e-02  -9.5037e-03  1.0000e-01  
     22    6.8201e-03  6.2500e-02  3.2537e-02  3.2374e-02  +1.6305e-04  +9.5414e-04  +1.0124e-02  -9.1702e-03        1    +4.0148e-04  9.1399e-04  1.0084e-02  -9.1702e-03  1.0000e-01  
     23    3.2537e-02  1.5625e-02  1.4783e-02  1.4779e-02  +3.9787e-06  +9.2570e-04  +1.0584e-02  -9.6579e-03        1    +9.6078e-05  9.1609e-04  1.0574e-02  -9.6579e-03  1.0000e-01  
     24    1.4783e-02  1.5625e-02  6.6207e-03  1.0356e-02  -3.7352e-03  +9.0846e-04  +1.0359e-02  -9.4508e-03        1    +3.3605e-05  9.0510e-04  1.0356e-02  -9.4508e-03  1.0000e-01  
     25    6.6207e-03  6.2500e-02  3.2081e-02  3.2016e-02  +6.4806e-05  +8.9808e-04  +1.0829e-02  -9.9308e-03        1    +3.8814e-04  8.5926e-04  1.0790e-02  -9.9308e-03  1.0000e-01  
     26    3.2081e-02  1.5625e-02  1.4428e-02  1.4329e-02  +9.8833e-05  +8.7070e-04  +1.0305e-02  -9.4338e-03        1    +9.3130e-05  8.6139e-04  1.0295e-02  -9.4338e-03  1.0000e-01  
     27    1.4428e-02  1.5625e-02  6.5832e-03  1.0522e-02  -3.9383e-03  +8.5442e-04  +1.0525e-02  -9.6704e-03        1    +3.2871e-05  8.5114e-04  1.0522e-02  -9.6704e-03  1.0000e-01  
     28    6.5832e-03  6.2500e-02  3.1410e-02  3.1252e-02  +1.5853e-04  +8.4604e-04  +1.0185e-02  -9.3392e-03        1    +3.7510e-04  8.0853e-04  1.0148e-02  -9.3392e-03  1.0000e-01  
     29    3.1410e-02  1.5625e-02  1.4275e-02  1.4273e-02  +2.2757e-06  +8.2021e-04  +1.0629e-02  -9.8088e-03        1    +9.0504e-05  8.1116e-04  1.0620e-02  -9.8088e-03  1.0000e-01  
     30    1.4275e-02  1.5625e-02  6.3949e-03  1.0408e-02  -4.0133e-03  +8.0481e-04  +1.0411e-02  -9.6066e-03        1    +3.2248e-05  8.0158e-04  1.0408e-02  -9.6066e-03  1.0000e-01  
     31    6.3949e-03  6.2500e-02  3.0992e-02  3.0932e-02  +6.0900e-05  +7.9784e-04  +1.0859e-02  -1.0062e-02        1    +3.6318e-04  7.6152e-04  1.0823e-02  -1.0062e-02  1.0000e-01  
     32    3.0992e-02  1.5625e-02  1.3943e-02  1.3846e-02  +9.6761e-05  +7.7292e-04  +1.0353e-02  -9.5803e-03        1    +8.7858e-05  7.6413e-04  1.0344e-02  -9.5803e-03  1.0000e-01  
     33    1.3943e-02  1.5625e-02  6.3645e-03  1.0562e-02  -4.1976e-03  +7.5834e-04  +1.0565e-02  -9.8069e-03        1    +3.1586e-05  7.5518e-04  1.0562e-02  -9.8069e-03  1.0000e-01  
     34    6.3645e-03  6.2500e-02  3.0367e-02  3.0213e-02  +1.5433e-04  +7.5300e-04  +1.0232e-02  -9.4787e-03        1    +3.5150e-04  7.1785e-04  1.0197e-02  -9.4787e-03  1.0000e-01  
     35    3.0367e-02  1.5625e-02  1.3806e-02  1.3805e-02  +7.0955e-07  +7.2945e-04  +1.0661e-02  -9.9316e-03        1    +8.5505e-05  7.2090e-04  1.0653e-02  -9.9316e-03  1.0000e-01  
     36    1.3806e-02  1.5625e-02  6.1858e-03  1.0447e-02  -4.2610e-03  +7.1563e-04  +1.0450e-02  -9.7343e-03        1    +3.1020e-05  7.1253e-04  1.0447e-02  -9.7343e-03  1.0000e-01  
     37    6.1858e-03  6.2500e-02  2.9986e-02  2.9928e-02  +5.7290e-05  +7.1148e-04  +1.0878e-02  -1.0167e-02        1    +3.4084e-04  6.7740e-04  1.0844e-02  -1.0167e-02  1.0000e-01  
     38    2.9986e-02  1.5625e-02  1.3494e-02  1.3399e-02  +9.4826e-05  +6.8870e-04  +1.0389e-02  -9.7002e-03        1    +8.3123e-05  6.8039e-04  1.0381e-02  -9.7002e-03  1.0000e-01  
     39    1.3494e-02  1.5625e-02  6.1621e-03  1.0590e-02  -4.4282e-03  +6.7560e-04  +1.0593e-02  -9.9178e-03        1    +3.0419e-05  6.7256e-04  1.0590e-02  -9.9178e-03  1.0000e-01  
     40    6.1621e-03  6.2500e-02  2.9402e-02  2.9252e-02  +1.5042e-04  +6.7280e-04  +1.0266e-02  -9.5931e-03        1    +3.3036e-04  6.3976e-04  1.0233e-02  -9.5931e-03  1.0000e-01  
     41    2.9402e-02  1.5625e-02  1.3372e-02  1.3373e-02  -7.2997e-07  +6.5123e-04  +1.0682e-02  -1.0031e-02        1    +8.1009e-05  6.4313e-04  1.0674e-02  -1.0031e-02  1.0000e-01  
     42    1.3372e-02  1.5625e-02  5.9922e-03  1.0474e-02  -4.4816e-03  +6.3878e-04  +1.0477e-02  -9.8380e-03        1    +2.9902e-05  6.3579e-04  1.0474e-02  -9.8380e-03  1.0000e-01  
     43    5.9922e-03  6.2500e-02  2.9054e-02  2.9000e-02  +5.3955e-05  +6.3696e-04  +1.0888e-02  -1.0251e-02        1    +3.2079e-04  6.0488e-04  1.0855e-02  -1.0251e-02  1.0000e-01  
     44    2.9054e-02  1.5625e-02  1.3078e-02  1.2985e-02  +9.3020e-05  +6.1606e-04  +1.0414e-02  -9.7975e-03        1    +7.8860e-05  6.0817e-04  1.0406e-02  -9.7975e-03  1.0000e-01  
     45    1.3078e-02  1.5625e-02  5.9748e-03  1.0608e-02  -4.6334e-03  +6.0424e-04  +1.0611e-02  -1.0007e-02        1    +2.9355e-05  6.0130e-04  1.0608e-02  -1.0007e-02  1.0000e-01  
     46    5.9748e-03  6.2500e-02  2.8508e-02  2.8361e-02  +1.4678e-04  +6.0353e-04  +1.0290e-02  -9.6862e-03        1    +3.1137e-04  5.7239e-04  1.0259e-02  -9.6862e-03  1.0000e-01  
     47    2.8508e-02  1.5625e-02  1.2970e-02  1.2972e-02  -2.0519e-06  +5.8370e-04  +1.0693e-02  -1.0110e-02        1    +7.6958e-05  5.7601e-04  1.0686e-02  -1.0110e-02  1.0000e-01  
     48    1.2970e-02  1.5625e-02  5.8129e-03  1.0491e-02  -4.6781e-03  +5.7244e-04  +1.0494e-02  -9.9214e-03        1    +2.8882e-05  5.6956e-04  1.0491e-02  -9.9214e-03  1.0000e-01  
     49    5.8129e-03  3.1250e-02  1.1186e-02  1.1194e-02  -8.2152e-06  +5.5997e-04  +1.0683e-02  -1.0123e-02        1    +6.1366e-05  5.5383e-04  1.0677e-02  -1.0123e-02  1.0000e-01  
     50    1.1186e-02  1.5625e-02  5.0062e-03  1.0509e-02  -5.5030e-03  +5.4964e-04  +1.0512e-02  -9.9621e-03        1    +2.5641e-05  5.4708e-04  1.0509e-02  -9.9621e-03  1.0000e-01  
     51    5.0062e-03  6.2500e-02  2.4308e-02  2.4271e-02  +3.7372e-05  +5.4197e-04  +1.0851e-02  -1.0309e-02        1    +2.2921e-04  5.1905e-04  1.0828e-02  -1.0309e-02  1.0000e-01  
     52    2.4308e-02  1.5625e-02  1.0940e-02  1.0855e-02  +8.5142e-05  +5.2586e-04  +1.0459e-02  -9.9333e-03        1    +5.9924e-05  5.1987e-04  1.0453e-02  -9.9333e-03  1.0000e-01  
     53    1.0940e-02  1.5625e-02  5.0079e-03  1.0623e-02  -5.6148e-03  +5.1611e-04  +1.0625e-02  -1.0109e-02        1    +2.5242e-05  5.1358e-04  1.0623e-02  -1.0109e-02  1.0000e-01  
     54    5.0079e-03  6.2500e-02  2.3867e-02  2.3737e-02  +1.2999e-04  +5.0987e-04  +1.0351e-02  -9.8416e-03        1    +2.2299e-04  4.8757e-04  1.0329e-02  -9.8416e-03  1.0000e-01  
     55    2.3867e-02  1.5625e-02  1.0869e-02  1.0878e-02  -9.2378e-06  +4.9460e-04  +1.0694e-02  -1.0199e-02        1    +5.8625e-05  4.8873e-04  1.0688e-02  -1.0199e-02  1.0000e-01  
     56    1.0869e-02  1.5625e-02  4.8655e-03  1.0525e-02  -5.6594e-03  +4.8538e-04  +1.0527e-02  -1.0042e-02        1    +2.4894e-05  4.8289e-04  1.0525e-02  -1.0042e-02  1.0000e-01  
     57    4.8655e-03  6.2500e-02  2.3631e-02  2.3596e-02  +3.5003e-05  +4.8026e-04  +1.0853e-02  -1.0373e-02        1    +2.1729e-04  4.5853e-04  1.0832e-02  -1.0373e-02  1.0000e-01  
     58    2.3631e-02  1.5625e-02  1.0637e-02  1.0554e-02  +8.3770e-05  +4.6554e-04  +1.0472e-02  -1.0007e-02        1    +5.7321e-05  4.5980e-04  1.0467e-02  -1.0007e-02  1.0000e-01  
     59    1.0637e-02  1.5625e-02  4.8719e-03  1.0631e-02  -5.7588e-03  +4.5681e-04  +1.0633e-02  -1.0176e-02        1    +2.4529e-05  4.5436e-04  1.0631e-02  -1.0176e-02  1.0000e-01  
     60    4.8719e-03  6.2500e-02  2.3219e-02  2.3091e-02  +1.2729e-04  +4.5289e-04  +1.0364e-02  -9.9107e-03        1    +2.1170e-04  4.3172e-04  1.0342e-02  -9.9107e-03  1.0000e-01  
     61    2.3219e-02  1.5625e-02  1.0578e-02  1.0691e-02  -1.1364e-04  +4.3890e-04  +1.0697e-02  -1.0258e-02        1    +5.6151e-05  4.3328e-04  1.0691e-02  -1.0258e-02  1.0000e-01  
     62    1.0578e-02  1.5625e-02  4.7357e-03  1.0532e-02  -5.7959e-03  +4.3063e-04  +1.0534e-02  -1.0103e-02        1    +2.4208e-05  4.2821e-04  1.0532e-02  -1.0103e-02  1.0000e-01  
     63    4.7357e-03  6.2500e-02  2.3007e-02  2.2974e-02  +3.2815e-05  +4.2762e-04  +1.0848e-02  -1.0421e-02        1    +2.0659e-04  4.0696e-04  1.0828e-02  -1.0421e-02  1.0000e-01  
     64    2.3007e-02  1.5625e-02  1.0359e-02  1.0472e-02  -1.1299e-04  +4.1409e-04  +1.0477e-02  -1.0063e-02        1    +5.4970e-05  4.0860e-04  1.0472e-02  -1.0063e-02  1.0000e-01  
     65    1.0359e-02  1.5625e-02  4.7466e-03  1.0631e-02  -5.8844e-03  +4.0625e-04  +1.0633e-02  -1.0227e-02        1    +2.3872e-05  4.0386e-04  1.0631e-02  -1.0227e-02  1.0000e-01  
     66    4.7466e-03  6.2500e-02  2.2621e-02  2.2496e-02  +1.2478e-04  +4.0424e-04  +1.0368e-02  -9.9636e-03        1    +2.0156e-04  3.8408e-04  1.0348e-02  -9.9636e-03  1.0000e-01  
     67    2.2621e-02  1.5625e-02  1.0309e-02  1.0687e-02  -3.7802e-04  +3.9135e-04  +1.0692e-02  -1.0301e-02        1    +5.3915e-05  3.8596e-04  1.0687e-02  -1.0301e-02  1.0000e-01  
     68    1.0309e-02  1.5625e-02  4.6162e-03  1.0531e-02  -5.9148e-03  +3.8390e-04  +1.0533e-02  -1.0149e-02        1    +2.3576e-05  3.8154e-04  1.0531e-02  -1.0149e-02  1.0000e-01  
     69    4.6162e-03  6.2500e-02  2.2431e-02  2.2401e-02  +3.0808e-05  +3.8263e-04  +1.0837e-02  -1.0454e-02        1    +1.9697e-04  3.6293e-04  1.0817e-02  -1.0454e-02  1.0000e-01  
     70    2.2431e-02  1.5625e-02  1.0103e-02  1.0470e-02  -3.6754e-04  +3.7015e-04  +1.0475e-02  -1.0105e-02        1    +5.2845e-05  3.6487e-04  1.0470e-02  -1.0105e-02  1.0000e-01  
     71    1.0103e-02  1.5625e-02  4.6312e-03  1.0625e-02  -5.9935e-03  +3.6306e-04  +1.0627e-02  -1.0264e-02        1    +2.3266e-05  3.6073e-04  1.0625e-02  -1.0264e-02  1.0000e-01  
     72    4.6312e-03  6.2500e-02  2.2071e-02  2.1949e-02  +1.2245e-04  +3.6263e-04  +1.0365e-02  -1.0003e-02        1    +1.9244e-04  3.4339e-04  1.0346e-02  -1.0003e-02  1.0000e-01  
     73    2.2071e-02  1.5625e-02  1.0062e-02  1.0677e-02  -6.1503e-04  +3.5071e-04  +1.0682e-02  -1.0332e-02        1    +5.1892e-05  3.4552e-04  1.0677e-02  -1.0332e-02  1.0000e-01  
     74    1.0062e-02  1.5625e-02  4.5063e-03  1.0524e-02  -6.0179e-03  +3.4395e-04  +1.0526e-02  -1.0183e-02        1    +2.2992e-05  3.4166e-04  1.0524e-02  -1.0183e-02  1.0000e-01  
     75    4.5063e-03  3.1250e-02  8.6962e-03  1.0664e-02  -1.9680e-03  +3.3649e-04  +1.0668e-02  -1.0332e-02        1    +4.2607e-05  3.3223e-04  1.0664e-02  -1.0332e-02  1.0000e-01  
     76    8.6962e-03  1.5625e-02  3.8878e-03  1.0532e-02  -6.6444e-03  +3.3029e-04  +1.0534e-02  -1.0204e-02        1    +2.1044e-05  3.2818e-04  1.0532e-02  -1.0204e-02  1.0000e-01  
     77    3.8878e-03  6.2500e-02  1.8924e-02  1.8906e-02  +1.8747e-05  +3.2583e-04  +1.0787e-02  -1.0461e-02        1    +1.4440e-04  3.1139e-04  1.0773e-02  -1.0461e-02  1.0000e-01  
     78    1.8924e-02  1.5625e-02  8.5202e-03  1.0480e-02  -1.9600e-03  +3.1612e-04  +1.0484e-02  -1.0168e-02        1    +4.1874e-05  3.1194e-04  1.0480e-02  -1.0168e-02  1.0000e-01  
     79    8.5202e-03  1.5625e-02  3.9147e-03  1.0611e-02  -6.6959e-03  +3.1026e-04  +1.0613e-02  -1.0302e-02        1    +2.0806e-05  3.0818e-04  1.0611e-02  -1.0302e-02  1.0000e-01  
     80    3.9147e-03  6.2500e-02  1.8630e-02  1.8520e-02  +1.1010e-04  +3.0677e-04  +1.0388e-02  -1.0081e-02        1    +1.4141e-04  2.9263e-04  1.0374e-02  -1.0081e-02  1.0000e-01  
     81    1.8630e-02  1.5625e-02  8.5031e-03  1.0654e-02  -2.1508e-03  +2.9751e-04  +1.0658e-02  -1.0361e-02        1    +4.1211e-05  2.9339e-04  1.0654e-02  -1.0361e-02  1.0000e-01  
     82    8.5031e-03  1.5625e-02  3.8025e-03  1.0524e-02  -6.7220e-03  +2.9196e-04  +1.0527e-02  -1.0235e-02        1    +2.0594e-05  2.8990e-04  1.0524e-02  -1.0235e-02  1.0000e-01  
     83    3.8025e-03  6.2500e-02  1.8513e-02  1.8496e-02  +1.7359e-05  +2.8921e-04  +1.0771e-02  -1.0482e-02        1    +1.3866e-04  2.7534e-04  1.0758e-02  -1.0482e-02  1.0000e-01  
     84    1.8513e-02  1.5625e-02  8.3371e-03  1.0471e-02  -2.1342e-03  +2.8028e-04  +1.0475e-02  -1.0195e-02        1    +4.0545e-05  2.7622e-04  1.0471e-02  -1.0195e-02  1.0000e-01  
     85    8.3371e-03  1.5625e-02  3.8322e-03  1.0598e-02  -6.7660e-03  +2.7501e-04  +1.0600e-02  -1.0325e-02        1    +2.0373e-05  2.7297e-04  1.0598e-02  -1.0325e-02  1.0000e-01  
     86    3.8322e-03  6.2500e-02  1.8238e-02  1.8130e-02  +1.0838e-04  +2.7306e-04  +1.0379e-02  -1.0105e-02        1    +1.3596e-04  2.5947e-04  1.0365e-02  -1.0105e-02  1.0000e-01  
     87    1.8238e-02  1.5625e-02  8.3271e-03  1.0639e-02  -2.3115e-03  +2.6452e-04  +1.0643e-02  -1.0378e-02        1    +3.9946e-05  2.6053e-04  1.0639e-02  -1.0378e-02  1.0000e-01  
     88    8.3271e-03  1.5625e-02  3.7245e-03  1.0511e-02  -6.7869e-03  +2.5952e-04  +1.0513e-02  -1.0254e-02        1    +2.0175e-05  2.5750e-04  1.0511e-02  -1.0254e-02  1.0000e-01  
     89    3.7245e-03  6.2500e-02  1.8137e-02  1.8121e-02  +1.6090e-05  +2.5817e-04  +1.0751e-02  -1.0493e-02        1    +1.3350e-04  2.4482e-04  1.0738e-02  -1.0493e-02  1.0000e-01  
     90    1.8137e-02  1.5625e-02  8.1700e-03  1.0457e-02  -2.2873e-03  +2.4991e-04  +1.0461e-02  -1.0211e-02        1    +3.9341e-05  2.4597e-04  1.0457e-02  -1.0211e-02  1.0000e-01  
     91    8.1700e-03  1.5625e-02  3.7570e-03  1.0581e-02  -6.8243e-03  +2.4515e-04  +1.0583e-02  -1.0338e-02        1    +1.9971e-05  2.4315e-04  1.0581e-02  -1.0338e-02  1.0000e-01  
     92    3.7570e-03  6.2500e-02  1.7881e-02  1.7774e-02  +1.0678e-04  +2.4448e-04  +1.0364e-02  -1.0120e-02        1    +1.3109e-04  2.3137e-04  1.0351e-02  -1.0120e-02  1.0000e-01  
     93    1.7881e-02  1.5625e-02  8.1667e-03  1.0619e-02  -2.4524e-03  +2.3655e-04  +1.0623e-02  -1.0386e-02        1    +3.8801e-05  2.3267e-04  1.0619e-02  -1.0386e-02  1.0000e-01  
     94    8.1667e-03  1.5625e-02  3.6535e-03  1.0494e-02  -6.8405e-03  +2.3202e-04  +1.0496e-02  -1.0264e-02        1    +1.9786e-05  2.3004e-04  1.0494e-02  -1.0264e-02  1.0000e-01  
     95    3.6535e-03  6.2500e-02  1.7795e-02  1.7780e-02  +1.4943e-05  +2.3184e-04  +1.0728e-02  -1.0496e-02        1    +1.2889e-04  2.1895e-04  1.0715e-02  -1.0496e-02  1.0000e-01  
     96    1.7795e-02  1.5625e-02  8.0181e-03  1.0439e-02  -2.4211e-03  +2.2414e-04  +1.0443e-02  -1.0219e-02        1    +3.8252e-05  2.2032e-04  1.0439e-02  -1.0219e-02  1.0000e-01  
     97    8.0181e-03  1.5625e-02  3.6885e-03  1.0561e-02  -6.8721e-03  +2.1982e-04  +1.0563e-02  -1.0343e-02        1    +1.9596e-05  2.1786e-04  1.0561e-02  -1.0343e-02  1.0000e-01  
     98    3.6885e-03  3.1250e-02  6.9349e-03  1.0448e-02  -3.5128e-03  +2.1511e-04  +1.0451e-02  -1.0236e-02        1    +3.2316e-05  2.1188e-04  1.0448e-02  -1.0236e-02  1.0000e-01  
     99    6.9349e-03  1.5625e-02  3.1972e-03  1.0553e-02  -7.3556e-03  +2.1114e-04  +1.0555e-02  -1.0344e-02        1    +1.8336e-05  2.0930e-04  1.0553e-02  -1.0344e-02  1.0000e-01  
    100    3.1972e-03  6.2500e-02  1.5192e-02  1.5095e-02  +9.7178e-05  +2.0855e-04  +1.0366e-02  -1.0157e-02        1    +9.8589e-05  1.9869e-04  1.0356e-02  -1.0157e-02  1.0000e-01  
    101    1.5192e-02  1.5625e-02  6.9474e-03  1.0584e-02  -3.6363e-03  +2.0233e-04  +1.0587e-02  -1.0385e-02        1    +3.1931e-05  1.9913e-04  1.0584e-02  -1.0385e-02  1.0000e-01  
    102    6.9474e-03  1.5625e-02  3.1078e-03  1.0477e-02  -7.3692e-03  +1.9857e-04  +1.0479e-02  -1.0280e-02        1    +1.8185e-05  1.9675e-04  1.0477e-02  -1.0280e-02  1.0000e-01  
    103    3.1078e-03  6.2500e-02  1.5141e-02  1.5135e-02  +5.9722e-06  +1.9654e-04  +1.0673e-02  -1.0477e-02        1    +9.7122e-05  1.8682e-04  1.0663e-02  -1.0477e-02  1.0000e-01  
    104    1.5141e-02  1.5625e-02  6.8188e-03  1.0429e-02  -3.6102e-03  +1.9053e-04  +1.0432e-02  -1.0242e-02        1    +3.1545e-05  1.8737e-04  1.0429e-02  -1.0242e-02  1.0000e-01  
    105    6.8188e-03  1.5625e-02  3.1447e-03  1.0532e-02  -7.3873e-03  +1.8696e-04  +1.0534e-02  -1.0347e-02        1    +1.8031e-05  1.8516e-04  1.0532e-02  -1.0347e-02  1.0000e-01  
    106    3.1447e-03  6.2500e-02  1.4944e-02  1.4848e-02  +9.5998e-05  +1.8555e-04  +1.0346e-02  -1.0161e-02        1    +9.5690e-05  1.7598e-04  1.0337e-02  -1.0161e-02  1.0000e-01  
    107    1.4944e-02  1.5625e-02  6.8361e-03  1.0561e-02  -3.7247e-03  +1.7978e-04  +1.0564e-02  -1.0384e-02        1    +3.1197e-05  1.7666e-04  1.0561e-02  -1.0384e-02  1.0000e-01  
    108    6.8361e-03  1.5625e-02  3.0588e-03  1.0456e-02  -7.3967e-03  +1.7639e-04  +1.0457e-02  -1.0281e-02        1    +1.7889e-05  1.7460e-04  1.0456e-02  -1.0281e-02  1.0000e-01  
    109    3.0588e-03  6.2500e-02  1.4904e-02  1.4899e-02  +5.2150e-06  +1.7542e-04  +1.0647e-02  -1.0472e-02        1    +9.4388e-05  1.6599e-04  1.0638e-02  -1.0472e-02  1.0000e-01  
    110    1.4904e-02  1.5625e-02  6.7142e-03  1.0407e-02  -3.6926e-03  +1.6984e-04  +1.0410e-02  -1.0240e-02        1    +3.0847e-05  1.6675e-04  1.0407e-02  -1.0240e-02  1.0000e-01  
    111    6.7142e-03  1.5625e-02  3.0975e-03  1.0508e-02  -7.4104e-03  +1.6661e-04  +1.0510e-02  -1.0343e-02        1    +1.7745e-05  1.6484e-04  1.0508e-02  -1.0343e-02  1.0000e-01  
    112    3.0975e-03  6.2500e-02  1.4721e-02  1.4626e-02  +9.4917e-05  +1.6617e-04  +1.0324e-02  -1.0158e-02        1    +9.3113e-05  1.5686e-04  1.0315e-02  -1.0158e-02  1.0000e-01  
    113    1.4721e-02  1.5625e-02  6.7363e-03  1.0535e-02  -3.7988e-03  +1.6079e-04  +1.0538e-02  -1.0377e-02        1    +3.0533e-05  1.5773e-04  1.0535e-02  -1.0377e-02  1.0000e-01  
    114    6.7363e-03  1.5625e-02  3.0150e-03  1.0431e-02  -7.4161e-03  +1.5772e-04  +1.0433e-02  -1.0275e-02        1    +1.7612e-05  1.5595e-04  1.0431e-02  -1.0275e-02  1.0000e-01  
    115    3.0150e-03  6.2500e-02  1.4693e-02  1.4688e-02  +4.5459e-06  +1.5763e-04  +1.0619e-02  -1.0461e-02        1    +9.1963e-05  1.4844e-04  1.0610e-02  -1.0461e-02  1.0000e-01  
    116    1.4693e-02  1.5625e-02  6.6209e-03  1.0382e-02  -3.7610e-03  +1.5241e-04  +1.0385e-02  -1.0233e-02        1    +3.0216e-05  1.4938e-04  1.0382e-02  -1.0233e-02  1.0000e-01  
    117    6.6209e-03  1.5625e-02  3.0554e-03  1.0481e-02  -7.4260e-03  +1.4947e-04  +1.0483e-02  -1.0334e-02        1    +1.7476e-05  1.4772e-04  1.0481e-02  -1.0334e-02  1.0000e-01  
    118    3.0554e-03  3.1250e-02  5.7343e-03  1.0386e-02  -4.6519e-03  +1.4629e-04  +1.0389e-02  -1.0243e-02        1    +2.6185e-05  1.4367e-04  1.0386e-02  -1.0243e-02  1.0000e-01  
    119    5.7343e-03  1.5625e-02  2.6528e-03  1.0472e-02  -7.8195e-03  +1.4359e-04  +1.0474e-02  -1.0330e-02        1    +1.6611e-05  1.4193e-04  1.0472e-02  -1.0330e-02  1.0000e-01  
    120    2.6528e-03  6.2500e-02  1.2585e-02  1.2498e-02  +8.7312e-05  +1.4193e-04  +1.0313e-02  -1.0171e-02        1    +7.1721e-05  1.3476e-04  1.0306e-02  -1.0171e-02  1.0000e-01  
    121    1.2585e-02  1.5625e-02  5.7667e-03  1.0494e-02  -4.7273e-03  +1.3768e-04  +1.0497e-02  -1.0359e-02        1    +2.5955e-05  1.3508e-04  1.0494e-02  -1.0359e-02  1.0000e-01  
    122    5.7667e-03  1.5625e-02  2.5808e-03  1.0405e-02  -7.8238e-03  +1.3512e-04  +1.0406e-02  -1.0271e-02        1    +1.6497e-05  1.3348e-04  1.0405e-02  -1.0271e-02  1.0000e-01  
    123    2.5808e-03  6.2500e-02  1.2580e-02  1.2582e-02  -2.4969e-06  +1.3386e-04  +1.0563e-02  -1.0429e-02        1    +7.0958e-05  1.2676e-04  1.0556e-02  -1.0429e-02  1.0000e-01  
    124    1.2580e-02  1.5625e-02  5.6651e-03  1.0361e-02  -4.6958e-03  +1.2975e-04  +1.0363e-02  -1.0234e-02        1    +2.5725e-05  1.2718e-04  1.0361e-02  -1.0234e-02  1.0000e-01  
    125    5.6651e-03  1.5625e-02  2.6215e-03  1.0446e-02  -7.8243e-03  +1.2732e-04  +1.0447e-02  -1.0320e-02        1    +1.6381e-05  1.2568e-04  1.0446e-02  -1.0320e-02  1.0000e-01  
    126    2.6215e-03  6.2500e-02  1.2438e-02  1.2351e-02  +8.6518e-05  +1.2651e-04  +1.0287e-02  -1.0161e-02        1    +7.0217e-05  1.1949e-04  1.0280e-02  -1.0161e-02  1.0000e-01  
    127    1.2438e-02  1.5625e-02  5.7010e-03  1.0466e-02  -4.7652e-03  +1.2254e-04  +1.0469e-02  -1.0346e-02        1    +2.5517e-05  1.1999e-04  1.0466e-02  -1.0346e-02  1.0000e-01  
    128    5.7010e-03  1.5625e-02  2.5522e-03  1.0378e-02  -7.8255e-03  +1.2024e-04  +1.0379e-02  -1.0259e-02        1    +1.6273e-05  1.1861e-04  1.0378e-02  -1.0259e-02  1.0000e-01  
    129    2.5522e-03  6.2500e-02  1.2442e-02  1.2444e-02  -2.8972e-06  +1.1974e-04  +1.0534e-02  -1.0414e-02        1    +6.9553e-05  1.1279e-04  1.0527e-02  -1.0414e-02  1.0000e-01  
    130    1.2442e-02  1.5625e-02  5.6047e-03  1.0333e-02  -4.7287e-03  +1.1590e-04  +1.0336e-02  -1.0220e-02        1    +2.5309e-05  1.1337e-04  1.0333e-02  -1.0220e-02  1.0000e-01  
    131    5.6047e-03  1.5625e-02  2.5942e-03  1.0417e-02  -7.8231e-03  +1.1370e-04  +1.0419e-02  -1.0305e-02        1    +1.6165e-05  1.1208e-04  1.0417e-02  -1.0305e-02  1.0000e-01  
    132    2.5942e-03  6.2500e-02  1.2310e-02  1.2224e-02  +8.5799e-05  +1.1359e-04  +1.0259e-02  -1.0146e-02        1    +6.8906e-05  1.0670e-04  1.0253e-02  -1.0146e-02  1.0000e-01  
    133    1.2310e-02  1.5625e-02  5.6441e-03  1.0437e-02  -4.7926e-03  +1.0987e-04  +1.0439e-02  -1.0329e-02        1    +2.5123e-05  1.0736e-04  1.0437e-02  -1.0329e-02  1.0000e-01  
    134    5.6441e-03  1.5625e-02  2.5274e-03  1.0349e-02  -7.8214e-03  +1.0777e-04  +1.0350e-02  -1.0243e-02        1    +1.6063e-05  1.0616e-04  1.0349e-02  -1.0243e-02  1.0000e-01  
    135    2.5274e-03  3.1250e-02  4.9013e-03  1.0423e-02  -5.5214e-03  +1.0546e-04  +1.0425e-02  -1.0319e-02        1    +2.2264e-05  1.0324e-04  1.0423e-02  -1.0319e-02  1.0000e-01  
    136    4.9013e-03  1.5625e-02  2.1937e-03  1.0346e-02  -8.1526e-03  +1.0353e-04  +1.0348e-02  -1.0244e-02        1    +1.5440e-05  1.0199e-04  1.0346e-02  -1.0244e-02  1.0000e-01  
    137    2.1937e-03  6.2500e-02  1.0696e-02  1.0705e-02  -8.6489e-06  +1.0226e-04  +1.0478e-02  -1.0376e-02        1    +5.4788e-05  9.6785e-05  1.0473e-02  -1.0376e-02  1.0000e-01  
    138    1.0696e-02  1.5625e-02  4.8150e-03  1.0307e-02  -5.4915e-03  +9.9216e-05  +1.0309e-02  -1.0210e-02        1    +2.2107e-05  9.7005e-05  1.0307e-02  -1.0210e-02  1.0000e-01  
    139    4.8150e-03  1.5625e-02  2.2352e-03  1.0378e-02  -8.1430e-03  +9.7379e-05  +1.0380e-02  -1.0282e-02        1    +1.5344e-05  9.5845e-05  1.0378e-02  -1.0282e-02  1.0000e-01  
    140    2.2352e-03  6.2500e-02  1.0586e-02  1.0506e-02  +7.9675e-05  +9.6496e-05  +1.0240e-02  -1.0144e-02        1    +5.4366e-05  9.1060e-05  1.0235e-02  -1.0144e-02  1.0000e-01  
    141    1.0586e-02  1.5625e-02  4.8607e-03  1.0393e-02  -5.5325e-03  +9.3551e-05  +1.0395e-02  -1.0302e-02        1    +2.1965e-05  9.1355e-05  1.0393e-02  -1.0302e-02  1.0000e-01  
    142    4.8607e-03  1.5625e-02  2.1763e-03  1.0317e-02  -8.1410e-03  +9.1810e-05  +1.0319e-02  -1.0227e-02        1    +1.5253e-05  9.0285e-05  1.0317e-02  -1.0227e-02  1.0000e-01  
    143    2.1763e-03  6.2500e-02  1.0613e-02  1.0622e-02  -8.8469e-06  +9.1197e-05  +1.0448e-02  -1.0356e-02        1    +5.3995e-05  8.5797e-05  1.0442e-02  -1.0356e-02  1.0000e-01  
    144    1.0613e-02  1.5625e-02  4.7791e-03  1.0277e-02  -5.4981e-03  +8.8345e-05  +1.0279e-02  -1.0191e-02        1    +2.1823e-05  8.6162e-05  1.0277e-02  -1.0191e-02  1.0000e-01  
    145    4.7791e-03  1.5625e-02  2.2189e-03  1.0348e-02  -8.1292e-03  +8.6683e-05  +1.0350e-02  -1.0263e-02        1    +1.5162e-05  8.5166e-05  1.0348e-02  -1.0263e-02  1.0000e-01  
    146    2.2189e-03  6.2500e-02  1.0511e-02  1.0432e-02  +7.9159e-05  +8.6395e-05  +1.0211e-02  -1.0124e-02        1    +5.3637e-05  8.1031e-05  1.0205e-02  -1.0124e-02  1.0000e-01  
    147    1.0511e-02  1.5625e-02  4.8275e-03  1.0362e-02  -5.5349e-03  +8.3628e-05  +1.0365e-02  -1.0281e-02        1    +2.1696e-05  8.1459e-05  1.0362e-02  -1.0281e-02  1.0000e-01  
    148    4.8275e-03  1.5625e-02  2.1621e-03  1.0287e-02  -8.1248e-03  +8.2046e-05  +1.0288e-02  -1.0206e-02        1    +1.5076e-05  8.0538e-05  1.0287e-02  -1.0206e-02  1.0000e-01  
    149    2.1621e-03  6.2500e-02  1.0545e-02  1.0554e-02  -8.9961e-06  +8.1978e-05  +1.0416e-02  -1.0334e-02        1    +5.3329e-05  7.6645e-05  1.0411e-02  -1.0334e-02  1.0000e-01  
    150    1.0545e-02  1.5625e-02  4.7502e-03  1.0246e-02  -5.4962e-03  +7.9288e-05  +1.0249e-02  -1.0169e-02        1    +2.1569e-05  7.7132e-05  1.0246e-02  -1.0169e-02  1.0000e-01  
    151    4.7502e-03  1.5625e-02  2.2058e-03  1.0317e-02  -8.1110e-03  +7.7771e-05  +1.0318e-02  -1.0241e-02        1    +1.4989e-05  7.6272e-05  1.0317e-02  -1.0241e-02  1.0000e-01  
    152    2.2058e-03  3.1250e-02  4.1232e-03  1.0246e-02  -6.1228e-03  +7.6133e-05  +1.0248e-02  -1.0172e-02        1    +1.9502e-05  7.4182e-05  1.0246e-02  -1.0172e-02  1.0000e-01  
    153    4.1232e-03  1.5625e-02  1.9206e-03  1.0307e-02  -8.3864e-03  +7.4737e-05  +1.0308e-02  -1.0234e-02        1    +1.4532e-05  7.3284e-05  1.0307e-02  -1.0234e-02  1.0000e-01  
    154    1.9206e-03  6.2500e-02  9.0779e-03  1.0182e-02  -1.1043e-03  +7.3917e-05  +1.0187e-02  -1.0113e-02        1    +4.3245e-05  6.9593e-05  1.0182e-02  -1.0113e-02  1.0000e-01  
    155    9.0779e-03  1.5625e-02  4.1760e-03  1.0318e-02  -6.1417e-03  +7.1708e-05  +1.0320e-02  -1.0248e-02        1    +1.9400e-05  6.9768e-05  1.0318e-02  -1.0248e-02  1.0000e-01  
    156    4.1760e-03  1.5625e-02  1.8699e-03  1.0252e-02  -8.3821e-03  +7.0387e-05  +1.0253e-02  -1.0183e-02        1    +1.4453e-05  6.8942e-05  1.0252e-02  -1.0183e-02  1.0000e-01  
    157    1.8699e-03  6.2500e-02  9.1221e-03  1.0357e-02  -1.2354e-03  +6.9788e-05  +1.0362e-02  -1.0292e-02        1    +4.3049e-05  6.5483e-05  1.0357e-02  -1.0292e-02  1.0000e-01  
    158    9.1221e-03  1.5625e-02  4.1056e-03  1.0215e-02  -6.1097e-03  +6.7651e-05  +1.0217e-02  -1.0150e-02        1    +1.9300e-05  6.5721e-05  1.0215e-02  -1.0150e-02  1.0000e-01  
    159    4.1056e-03  1.5625e-02  1.9125e-03  1.0276e-02  -8.3634e-03  +6.6390e-05  +1.0277e-02  -1.0211e-02        1    +1.4374e-05  6.4952e-05  1.0276e-02  -1.0211e-02  1.0000e-01  
    160    1.9125e-03  6.2500e-02  9.0422e-03  1.0151e-02  -1.1090e-03  +6.6061e-05  +1.0156e-02  -1.0089e-02        1    +4.2864e-05  6.1774e-05  1.0151e-02  -1.0089e-02  1.0000e-01  
    161    9.0422e-03  1.5625e-02  4.1604e-03  1.0286e-02  -6.1257e-03  +6.3983e-05  +1.0288e-02  -1.0224e-02        1    +1.9209e-05  6.2062e-05  1.0286e-02  -1.0224e-02  1.0000e-01  
    162    4.1604e-03  1.5625e-02  1.8636e-03  1.0221e-02  -8.3570e-03  +6.2784e-05  +1.0222e-02  -1.0159e-02        1    +1.4298e-05  6.1354e-05  1.0221e-02  -1.0159e-02  1.0000e-01  
    163    1.8636e-03  6.2500e-02  9.0920e-03  1.0325e-02  -1.2333e-03  +6.2635e-05  +1.0330e-02  -1.0267e-02        1    +4.2713e-05  5.8364e-05  1.0325e-02  -1.0267e-02  1.0000e-01  
    164    9.0920e-03  1.5625e-02  4.0937e-03  1.0184e-02  -6.0898e-03  +6.0616e-05  +1.0185e-02  -1.0125e-02        1    +1.9119e-05  5.8704e-05  1.0184e-02  -1.0125e-02  1.0000e-01  
    165    4.0937e-03  1.5625e-02  1.9071e-03  1.0244e-02  -8.3369e-03  +5.9466e-05  +1.0245e-02  -1.0186e-02        1    +1.4223e-05  5.8044e-05  1.0244e-02  -1.0186e-02  1.0000e-01  
    166    1.9071e-03  3.1250e-02  3.5564e-03  1.0182e-02  -6.6254e-03  +5.8208e-05  +1.0184e-02  -1.0125e-02        1    +1.7582e-05  5.6449e-05  1.0182e-02  -1.0125e-02  1.0000e-01  
    167    3.5564e-03  1.5625e-02  1.6624e-03  1.0234e-02  -8.5716e-03  +5.7149e-05  +1.0235e-02  -1.0178e-02        1    +1.3876e-05  5.5761e-05  1.0234e-02  -1.0178e-02  1.0000e-01  
    168    1.6624e-03  6.2500e-02  7.8411e-03  1.0124e-02  -2.2834e-03  +5.6473e-05  +1.0128e-02  -1.0072e-02        1    +3.5311e-05  5.2941e-05  1.0124e-02  -1.0072e-02  1.0000e-01  
    169    7.8411e-03  1.5625e-02  3.6140e-03  1.0241e-02  -6.6273e-03  +5.4807e-05  +1.0243e-02  -1.0188e-02        1    +1.7506e-05  5.3056e-05  1.0241e-02  -1.0188e-02  1.0000e-01  
    170    3.6140e-03  1.5625e-02  1.6183e-03  1.0184e-02  -8.5657e-03  +5.3805e-05  +1.0185e-02  -1.0132e-02        1    +1.3805e-05  5.2425e-05  1.0184e-02  -1.0132e-02  1.0000e-01  
    171    1.6183e-03  6.2500e-02  7.8976e-03  1.0274e-02  -2.3759e-03  +5.3305e-05  +1.0277e-02  -1.0224e-02        1    +3.5219e-05  4.9783e-05  1.0274e-02  -1.0224e-02  1.0000e-01  
    172    7.8976e-03  1.5625e-02  3.5524e-03  1.0150e-02  -6.5978e-03  +5.1694e-05  +1.0152e-02  -1.0100e-02        1    +1.7431e-05  4.9950e-05  1.0150e-02  -1.0100e-02  1.0000e-01  
    173    3.5524e-03  1.5625e-02  1.6605e-03  1.0202e-02  -8.5418e-03  +5.0737e-05  +1.0204e-02  -1.0153e-02        1    +1.3735e-05  4.9364e-05  1.0202e-02  -1.0153e-02  1.0000e-01  
    174    1.6605e-03  6.2500e-02  7.8347e-03  1.0093e-02  -2.2578e-03  +5.0455e-05  +1.0096e-02  -1.0046e-02        1    +3.5136e-05  4.6942e-05  1.0093e-02  -1.0046e-02  1.0000e-01  
    175    7.8347e-03  1.5625e-02  3.6116e-03  1.0209e-02  -6.5976e-03  +4.8885e-05  +1.0211e-02  -1.0162e-02        1    +1.7363e-05  4.7149e-05  1.0209e-02  -1.0162e-02  1.0000e-01  
    176    3.6116e-03  1.5625e-02  1.6178e-03  1.0152e-02  -8.5341e-03  +4.7976e-05  +1.0153e-02  -1.0105e-02        1    +1.3667e-05  4.6609e-05  1.0152e-02  -1.0105e-02  1.0000e-01  
    177    1.6178e-03  6.2500e-02  7.8959e-03  1.0241e-02  -2.3453e-03  +4.7839e-05  +1.0245e-02  -1.0197e-02        1    +3.5077e-05  4.4331e-05  1.0241e-02  -1.0197e-02  1.0000e-01  
    178    7.8959e-03  1.5625e-02  3.5532e-03  1.0118e-02  -6.5646e-03  +4.6313e-05  +1.0120e-02  -1.0073e-02        1    +1.7296e-05  4.4583e-05  1.0118e-02  -1.0073e-02  1.0000e-01  
    179    3.5532e-03  1.5625e-02  1.6607e-03  1.0170e-02  -8.5091e-03  +4.5440e-05  +1.0171e-02  -1.0126e-02        1    +1.3599e-05  4.4080e-05  1.0170e-02  -1.0126e-02  1.0000e-01  
    180    1.6607e-03  3.1250e-02  3.0894e-03  1.0115e-02  -7.0257e-03  +4.4482e-05  +1.0117e-02  -1.0072e-02        1    +1.6136e-05  4.2869e-05  1.0115e-02  -1.0072e-02  1.0000e-01  
    181    3.0894e-03  1.5625e-02  1.4494e-03  1.0160e-02  -8.7106e-03  +4.3679e-05  +1.0161e-02  -1.0118e-02        1    +1.3332e-05  4.2346e-05  1.0160e-02  -1.0118e-02  1.0000e-01  
    182    1.4494e-03  6.2500e-02  6.8212e-03  1.0063e-02  -3.2420e-03  +4.3160e-05  +1.0066e-02  -1.0023e-02        1    +2.9562e-05  4.0204e-05  1.0063e-02  -1.0023e-02  1.0000e-01  
    183    6.8212e-03  1.5625e-02  3.1501e-03  1.0164e-02  -7.0143e-03  +4.1896e-05  +1.0166e-02  -1.0124e-02        1    +1.6076e-05  4.0288e-05  1.0164e-02  -1.0124e-02  1.0000e-01  
    184    3.1501e-03  1.5625e-02  1.4106e-03  1.0114e-02  -8.7036e-03  +4.1136e-05  +1.0116e-02  -1.0074e-02        1    +1.3267e-05  3.9809e-05  1.0114e-02  -1.0074e-02  1.0000e-01  
    185    1.4106e-03  6.2500e-02  6.8865e-03  1.0191e-02  -3.3042e-03  +4.0755e-05  +1.0194e-02  -1.0153e-02        1    +2.9531e-05  3.7802e-05  1.0191e-02  -1.0153e-02  1.0000e-01  
    186    6.8865e-03  1.5625e-02  3.0955e-03  1.0083e-02  -6.9874e-03  +3.9532e-05  +1.0084e-02  -1.0045e-02        1    +1.6017e-05  3.7930e-05  1.0083e-02  -1.0045e-02  1.0000e-01  
    187    3.0955e-03  1.5625e-02  1.4520e-03  1.0128e-02  -8.6759e-03  +3.8805e-05  +1.0129e-02  -1.0090e-02        1    +1.3203e-05  3.7484e-05  1.0128e-02  -1.0090e-02  1.0000e-01  
    188    1.4520e-03  6.2500e-02  6.8366e-03  1.0031e-02  -3.1941e-03  +3.8599e-05  +1.0034e-02  -9.9950e-03        1    +2.9508e-05  3.5648e-05  1.0031e-02  -9.9950e-03  1.0000e-01  
    189    6.8366e-03  1.5625e-02  3.1575e-03  1.0132e-02  -6.9747e-03  +3.7404e-05  +1.0134e-02  -1.0096e-02        1    +1.5963e-05  3.5807e-05  1.0132e-02  -1.0096e-02  1.0000e-01  
    190    3.1575e-03  1.5625e-02  1.4145e-03  1.0082e-02  -8.6673e-03  +3.6713e-05  +1.0083e-02  -1.0046e-02        1    +1.3141e-05  3.5398e-05  1.0082e-02  -1.0046e-02  1.0000e-01  
    191    1.4145e-03  6.2500e-02  6.9059e-03  1.0158e-02  -3.2525e-03  +3.6620e-05  +1.0161e-02  -1.0125e-02        1    +2.9502e-05  3.3670e-05  1.0158e-02  -1.0125e-02  1.0000e-01  
    192    6.9059e-03  1.5625e-02  3.1058e-03  1.0050e-02  -6.9445e-03  +3.5458e-05  +1.0052e-02  -1.0016e-02        1    +1.5910e-05  3.3867e-05  1.0050e-02  -1.0016e-02  1.0000e-01  
    193    3.1058e-03  1.5625e-02  1.4566e-03  1.0095e-02  -8.6388e-03  +3.4794e-05  +1.0097e-02  -1.0062e-02        1    +1.3080e-05  3.3486e-05  1.0095e-02  -1.0062e-02  1.0000e-01  
    194    1.4566e-03  3.1250e-02  2.7051e-03  1.0047e-02  -7.3416e-03  +3.4069e-05  +1.0048e-02  -1.0014e-02        1    +1.5022e-05  3.2567e-05  1.0047e-02  -1.0014e-02  1.0000e-01  
    195    2.7051e-03  1.5625e-02  1.2727e-03  1.0086e-02  -8.8130e-03  +3.3457e-05  +1.0087e-02  -1.0054e-02        1    +1.2870e-05  3.2170e-05  1.0086e-02  -1.0054e-02  1.0000e-01  
    196    1.2727e-03  6.2500e-02  5.9756e-03  9.9994e-03  -4.0238e-03  +3.3081e-05  +1.0002e-02  -9.9688e-03        1    +2.5331e-05  3.0548e-05  9.9994e-03  -9.9688e-03  1.0000e-01  
    197    5.9756e-03  1.5625e-02  2.7652e-03  1.0088e-02  -7.3227e-03  +3.2115e-05  +1.0089e-02  -1.0057e-02        1    +1.4972e-05  3.0618e-05  1.0088e-02  -1.0057e-02  1.0000e-01  
    198    2.7652e-03  1.5625e-02  1.2382e-03  1.0044e-02  -8.8053e-03  +3.1536e-05  +1.0045e-02  -1.0013e-02        1    +1.2810e-05  3.0255e-05  1.0044e-02  -1.0013e-02  1.0000e-01  
    199    1.2382e-03  6.2500e-02  6.0471e-03  1.0109e-02  -4.0621e-03  +3.1267e-05  +1.0112e-02  -1.0080e-02        1    +2.5335e-05  2.8734e-05  1.0109e-02  -1.0080e-02  1.0000e-01  
    200    6.0471e-03  1.5625e-02  2.7182e-03  1.0014e-02  -7.2961e-03  +3.0331e-05  +1.0016e-02  -9.9855e-03        1    +1.4923e-05  2.8839e-05  1.0014e-02  -9.9855e-03  1.0000e-01  
    201    2.7182e-03  1.5625e-02  1.2787e-03  1.0054e-02  -8.7748e-03  +2.9777e-05  +1.0055e-02  -1.0025e-02        1    +1.2751e-05  2.8502e-05  1.0054e-02  -1.0025e-02  1.0000e-01  
    202    1.2787e-03  6.2500e-02  6.0072e-03  9.9667e-03  -3.9595e-03  +2.9647e-05  +9.9692e-03  -9.9396e-03        1    +2.5345e-05  2.7112e-05  9.9667e-03  -9.9396e-03  1.0000e-01  
    203    6.0072e-03  1.5625e-02  2.7799e-03  1.0056e-02  -7.2758e-03  +2.8730e-05  +1.0057e-02  -1.0028e-02        1    +1.4878e-05  2.7242e-05  1.0056e-02  -1.0028e-02  1.0000e-01  
    204    2.7799e-03  1.5625e-02  1.2453e-03  1.0011e-02  -8.7657e-03  +2.8202e-05  +1.0012e-02  -9.9841e-03        1    +1.2693e-05  2.6933e-05  1.0011e-02  -9.9841e-03  1.0000e-01  
    205    1.2453e-03  6.2500e-02  6.0821e-03  1.0077e-02  -3.9950e-03  +2.8161e-05  +1.0080e-02  -1.0051e-02        1    +2.5369e-05  2.5624e-05  1.0077e-02  -1.0051e-02  1.0000e-01  
    206    6.0821e-03  1.5625e-02  2.7349e-03  9.9816e-03  -7.2468e-03  +2.7267e-05  +9.9831e-03  -9.9559e-03        1    +1.4835e-05  2.5784e-05  9.9816e-03  -9.9559e-03  1.0000e-01  
    207    2.7349e-03  1.5625e-02  1.2864e-03  1.0021e-02  -8.7347e-03  +2.6759e-05  +1.0022e-02  -9.9956e-03        1    +1.2636e-05  2.5496e-05  1.0021e-02  -9.9956e-03  1.0000e-01  
    208    1.2864e-03  3.1250e-02  2.3856e-03  9.9775e-03  -7.5919e-03  +2.6213e-05  +9.9789e-03  -9.9527e-03        1    +1.4143e-05  2.4798e-05  9.9775e-03  -9.9527e-03  1.0000e-01  
    209    2.3856e-03  1.5625e-02  1.1254e-03  1.0012e-02  -8.8862e-03  +2.5745e-05  +1.0013e-02  -9.9871e-03        1    +1.2469e-05  2.4498e-05  1.0012e-02  -9.9871e-03  1.0000e-01  
=========================================================
Total gradient evaluations: 1.848e+04 
