=========================================================
*                                                       *
*  Samples: 1.28e+02; epsilon: 7.8231e-04; varepson:7.8231e-04 *
*                                                       *
=========================================================
     Iter   search_dire    stepsize    KKT_inf    eKKT_inf    KKT-eKKT      merit     e_merit     mrt-emrt      rank          f           c           ec        c-ec         tau    
initial    0.0000e+00  0.0000e+00  2.3145e-02  3.5975e-02  -1.2830e-02  +2.3148e-02  +3.5979e-02  -1.2830e-02        1    +3.5692e-05  2.3145e-02  3.5975e-02  -1.2830e-02  1.0000e-01  
      1    1.5404e-03  1.0000e+00  1.2213e-01  1.2233e-01  -1.9083e-04  +6.0052e-04  +1.4957e-02  -1.4356e-02        1    +5.7795e-03  2.2571e-05  1.4379e-02  -1.4356e-02  1.0000e-01  
      2    1.2213e-01  1.5625e-02  4.9609e-02  4.9717e-02  -1.0771e-04  +1.6653e-04  +1.2397e-02  -1.2230e-02        1    +9.7479e-04  6.9051e-05  1.2299e-02  -1.2230e-02  1.0000e-01  
      3    4.9609e-02  1.5625e-02  1.9917e-02  1.9925e-02  -8.4843e-06  +9.4842e-05  +1.3145e-02  -1.3050e-02        1    +1.8593e-04  7.6249e-05  1.3127e-02  -1.3050e-02  1.0000e-01  
      4    1.9917e-02  1.5625e-02  8.1022e-03  1.2798e-02  -4.6960e-03  +8.1900e-05  +1.2804e-02  -1.2722e-02        1    +5.7554e-05  7.6144e-05  1.2798e-02  -1.2722e-02  1.0000e-01  
      5    8.1022e-03  1.5625e-02  3.2618e-03  1.2937e-02  -9.6750e-03  +7.8862e-05  +1.2940e-02  -1.2862e-02        1    +3.6546e-05  7.5207e-05  1.2937e-02  -1.2862e-02  1.0000e-01  
      6    3.2618e-03  3.1250e-02  5.8903e-03  1.2834e-02  -6.9435e-03  +7.7508e-05  +1.2838e-02  -1.2761e-02        1    +4.5671e-05  7.2941e-05  1.2834e-02  -1.2761e-02  1.0000e-01  
      7    5.8903e-03  1.5625e-02  2.4068e-03  1.2933e-02  -1.0526e-02  +7.5369e-05  +1.2937e-02  -1.2861e-02        1    +3.4512e-05  7.1918e-05  1.2933e-02  -1.2861e-02  1.0000e-01  
      8    2.4068e-03  3.1250e-02  4.2948e-03  1.2856e-02  -8.5608e-03  +7.3671e-05  +1.2860e-02  -1.2786e-02        1    +3.9367e-05  6.9735e-05  1.2856e-02  -1.2786e-02  1.0000e-01  
      9    4.2948e-03  3.1250e-02  7.7907e-03  1.3000e-02  -5.2093e-03  +7.3332e-05  +1.3006e-02  -1.2932e-02        1    +5.5362e-05  6.7795e-05  1.3000e-02  -1.2932e-02  1.0000e-01  
     10    7.7907e-03  1.5625e-02  3.1350e-03  1.2871e-02  -9.7358e-03  +7.0524e-05  +1.2874e-02  -1.2804e-02        1    +3.5979e-05  6.6926e-05  1.2871e-02  -1.2804e-02  1.0000e-01  
     11    3.1350e-03  3.1250e-02  5.6963e-03  1.2976e-02  -7.2799e-03  +6.9410e-05  +1.2981e-02  -1.2911e-02        1    +4.4477e-05  6.4962e-05  1.2976e-02  -1.2911e-02  1.0000e-01  
     12    5.6963e-03  1.5625e-02  2.2892e-03  1.2882e-02  -1.0593e-02  +6.7462e-05  +1.2885e-02  -1.2818e-02        1    +3.4138e-05  6.4048e-05  1.2882e-02  -1.2818e-02  1.0000e-01  
     13    2.2892e-03  3.1250e-02  4.1674e-03  1.2959e-02  -8.7917e-03  +6.5980e-05  +1.2963e-02  -1.2897e-02        1    +3.8642e-05  6.2115e-05  1.2959e-02  -1.2897e-02  1.0000e-01  
     14    4.1674e-03  3.1250e-02  7.4761e-03  1.2821e-02  -5.3453e-03  +6.5738e-05  +1.2827e-02  -1.2761e-02        1    +5.3473e-05  6.0390e-05  1.2821e-02  -1.2761e-02  1.0000e-01  
     15    7.4761e-03  1.5625e-02  3.0509e-03  1.2946e-02  -9.8955e-03  +6.3174e-05  +1.2950e-02  -1.2887e-02        1    +3.5497e-05  5.9624e-05  1.2946e-02  -1.2887e-02  1.0000e-01  
     16    3.0509e-03  3.1250e-02  5.4577e-03  1.2846e-02  -7.3884e-03  +6.2213e-05  +1.2850e-02  -1.2788e-02        1    +4.3373e-05  5.7876e-05  1.2846e-02  -1.2788e-02  1.0000e-01  
     17    5.4577e-03  1.5625e-02  2.2362e-03  1.2937e-02  -1.0701e-02  +6.0445e-05  +1.2941e-02  -1.2880e-02        1    +3.3787e-05  5.7067e-05  1.2937e-02  -1.2880e-02  1.0000e-01  
     18    2.2362e-03  3.1250e-02  3.9851e-03  1.2864e-02  -8.8790e-03  +5.9141e-05  +1.2868e-02  -1.2809e-02        1    +3.7959e-05  5.5345e-05  1.2864e-02  -1.2809e-02  1.0000e-01  
     19    3.9851e-03  3.1250e-02  7.2251e-03  1.2997e-02  -5.7721e-03  +5.8989e-05  +1.3002e-02  -1.2943e-02        1    +5.1712e-05  5.3817e-05  1.2997e-02  -1.2943e-02  1.0000e-01  
     20    7.2251e-03  1.5625e-02  2.9112e-03  1.2877e-02  -9.9658e-03  +5.6645e-05  +1.2881e-02  -1.2824e-02        1    +3.5042e-05  5.3141e-05  1.2877e-02  -1.2824e-02  1.0000e-01  
     21    2.9112e-03  3.1250e-02  5.2846e-03  1.2974e-02  -7.6897e-03  +5.5824e-05  +1.2978e-02  -1.2923e-02        1    +4.2351e-05  5.1588e-05  1.2974e-02  -1.2923e-02  1.0000e-01  
     22    5.2846e-03  1.5625e-02  2.1273e-03  1.2887e-02  -1.0759e-02  +5.4215e-05  +1.2890e-02  -1.2836e-02        1    +3.3453e-05  5.0870e-05  1.2887e-02  -1.2836e-02  1.0000e-01  
     23    2.1273e-03  3.1250e-02  3.8677e-03  1.2958e-02  -9.0898e-03  +5.3071e-05  +1.2961e-02  -1.2908e-02        1    +3.7327e-05  4.9338e-05  1.2958e-02  -1.2908e-02  1.0000e-01  
     24    3.8677e-03  3.1250e-02  6.9411e-03  1.2829e-02  -5.8882e-03  +5.2994e-05  +1.2834e-02  -1.2781e-02        1    +5.0097e-05  4.7984e-05  1.2829e-02  -1.2781e-02  1.0000e-01  
     25    6.9411e-03  1.5625e-02  2.8327e-03  1.2945e-02  -1.0112e-02  +5.0848e-05  +1.2948e-02  -1.2898e-02        1    +3.4613e-05  4.7386e-05  1.2945e-02  -1.2898e-02  1.0000e-01  
     26    2.8327e-03  3.1250e-02  5.0694e-03  1.2851e-02  -7.7820e-03  +5.0146e-05  +1.2856e-02  -1.2805e-02        1    +4.1397e-05  4.6006e-05  1.2851e-02  -1.2805e-02  1.0000e-01  
     27    5.0694e-03  1.5625e-02  2.0773e-03  1.2936e-02  -1.0859e-02  +4.8681e-05  +1.2939e-02  -1.2890e-02        1    +3.3132e-05  4.5368e-05  1.2936e-02  -1.2890e-02  1.0000e-01  
     28    2.0773e-03  3.1250e-02  3.7033e-03  1.2867e-02  -9.1642e-03  +4.7677e-05  +1.2871e-02  -1.2823e-02        1    +3.6726e-05  4.4004e-05  1.2867e-02  -1.2823e-02  1.0000e-01  
     29    3.7033e-03  3.1250e-02  6.7116e-03  1.2991e-02  -6.2789e-03  +4.7661e-05  +1.2995e-02  -1.2948e-02        1    +4.8586e-05  4.2802e-05  1.2991e-02  -1.2948e-02  1.0000e-01  
     30    6.7116e-03  1.5625e-02  2.7066e-03  1.2879e-02  -1.0172e-02  +4.5696e-05  +1.2882e-02  -1.2836e-02        1    +3.4204e-05  4.2276e-05  1.2879e-02  -1.2836e-02  1.0000e-01  
     31    2.7066e-03  3.1250e-02  4.9109e-03  1.2969e-02  -8.0578e-03  +4.5098e-05  +1.2973e-02  -1.2928e-02        1    +4.0508e-05  4.1047e-05  1.2969e-02  -1.2928e-02  1.0000e-01  
     32    4.9109e-03  1.5625e-02  1.9788e-03  1.2887e-02  -1.0908e-02  +4.3764e-05  +1.2890e-02  -1.2846e-02        1    +3.2825e-05  4.0482e-05  1.2887e-02  -1.2846e-02  1.0000e-01  
     33    1.9788e-03  3.1250e-02  3.5957e-03  1.2953e-02  -9.3568e-03  +4.2883e-05  +1.2956e-02  -1.2913e-02        1    +3.6166e-05  3.9266e-05  1.2953e-02  -1.2913e-02  1.0000e-01  
     34    3.5957e-03  1.5625e-02  1.4473e-03  1.2893e-02  -1.1445e-02  +4.1899e-05  +1.2896e-02  -1.2854e-02        1    +3.2056e-05  3.8693e-05  1.2893e-02  -1.2854e-02  1.0000e-01  
     35    1.4473e-03  6.2500e-02  6.6764e-03  1.2988e-02  -6.3119e-03  +4.1196e-05  +1.2993e-02  -1.2952e-02        1    +4.8143e-05  3.6382e-05  1.2988e-02  -1.2952e-02  1.0000e-01  
     36    6.6764e-03  1.5625e-02  2.6937e-03  1.2877e-02  -1.0183e-02  +3.9345e-05  +1.2880e-02  -1.2841e-02        1    +3.3911e-05  3.5954e-05  1.2877e-02  -1.2841e-02  1.0000e-01  
     37    2.6937e-03  3.1250e-02  4.8860e-03  1.2966e-02  -8.0801e-03  +3.8937e-05  +1.2970e-02  -1.2931e-02        1    +4.0153e-05  3.4922e-05  1.2966e-02  -1.2931e-02  1.0000e-01  
     38    4.8860e-03  1.5625e-02  1.9699e-03  1.2885e-02  -1.0915e-02  +3.7706e-05  +1.2888e-02  -1.2850e-02        1    +3.2546e-05  3.4452e-05  1.2885e-02  -1.2850e-02  1.0000e-01  
     39    1.9699e-03  3.1250e-02  3.5781e-03  1.2950e-02  -9.3716e-03  +3.7010e-05  +1.2953e-02  -1.2916e-02        1    +3.5856e-05  3.3424e-05  1.2950e-02  -1.2916e-02  1.0000e-01  
     40    3.5781e-03  1.5625e-02  1.4412e-03  1.2890e-02  -1.1449e-02  +3.6121e-05  +1.2893e-02  -1.2857e-02        1    +3.1785e-05  3.2942e-05  1.2890e-02  -1.2857e-02  1.0000e-01  
     41    1.4412e-03  6.2500e-02  6.6456e-03  1.2985e-02  -6.3393e-03  +3.5761e-05  +1.2990e-02  -1.2954e-02        1    +4.7727e-05  3.0989e-05  1.2985e-02  -1.2954e-02  1.0000e-01  
     42    6.6456e-03  1.5625e-02  2.6823e-03  1.2874e-02  -1.0192e-02  +3.4006e-05  +1.2877e-02  -1.2843e-02        1    +3.3625e-05  3.0644e-05  1.2874e-02  -1.2843e-02  1.0000e-01  
     43    2.6823e-03  3.1250e-02  4.8643e-03  1.2963e-02  -8.0982e-03  +3.3758e-05  +1.2967e-02  -1.2933e-02        1    +3.9813e-05  2.9777e-05  1.2963e-02  -1.2933e-02  1.0000e-01  
     44    4.8643e-03  1.5625e-02  1.9620e-03  1.2881e-02  -1.0919e-02  +3.2613e-05  +1.2885e-02  -1.2852e-02        1    +3.2273e-05  2.9386e-05  1.2881e-02  -1.2852e-02  1.0000e-01  
     45    1.9620e-03  3.1250e-02  3.5628e-03  1.2946e-02  -9.3831e-03  +3.2071e-05  +1.2950e-02  -1.2917e-02        1    +3.5556e-05  2.8516e-05  1.2946e-02  -1.2917e-02  1.0000e-01  
     46    3.5628e-03  1.5625e-02  1.4358e-03  1.2887e-02  -1.1451e-02  +3.1262e-05  +1.2890e-02  -1.2859e-02        1    +3.1519e-05  2.8110e-05  1.2887e-02  -1.2859e-02  1.0000e-01  
     47    1.4358e-03  6.2500e-02  6.6188e-03  1.2981e-02  -6.3617e-03  +3.1191e-05  +1.2985e-02  -1.2954e-02        1    +4.7335e-05  2.6458e-05  1.2981e-02  -1.2954e-02  1.0000e-01  
     48    6.6188e-03  1.5625e-02  2.6723e-03  1.2870e-02  -1.0198e-02  +2.9517e-05  +1.2873e-02  -1.2844e-02        1    +3.3346e-05  2.6183e-05  1.2870e-02  -1.2844e-02  1.0000e-01  
     49    2.6723e-03  3.1250e-02  4.8456e-03  1.2958e-02  -8.1125e-03  +2.9403e-05  +1.2962e-02  -1.2933e-02        1    +3.9488e-05  2.5454e-05  1.2958e-02  -1.2933e-02  1.0000e-01  
     50    4.8456e-03  1.5625e-02  1.9551e-03  1.2877e-02  -1.0922e-02  +2.8331e-05  +1.2880e-02  -1.2852e-02        1    +3.2006e-05  2.5130e-05  1.2877e-02  -1.2852e-02  1.0000e-01  
     51    1.9551e-03  3.1250e-02  3.5497e-03  1.2941e-02  -9.3917e-03  +2.7919e-05  +1.2945e-02  -1.2917e-02        1    +3.5265e-05  2.4393e-05  1.2941e-02  -1.2917e-02  1.0000e-01  
     52    3.5497e-03  1.5625e-02  1.4310e-03  1.2882e-02  -1.1451e-02  +2.7177e-05  +1.2885e-02  -1.2858e-02        1    +3.1258e-05  2.4051e-05  1.2882e-02  -1.2858e-02  1.0000e-01  
     53    1.4310e-03  3.1250e-02  2.6027e-03  1.2929e-02  -1.0326e-02  +2.6623e-05  +1.2932e-02  -1.2906e-02        1    +3.2977e-05  2.3325e-05  1.2929e-02  -1.2906e-02  1.0000e-01  
     54    2.6027e-03  3.1250e-02  4.6616e-03  1.2842e-02  -8.1805e-03  +2.6552e-05  +1.2846e-02  -1.2819e-02        1    +3.8705e-05  2.2682e-05  1.2842e-02  -1.2819e-02  1.0000e-01  
     55    4.6616e-03  1.5625e-02  1.9104e-03  1.2919e-02  -1.1009e-02  +2.5568e-05  +1.2922e-02  -1.2897e-02        1    +3.1723e-05  2.2395e-05  1.2919e-02  -1.2897e-02  1.0000e-01  
     56    1.9104e-03  3.1250e-02  3.4089e-03  1.2856e-02  -9.4467e-03  +2.5218e-05  +1.2859e-02  -1.2834e-02        1    +3.4761e-05  2.1742e-05  1.2856e-02  -1.2834e-02  1.0000e-01  
     57    3.4089e-03  1.5625e-02  1.4045e-03  1.2912e-02  -1.1507e-02  +2.4540e-05  +1.2915e-02  -1.2890e-02        1    +3.1021e-05  2.1438e-05  1.2912e-02  -1.2890e-02  1.0000e-01  
     58    1.4045e-03  3.1250e-02  2.4936e-03  1.2865e-02  -1.0372e-02  +2.4056e-05  +1.2868e-02  -1.2844e-02        1    +3.2623e-05  2.0793e-05  1.2865e-02  -1.2844e-02  1.0000e-01  
     59    2.4936e-03  3.1250e-02  4.5223e-03  1.2947e-02  -8.4249e-03  +2.4018e-05  +1.2951e-02  -1.2927e-02        1    +3.7965e-05  2.0221e-05  1.2947e-02  -1.2927e-02  1.0000e-01  
     60    4.5223e-03  1.5625e-02  1.8250e-03  1.2872e-02  -1.1047e-02  +2.3115e-05  +1.2875e-02  -1.2852e-02        1    +3.1449e-05  1.9970e-05  1.2872e-02  -1.2852e-02  1.0000e-01  
     61    1.8250e-03  3.1250e-02  3.3142e-03  1.2931e-02  -9.6171e-03  +2.2816e-05  +1.2935e-02  -1.2912e-02        1    +3.4283e-05  1.9387e-05  1.2931e-02  -1.2912e-02  1.0000e-01  
     62    3.3142e-03  1.5625e-02  1.3363e-03  1.2876e-02  -1.1540e-02  +2.2198e-05  +1.2879e-02  -1.2857e-02        1    +3.0791e-05  1.9119e-05  1.2876e-02  -1.2857e-02  1.0000e-01  
     63    1.3363e-03  3.1250e-02  2.4311e-03  1.2919e-02  -1.0488e-02  +2.1773e-05  +1.2923e-02  -1.2901e-02        1    +3.2284e-05  1.8544e-05  1.2919e-02  -1.2901e-02  1.0000e-01  
     64    2.4311e-03  3.1250e-02  4.3524e-03  1.2838e-02  -8.4857e-03  +2.1766e-05  +1.2842e-02  -1.2820e-02        1    +3.7272e-05  1.8039e-05  1.2838e-02  -1.2820e-02  1.0000e-01  
     65    4.3524e-03  1.5625e-02  1.7853e-03  1.2910e-02  -1.1125e-02  +2.0935e-05  +1.2913e-02  -1.2892e-02        1    +3.1184e-05  1.7816e-05  1.2910e-02  -1.2892e-02  1.0000e-01  
     66    1.7853e-03  3.1250e-02  3.1838e-03  1.2850e-02  -9.6666e-03  +2.0683e-05  +1.2854e-02  -1.2833e-02        1    +3.3829e-05  1.7300e-05  1.2850e-02  -1.2833e-02  1.0000e-01  
     67    3.1838e-03  1.5625e-02  1.3133e-03  1.2903e-02  -1.1590e-02  +2.0118e-05  +1.2906e-02  -1.2886e-02        1    +3.0565e-05  1.7061e-05  1.2903e-02  -1.2886e-02  1.0000e-01  
     68    1.3133e-03  3.1250e-02  2.3298e-03  1.2859e-02  -1.0529e-02  +1.9746e-05  +1.2862e-02  -1.2843e-02        1    +3.1958e-05  1.6550e-05  1.2859e-02  -1.2843e-02  1.0000e-01  
     69    2.3298e-03  1.5625e-02  9.6830e-04  1.2897e-02  -1.1929e-02  +1.9329e-05  +1.2900e-02  -1.2881e-02        1    +3.0203e-05  1.6308e-05  1.2897e-02  -1.2881e-02  1.0000e-01  
     70    9.6830e-04  6.2500e-02  4.3415e-03  1.2833e-02  -8.4911e-03  +1.9037e-05  +1.2836e-02  -1.2817e-02        1    +3.6988e-05  1.5338e-05  1.2833e-02  -1.2817e-02  1.0000e-01  
     71    4.3415e-03  1.5625e-02  1.7808e-03  1.2904e-02  -1.1124e-02  +1.8250e-05  +1.2907e-02  -1.2889e-02        1    +3.0932e-05  1.5157e-05  1.2904e-02  -1.2889e-02  1.0000e-01  
     72    1.7808e-03  3.1250e-02  3.1765e-03  1.2845e-02  -9.6683e-03  +1.8080e-05  +1.2848e-02  -1.2830e-02        1    +3.3565e-05  1.4723e-05  1.2845e-02  -1.2830e-02  1.0000e-01  
     73    3.1765e-03  1.5625e-02  1.3101e-03  1.2897e-02  -1.1587e-02  +1.7557e-05  +1.2900e-02  -1.2883e-02        1    +3.0317e-05  1.4525e-05  1.2897e-02  -1.2883e-02  1.0000e-01  
     74    1.3101e-03  3.1250e-02  2.3249e-03  1.2853e-02  -1.0528e-02  +1.7263e-05  +1.2856e-02  -1.2839e-02        1    +3.1704e-05  1.4093e-05  1.2853e-02  -1.2839e-02  1.0000e-01  
     75    2.3249e-03  1.5625e-02  9.6606e-04  1.2891e-02  -1.1925e-02  +1.6885e-05  +1.2894e-02  -1.2878e-02        1    +2.9957e-05  1.3890e-05  1.2891e-02  -1.2878e-02  1.0000e-01  
     76    9.6606e-04  6.2500e-02  4.3331e-03  1.2827e-02  -8.4937e-03  +1.6742e-05  +1.2830e-02  -1.2814e-02        1    +3.6716e-05  1.3070e-05  1.2827e-02  -1.2814e-02  1.0000e-01  
     77    4.3331e-03  1.5625e-02  1.7772e-03  1.2898e-02  -1.1121e-02  +1.5993e-05  +1.2901e-02  -1.2885e-02        1    +3.0684e-05  1.2924e-05  1.2898e-02  -1.2885e-02  1.0000e-01  
     78    1.7772e-03  3.1250e-02  3.1709e-03  1.2839e-02  -9.6679e-03  +1.5891e-05  +1.2842e-02  -1.2826e-02        1    +3.3308e-05  1.2560e-05  1.2839e-02  -1.2826e-02  1.0000e-01  
     79    3.1709e-03  1.5625e-02  1.3077e-03  1.2891e-02  -1.1583e-02  +1.5403e-05  +1.2894e-02  -1.2879e-02        1    +3.0072e-05  1.2395e-05  1.2891e-02  -1.2879e-02  1.0000e-01  
     80    1.3077e-03  3.1250e-02  2.3212e-03  1.2847e-02  -1.0526e-02  +1.5175e-05  +1.2850e-02  -1.2835e-02        1    +3.1455e-05  1.2030e-05  1.2847e-02  -1.2835e-02  1.0000e-01  
     81    2.3212e-03  1.5625e-02  9.6435e-04  1.2885e-02  -1.1921e-02  +1.4830e-05  +1.2888e-02  -1.2873e-02        1    +2.9714e-05  1.1859e-05  1.2885e-02  -1.2873e-02  1.0000e-01  
     82    9.6435e-04  6.2500e-02  4.3270e-03  1.2821e-02  -8.4936e-03  +1.4811e-05  +1.2824e-02  -1.2809e-02        1    +3.6455e-05  1.1166e-05  1.2821e-02  -1.2809e-02  1.0000e-01  
     83    4.3270e-03  1.5625e-02  1.7746e-03  1.2892e-02  -1.1117e-02  +1.4094e-05  +1.2895e-02  -1.2881e-02        1    +3.0440e-05  1.1050e-05  1.2892e-02  -1.2881e-02  1.0000e-01  
     84    1.7746e-03  3.1250e-02  3.1670e-03  1.2833e-02  -9.6655e-03  +1.4050e-05  +1.2836e-02  -1.2822e-02        1    +3.3058e-05  1.0744e-05  1.2833e-02  -1.2822e-02  1.0000e-01  
     85    3.1670e-03  1.5625e-02  1.3060e-03  1.2885e-02  -1.1579e-02  +1.3590e-05  +1.2888e-02  -1.2874e-02        1    +2.9830e-05  1.0607e-05  1.2885e-02  -1.2874e-02  1.0000e-01  
     86    1.3060e-03  3.1250e-02  2.3188e-03  1.2841e-02  -1.0522e-02  +1.3419e-05  +1.2844e-02  -1.2831e-02        1    +3.1211e-05  1.0298e-05  1.2841e-02  -1.2831e-02  1.0000e-01  
     87    2.3188e-03  1.5625e-02  9.6316e-04  1.2879e-02  -1.1916e-02  +1.3101e-05  +1.2882e-02  -1.2869e-02        1    +2.9474e-05  1.0153e-05  1.2879e-02  -1.2869e-02  1.0000e-01  
     88    9.6316e-04  3.1250e-02  1.6984e-03  1.2846e-02  -1.1148e-02  +1.2867e-05  +1.2850e-02  -1.2837e-02        1    +3.0193e-05  9.8482e-06  1.2846e-02  -1.2837e-02  1.0000e-01  
     89    1.6984e-03  3.1250e-02  3.0846e-03  1.2902e-02  -9.8171e-03  +1.2841e-05  +1.2905e-02  -1.2892e-02        1    +3.2644e-05  9.5765e-06  1.2902e-02  -1.2892e-02  1.0000e-01  
     90    3.0846e-03  1.5625e-02  1.2448e-03  1.2850e-02  -1.1605e-02  +1.2418e-05  +1.2853e-02  -1.2841e-02        1    +2.9618e-05  9.4566e-06  1.2850e-02  -1.2841e-02  1.0000e-01  
     91    1.2448e-03  3.1250e-02  2.2646e-03  1.2890e-02  -1.0626e-02  +1.2272e-05  +1.2893e-02  -1.2881e-02        1    +3.0911e-05  9.1807e-06  1.2890e-02  -1.2881e-02  1.0000e-01  
     92    2.2646e-03  1.5625e-02  9.1292e-04  1.2852e-02  -1.1939e-02  +1.1981e-05  +1.2855e-02  -1.2843e-02        1    +2.9281e-05  9.0533e-06  1.2852e-02  -1.2843e-02  1.0000e-01  
     93    9.1292e-04  3.1250e-02  1.6647e-03  1.2881e-02  -1.1217e-02  +1.1776e-05  +1.2884e-02  -1.2872e-02        1    +2.9953e-05  8.7812e-06  1.2881e-02  -1.2872e-02  1.0000e-01  
     94    1.6647e-03  3.1250e-02  2.9692e-03  1.2825e-02  -9.8563e-03  +1.1767e-05  +1.2829e-02  -1.2817e-02        1    +3.2249e-05  8.5416e-06  1.2825e-02  -1.2817e-02  1.0000e-01  
     95    2.9692e-03  1.5625e-02  1.2258e-03  1.2874e-02  -1.1648e-02  +1.1377e-05  +1.2877e-02  -1.2866e-02        1    +2.9411e-05  8.4356e-06  1.2874e-02  -1.2866e-02  1.0000e-01  
     96    1.2258e-03  3.1250e-02  2.1746e-03  1.2833e-02  -1.0658e-02  +1.1253e-05  +1.2836e-02  -1.2825e-02        1    +3.0620e-05  8.1911e-06  1.2833e-02  -1.2825e-02  1.0000e-01  
     97    2.1746e-03  1.5625e-02  9.0460e-04  1.2869e-02  -1.1964e-02  +1.0987e-05  +1.2872e-02  -1.2861e-02        1    +2.9091e-05  8.0779e-06  1.2869e-02  -1.2861e-02  1.0000e-01  
     98    9.0460e-04  3.1250e-02  1.5934e-03  1.2838e-02  -1.1245e-02  +1.0808e-05  +1.2841e-02  -1.2830e-02        1    +2.9719e-05  7.8361e-06  1.2838e-02  -1.2830e-02  1.0000e-01  
     99    1.5934e-03  1.5625e-02  6.6962e-04  1.2864e-02  -1.2194e-02  +1.0611e-05  +1.2867e-02  -1.2856e-02        1    +2.8890e-05  7.7216e-06  1.2864e-02  -1.2856e-02  1.0000e-01  
=========================================================
Total gradient evaluations: 1.280e+04 
