=========================================================
*                                                       *
*  Samples: 2.56e+02; epsilon: 3.1937e-04; varepson:3.1937e-04 *
*                                                       *
=========================================================
     Iter   search_dire    stepsize    KKT_inf    eKKT_inf    KKT-eKKT      merit     e_merit     mrt-emrt      rank          f           c           ec        c-ec         tau    
initial    0.0000e+00  0.0000e+00  1.1225e-03  1.2864e-02  -1.1742e-02  +1.1254e-03  +1.2867e-02  -1.1742e-02        1    +2.8890e-05  1.1225e-03  1.2864e-02  -1.1742e-02  1.0000e-01  
      1    6.6656e-04  1.0000e+00  5.7434e-02  5.7576e-02  -1.4213e-04  +1.3512e-04  +1.0857e-02  -1.0722e-02        1    +1.2951e-03  5.6124e-06  1.0727e-02  -1.0722e-02  1.0000e-01  
      2    5.7434e-02  1.5625e-02  2.3456e-02  2.3459e-02  -2.9621e-06  +3.8235e-05  +1.2095e-02  -1.2057e-02        1    +2.3828e-04  1.4407e-05  1.2071e-02  -1.2057e-02  1.0000e-01  
      3    2.3456e-02  1.5625e-02  9.5716e-03  1.1518e-02  -1.9468e-03  +2.1946e-05  +1.1525e-02  -1.1503e-02        1    +6.2542e-05  1.5692e-05  1.1518e-02  -1.1503e-02  1.0000e-01  
      4    9.5716e-03  1.5625e-02  3.9332e-03  1.1743e-02  -7.8103e-03  +1.9023e-05  +1.1747e-02  -1.1728e-02        1    +3.3191e-05  1.5704e-05  1.1743e-02  -1.1728e-02  1.0000e-01  
      5    3.9332e-03  1.5625e-02  1.6021e-03  1.1651e-02  -1.0049e-02  +1.8328e-05  +1.1654e-02  -1.1636e-02        1    +2.8282e-05  1.5499e-05  1.1651e-02  -1.1636e-02  1.0000e-01  
      6    1.6021e-03  3.1250e-02  2.9262e-03  1.1726e-02  -8.7995e-03  +1.8096e-05  +1.1729e-02  -1.1711e-02        1    +3.0494e-05  1.5046e-05  1.1726e-02  -1.1711e-02  1.0000e-01  
      7    2.9262e-03  1.5625e-02  1.1898e-03  1.1657e-02  -1.0467e-02  +1.7612e-05  +1.1660e-02  -1.1642e-02        1    +2.7784e-05  1.4834e-05  1.1657e-02  -1.1642e-02  1.0000e-01  
      8    1.1898e-03  3.1250e-02  2.1781e-03  1.1712e-02  -9.5338e-03  +1.7286e-05  +1.1715e-02  -1.1697e-02        1    +2.8984e-05  1.4388e-05  1.1712e-02  -1.1697e-02  1.0000e-01  
      9    2.1781e-03  1.5625e-02  8.8445e-04  1.1661e-02  -1.0776e-02  +1.6924e-05  +1.1663e-02  -1.1647e-02        1    +2.7483e-05  1.4175e-05  1.1661e-02  -1.1647e-02  1.0000e-01  
     10    8.8445e-04  6.2500e-02  4.0975e-03  1.1742e-02  -7.6440e-03  +1.6676e-05  +1.1745e-02  -1.1728e-02        1    +3.3473e-05  1.3329e-05  1.1742e-02  -1.1728e-02  1.0000e-01  
     11    4.0975e-03  1.5625e-02  1.6676e-03  1.1645e-02  -9.9775e-03  +1.5981e-05  +1.1648e-02  -1.1632e-02        1    +2.8151e-05  1.3166e-05  1.1645e-02  -1.1632e-02  1.0000e-01  
     12    1.6676e-03  3.1250e-02  3.0472e-03  1.1722e-02  -8.6752e-03  +1.5842e-05  +1.1725e-02  -1.1710e-02        1    +3.0555e-05  1.2787e-05  1.1722e-02  -1.1710e-02  1.0000e-01  
     13    3.0472e-03  1.5625e-02  1.2393e-03  1.1651e-02  -1.0411e-02  +1.5373e-05  +1.1654e-02  -1.1638e-02        1    +2.7616e-05  1.2612e-05  1.1651e-02  -1.1638e-02  1.0000e-01  
     14    1.2393e-03  3.1250e-02  2.2679e-03  1.1708e-02  -9.4399e-03  +1.5128e-05  +1.1711e-02  -1.1696e-02        1    +2.8923e-05  1.2236e-05  1.1708e-02  -1.1696e-02  1.0000e-01  
     15    2.2679e-03  1.5625e-02  9.2155e-04  1.1655e-02  -1.0733e-02  +1.4788e-05  +1.1657e-02  -1.1642e-02        1    +2.7296e-05  1.2058e-05  1.1655e-02  -1.1642e-02  1.0000e-01  
     16    9.2155e-04  6.2500e-02  4.2686e-03  1.1739e-02  -7.4700e-03  +1.4728e-05  +1.1742e-02  -1.1727e-02        1    +3.3809e-05  1.1347e-05  1.1739e-02  -1.1727e-02  1.0000e-01  
     17    4.2686e-03  1.5625e-02  1.7380e-03  1.1638e-02  -9.9002e-03  +1.4022e-05  +1.1641e-02  -1.1627e-02        1    +2.8032e-05  1.1219e-05  1.1638e-02  -1.1627e-02  1.0000e-01  
     18    1.7380e-03  3.1250e-02  3.1747e-03  1.1719e-02  -8.5440e-03  +1.3967e-05  +1.1722e-02  -1.1708e-02        1    +3.0647e-05  1.0903e-05  1.1719e-02  -1.1708e-02  1.0000e-01  
     19    3.1747e-03  1.5625e-02  1.2918e-03  1.1644e-02  -1.0352e-02  +1.3505e-05  +1.1647e-02  -1.1633e-02        1    +2.7456e-05  1.0759e-05  1.1644e-02  -1.1633e-02  1.0000e-01  
     20    1.2918e-03  3.1250e-02  2.3629e-03  1.1703e-02  -9.3406e-03  +1.3331e-05  +1.1706e-02  -1.1693e-02        1    +2.8880e-05  1.0443e-05  1.1703e-02  -1.1693e-02  1.0000e-01  
     21    2.3629e-03  1.5625e-02  9.6066e-04  1.1648e-02  -1.0687e-02  +1.3006e-05  +1.1651e-02  -1.1638e-02        1    +2.7114e-05  1.0295e-05  1.1648e-02  -1.1638e-02  1.0000e-01  
     22    9.6066e-04  3.1250e-02  1.7604e-03  1.1692e-02  -9.9313e-03  +1.2772e-05  +1.1695e-02  -1.1682e-02        1    +2.7882e-05  9.9841e-06  1.1692e-02  -1.1682e-02  1.0000e-01  
     23    1.7604e-03  3.1250e-02  3.1548e-03  1.1609e-02  -8.4542e-03  +1.2755e-05  +1.1612e-02  -1.1599e-02        1    +3.0503e-05  9.7052e-06  1.1609e-02  -1.1599e-02  1.0000e-01  
     24    3.1548e-03  1.5625e-02  1.3132e-03  1.1683e-02  -1.0369e-02  +1.2312e-05  +1.1685e-02  -1.1673e-02        1    +2.7306e-05  9.5814e-06  1.1683e-02  -1.1673e-02  1.0000e-01  
     25    1.3132e-03  3.1250e-02  2.3435e-03  1.1621e-02  -9.2775e-03  +1.2174e-05  +1.1624e-02  -1.1612e-02        1    +2.8733e-05  9.3004e-06  1.1621e-02  -1.1612e-02  1.0000e-01  
     26    2.3435e-03  1.5625e-02  9.8131e-04  1.1675e-02  -1.0694e-02  +1.1867e-05  +1.1678e-02  -1.1666e-02        1    +2.6964e-05  9.1706e-06  1.1675e-02  -1.1666e-02  1.0000e-01  
     27    9.8131e-04  3.1250e-02  1.7414e-03  1.1629e-02  -9.8880e-03  +1.1668e-05  +1.1632e-02  -1.1620e-02        1    +2.7733e-05  8.8944e-06  1.1629e-02  -1.1620e-02  1.0000e-01  
     28    1.7414e-03  1.5625e-02  7.3498e-04  1.1670e-02  -1.0935e-02  +1.1439e-05  +1.1672e-02  -1.1661e-02        1    +2.6750e-05  8.7641e-06  1.1670e-02  -1.1661e-02  1.0000e-01  
     29    7.3498e-04  6.2500e-02  3.2901e-03  1.1601e-02  -8.3105e-03  +1.1303e-05  +1.1604e-02  -1.1592e-02        1    +3.0631e-05  8.2403e-06  1.1601e-02  -1.1592e-02  1.0000e-01  
     30    3.2901e-03  1.5625e-02  1.3684e-03  1.1677e-02  -1.0309e-02  +1.0857e-05  +1.1680e-02  -1.1669e-02        1    +2.7155e-05  8.1417e-06  1.1677e-02  -1.1669e-02  1.0000e-01  
     31    1.3684e-03  3.1250e-02  2.4443e-03  1.1613e-02  -9.1687e-03  +1.0779e-05  +1.1616e-02  -1.1605e-02        1    +2.8712e-05  7.9073e-06  1.1613e-02  -1.1605e-02  1.0000e-01  
     32    2.4443e-03  1.5625e-02  1.0224e-03  1.1670e-02  -1.0648e-02  +1.0479e-05  +1.1673e-02  -1.1662e-02        1    +2.6789e-05  7.8005e-06  1.1670e-02  -1.1662e-02  1.0000e-01  
     33    1.0224e-03  3.1250e-02  1.8165e-03  1.1622e-02  -9.8053e-03  +1.0331e-05  +1.1625e-02  -1.1614e-02        1    +2.7630e-05  7.5680e-06  1.1622e-02  -1.1614e-02  1.0000e-01  
     34    1.8165e-03  1.5625e-02  7.6551e-04  1.1664e-02  -1.0898e-02  +1.0115e-05  +1.1667e-02  -1.1656e-02        1    +2.6562e-05  7.4592e-06  1.1664e-02  -1.1656e-02  1.0000e-01  
     35    7.6551e-04  6.2500e-02  3.4330e-03  1.1592e-02  -8.1589e-03  +1.0098e-05  +1.1595e-02  -1.1585e-02        1    +3.0795e-05  7.0188e-06  1.1592e-02  -1.1585e-02  1.0000e-01  
     36    3.4330e-03  1.5625e-02  1.4267e-03  1.1672e-02  -1.0245e-02  +9.6432e-06  +1.1675e-02  -1.1665e-02        1    +2.7013e-05  6.9419e-06  1.1672e-02  -1.1665e-02  1.0000e-01  
     37    1.4267e-03  3.1250e-02  2.5508e-03  1.1605e-02  -9.0541e-03  +9.6180e-06  +1.1608e-02  -1.1598e-02        1    +2.8713e-05  6.7467e-06  1.1605e-02  -1.1598e-02  1.0000e-01  
     38    2.5508e-03  1.5625e-02  1.0658e-03  1.1664e-02  -1.0598e-02  +9.3214e-06  +1.1667e-02  -1.1658e-02        1    +2.6619e-05  6.6595e-06  1.1664e-02  -1.1658e-02  1.0000e-01  
     39    1.0658e-03  3.1250e-02  1.8960e-03  1.1614e-02  -9.7181e-03  +9.2176e-06  +1.1617e-02  -1.1608e-02        1    +2.7540e-05  6.4636e-06  1.1614e-02  -1.1608e-02  1.0000e-01  
     40    1.8960e-03  1.5625e-02  7.9781e-04  1.1658e-02  -1.0860e-02  +9.0105e-06  +1.1661e-02  -1.1652e-02        1    +2.6377e-05  6.3728e-06  1.1658e-02  -1.1652e-02  1.0000e-01  
     41    7.9781e-04  3.1250e-02  1.4098e-03  1.1620e-02  -1.0211e-02  +8.8675e-06  +1.1623e-02  -1.1614e-02        1    +2.6869e-05  6.1806e-06  1.1620e-02  -1.1614e-02  1.0000e-01  
     42    1.4098e-03  1.5625e-02  5.9884e-04  1.1653e-02  -1.1054e-02  +8.7118e-06  +1.1656e-02  -1.1647e-02        1    +2.6220e-05  6.0898e-06  1.1653e-02  -1.1647e-02  1.0000e-01  
     43    5.9884e-04  6.2500e-02  2.6634e-03  1.1597e-02  -8.9332e-03  +8.5993e-06  +1.1599e-02  -1.1591e-02        1    +2.8737e-05  5.7257e-06  1.1597e-02  -1.1591e-02  1.0000e-01  
     44    2.6634e-03  1.5625e-02  1.1117e-03  1.1659e-02  -1.0547e-02  +8.3016e-06  +1.1661e-02  -1.1653e-02        1    +2.6456e-05  5.6561e-06  1.1659e-02  -1.1653e-02  1.0000e-01  
     45    1.1117e-03  3.1250e-02  1.9799e-03  1.1606e-02  -9.6263e-03  +8.2389e-06  +1.1609e-02  -1.1601e-02        1    +2.7464e-05  5.4925e-06  1.1606e-02  -1.1601e-02  1.0000e-01  
     46    1.9799e-03  1.5625e-02  8.3199e-04  1.1652e-02  -1.0820e-02  +8.0375e-06  +1.1655e-02  -1.1647e-02        1    +2.6198e-05  5.4178e-06  1.1652e-02  -1.1647e-02  1.0000e-01  
     47    8.3199e-04  3.1250e-02  1.4724e-03  1.1613e-02  -1.0141e-02  +7.9298e-06  +1.1616e-02  -1.1608e-02        1    +2.6738e-05  5.2560e-06  1.1613e-02  -1.1608e-02  1.0000e-01  
     48    1.4724e-03  1.5625e-02  6.2426e-04  1.1647e-02  -1.1023e-02  +7.7832e-06  +1.1650e-02  -1.1642e-02        1    +2.6031e-05  5.1801e-06  1.1647e-02  -1.1642e-02  1.0000e-01  
     49    6.2426e-04  6.2500e-02  2.7825e-03  1.1588e-02  -8.8056e-03  +7.7527e-06  +1.1591e-02  -1.1583e-02        1    +2.8786e-05  4.8741e-06  1.1588e-02  -1.1583e-02  1.0000e-01  
     50    2.7825e-03  1.5625e-02  1.1603e-03  1.1653e-02  -1.0493e-02  +7.4493e-06  +1.1656e-02  -1.1648e-02        1    +2.6298e-05  4.8195e-06  1.1653e-02  -1.1648e-02  1.0000e-01  
     51    1.1603e-03  3.1250e-02  2.0687e-03  1.1598e-02  -9.5296e-03  +7.4236e-06  +1.1601e-02  -1.1594e-02        1    +2.7403e-05  4.6833e-06  1.1598e-02  -1.1594e-02  1.0000e-01  
     52    2.0687e-03  1.5625e-02  8.6817e-04  1.1646e-02  -1.0778e-02  +7.2244e-06  +1.1649e-02  -1.1642e-02        1    +2.6022e-05  4.6222e-06  1.1646e-02  -1.1642e-02  1.0000e-01  
     53    8.6817e-04  3.1250e-02  1.5386e-03  1.1605e-02  -1.0067e-02  +7.1475e-06  +1.1608e-02  -1.1601e-02        1    +2.6616e-05  4.4859e-06  1.1605e-02  -1.1601e-02  1.0000e-01  
     54    1.5386e-03  1.5625e-02  6.5117e-04  1.1641e-02  -1.0990e-02  +7.0072e-06  +1.1643e-02  -1.1636e-02        1    +2.5846e-05  4.4226e-06  1.1641e-02  -1.1636e-02  1.0000e-01  
     55    6.5117e-04  3.1250e-02  1.1449e-03  1.1610e-02  -1.0465e-02  +6.9049e-06  +1.1613e-02  -1.1606e-02        1    +2.6158e-05  4.2891e-06  1.1610e-02  -1.1606e-02  1.0000e-01  
     56    1.1449e-03  3.1250e-02  2.0948e-03  1.1663e-02  -9.5678e-03  +6.8975e-06  +1.1665e-02  -1.1658e-02        1    +2.7270e-05  4.1705e-06  1.1663e-02  -1.1658e-02  1.0000e-01  
     57    2.0948e-03  1.5625e-02  8.5247e-04  1.1613e-02  -1.0761e-02  +6.7051e-06  +1.1616e-02  -1.1609e-02        1    +2.5881e-05  4.1170e-06  1.1613e-02  -1.1609e-02  1.0000e-01  
     58    8.5247e-04  3.1250e-02  1.5626e-03  1.1652e-02  -1.0089e-02  +6.6453e-06  +1.1655e-02  -1.1648e-02        1    +2.6479e-05  3.9973e-06  1.1652e-02  -1.1648e-02  1.0000e-01  
     59    1.5626e-03  1.5625e-02  6.3524e-04  1.1615e-02  -1.0980e-02  +6.5118e-06  +1.1618e-02  -1.1611e-02        1    +2.5704e-05  3.9413e-06  1.1615e-02  -1.1611e-02  1.0000e-01  
     60    6.3524e-04  3.1250e-02  1.1672e-03  1.1644e-02  -1.0476e-02  +6.4254e-06  +1.1646e-02  -1.1640e-02        1    +2.6019e-05  3.8235e-06  1.1644e-02  -1.1640e-02  1.0000e-01  
     61    1.1672e-03  1.5625e-02  4.7664e-04  1.1616e-02  -1.1139e-02  +6.3258e-06  +1.1619e-02  -1.1612e-02        1    +2.5583e-05  3.7674e-06  1.1616e-02  -1.1612e-02  1.0000e-01  
     62    4.7664e-04  6.2500e-02  2.1901e-03  1.1658e-02  -9.4675e-03  +6.2684e-06  +1.1660e-02  -1.1654e-02        1    +2.7231e-05  3.5453e-06  1.1658e-02  -1.1654e-02  1.0000e-01  
     63    2.1901e-03  1.5625e-02  8.9157e-04  1.1606e-02  -1.0715e-02  +6.0739e-06  +1.1609e-02  -1.1603e-02        1    +2.5712e-05  3.5027e-06  1.1606e-02  -1.1603e-02  1.0000e-01  
     64    8.9157e-04  3.1250e-02  1.6337e-03  1.1647e-02  -1.0013e-02  +6.0401e-06  +1.1649e-02  -1.1643e-02        1    +2.6371e-05  3.4029e-06  1.1647e-02  -1.1643e-02  1.0000e-01  
     65    1.6337e-03  1.5625e-02  6.6440e-04  1.1608e-02  -1.0944e-02  +5.9093e-06  +1.1611e-02  -1.1605e-02        1    +2.5525e-05  3.3568e-06  1.1608e-02  -1.1605e-02  1.0000e-01  
     66    6.6440e-04  3.1250e-02  1.2202e-03  1.1638e-02  -1.0418e-02  +5.8450e-06  +1.1640e-02  -1.1635e-02        1    +2.5873e-05  3.2577e-06  1.1638e-02  -1.1635e-02  1.0000e-01  
     67    1.2202e-03  1.5625e-02  4.9725e-04  1.1609e-02  -1.1112e-02  +5.7505e-06  +1.1612e-02  -1.1606e-02        1    +2.5398e-05  3.2107e-06  1.1609e-02  -1.1606e-02  1.0000e-01  
     68    4.9725e-04  6.2500e-02  2.2911e-03  1.1653e-02  -9.3617e-03  +5.7454e-06  +1.1656e-02  -1.1650e-02        1    +2.7211e-05  3.0244e-06  1.1653e-02  -1.1650e-02  1.0000e-01  
     69    2.2911e-03  1.5625e-02  9.3299e-04  1.1599e-02  -1.0666e-02  +5.5459e-06  +1.1601e-02  -1.1596e-02        1    +2.5549e-05  2.9911e-06  1.1599e-02  -1.1596e-02  1.0000e-01  
     70    9.3299e-04  3.1250e-02  1.7090e-03  1.1641e-02  -9.9323e-03  +5.5356e-06  +1.1644e-02  -1.1638e-02        1    +2.6275e-05  2.9081e-06  1.1641e-02  -1.1638e-02  1.0000e-01  
     71    1.7090e-03  1.5625e-02  6.9530e-04  1.1601e-02  -1.0906e-02  +5.4053e-06  +1.1604e-02  -1.1598e-02        1    +2.5349e-05  2.8704e-06  1.1601e-02  -1.1598e-02  1.0000e-01  
     72    6.9530e-04  3.1250e-02  1.2763e-03  1.1632e-02  -1.0356e-02  +5.3604e-06  +1.1635e-02  -1.1629e-02        1    +2.5735e-05  2.7869e-06  1.1632e-02  -1.1629e-02  1.0000e-01  
     73    1.2763e-03  1.5625e-02  5.1910e-04  1.1602e-02  -1.1083e-02  +5.2692e-06  +1.1605e-02  -1.1599e-02        1    +2.5215e-05  2.7477e-06  1.1602e-02  -1.1599e-02  1.0000e-01  
     74    5.1910e-04  3.1250e-02  9.5476e-04  1.1625e-02  -1.0670e-02  +5.2070e-06  +1.1628e-02  -1.1622e-02        1    +2.5413e-05  2.6657e-06  1.1625e-02  -1.1622e-02  1.0000e-01  
     75    9.5476e-04  3.1250e-02  1.6976e-03  1.1580e-02  -9.8825e-03  +5.2067e-06  +1.1583e-02  -1.1578e-02        1    +2.6146e-05  2.5921e-06  1.1580e-02  -1.1578e-02  1.0000e-01  
     76    1.6976e-03  1.5625e-02  7.1570e-04  1.1619e-02  -1.0904e-02  +5.0810e-06  +1.1622e-02  -1.1617e-02        1    +2.5212e-05  2.5598e-06  1.1619e-02  -1.1617e-02  1.0000e-01  
     77    7.1570e-04  3.1250e-02  1.2637e-03  1.1586e-02  -1.0322e-02  +5.0456e-06  +1.1588e-02  -1.1583e-02        1    +2.5602e-05  2.4854e-06  1.1586e-02  -1.1583e-02  1.0000e-01  
     78    1.2637e-03  1.5625e-02  5.3801e-04  1.1615e-02  -1.1077e-02  +4.9590e-06  +1.1617e-02  -1.1612e-02        1    +2.5079e-05  2.4512e-06  1.1615e-02  -1.1612e-02  1.0000e-01  
     79    5.3801e-04  3.1250e-02  9.4126e-04  1.1589e-02  -1.0648e-02  +4.9058e-06  +1.1592e-02  -1.1587e-02        1    +2.5279e-05  2.3779e-06  1.1589e-02  -1.1587e-02  1.0000e-01  
     80    9.4126e-04  1.5625e-02  4.0591e-04  1.1611e-02  -1.1205e-02  +4.8416e-06  +1.1613e-02  -1.1608e-02        1    +2.4982e-05  2.3435e-06  1.1611e-02  -1.1608e-02  1.0000e-01  
     81    4.0591e-04  6.2500e-02  1.7782e-03  1.1572e-02  -9.7941e-03  +4.8120e-06  +1.1575e-02  -1.1570e-02        1    +2.6065e-05  2.2055e-06  1.1572e-02  -1.1570e-02  1.0000e-01  
     82    1.7782e-03  1.5625e-02  7.4855e-04  1.1613e-02  -1.0865e-02  +4.6842e-06  +1.1616e-02  -1.1611e-02        1    +2.5042e-05  2.1800e-06  1.1613e-02  -1.1611e-02  1.0000e-01  
     83    7.4855e-04  3.1250e-02  1.3239e-03  1.1578e-02  -1.0254e-02  +4.6653e-06  +1.1581e-02  -1.1576e-02        1    +2.5474e-05  2.1179e-06  1.1578e-02  -1.1576e-02  1.0000e-01  
     84    1.3239e-03  1.5625e-02  5.6246e-04  1.1609e-02  -1.1046e-02  +4.5800e-06  +1.1611e-02  -1.1606e-02        1    +2.4901e-05  2.0899e-06  1.1609e-02  -1.1606e-02  1.0000e-01  
     85    5.6246e-04  3.1250e-02  9.8612e-04  1.1582e-02  -1.0596e-02  +4.5406e-06  +1.1585e-02  -1.1580e-02        1    +2.5124e-05  2.0282e-06  1.1582e-02  -1.1580e-02  1.0000e-01  
     86    9.8612e-04  1.5625e-02  4.2410e-04  1.1604e-02  -1.1180e-02  +4.4794e-06  +1.1607e-02  -1.1602e-02        1    +2.4800e-05  1.9994e-06  1.1604e-02  -1.1602e-02  1.0000e-01  
     87    4.2410e-04  3.1250e-02  7.3504e-04  1.1584e-02  -1.0849e-02  +4.4300e-06  +1.1587e-02  -1.1583e-02        1    +2.4909e-05  1.9392e-06  1.1584e-02  -1.1583e-02  1.0000e-01  
     88    7.3504e-04  3.1250e-02  1.3485e-03  1.1618e-02  -1.0269e-02  +4.4200e-06  +1.1620e-02  -1.1616e-02        1    +2.5346e-05  1.8854e-06  1.1618e-02  -1.1616e-02  1.0000e-01  
     89    1.3485e-03  1.5625e-02  5.4839e-04  1.1586e-02  -1.1037e-02  +4.3374e-06  +1.1588e-02  -1.1584e-02        1    +2.4767e-05  1.8608e-06  1.1586e-02  -1.1584e-02  1.0000e-01  
     90    5.4839e-04  3.1250e-02  1.0087e-03  1.1610e-02  -1.0601e-02  +4.3061e-06  +1.1613e-02  -1.1608e-02        1    +2.4993e-05  1.8068e-06  1.1610e-02  -1.1608e-02  1.0000e-01  
     91    1.0087e-03  1.5625e-02  4.1368e-04  1.1586e-02  -1.1173e-02  +4.2478e-06  +1.1589e-02  -1.1585e-02        1    +2.4666e-05  1.7812e-06  1.1586e-02  -1.1585e-02  1.0000e-01  
     92    4.1368e-04  3.1250e-02  7.5596e-04  1.1604e-02  -1.0848e-02  +4.2059e-06  +1.1607e-02  -1.1602e-02        1    +2.4776e-05  1.7282e-06  1.1604e-02  -1.1602e-02  1.0000e-01  
     93    7.5596e-04  3.1250e-02  1.3380e-03  1.1569e-02  -1.0231e-02  +4.2023e-06  +1.1571e-02  -1.1567e-02        1    +2.5219e-05  1.6804e-06  1.1569e-02  -1.1567e-02  1.0000e-01  
     94    1.3380e-03  1.5625e-02  5.6802e-04  1.1599e-02  -1.1031e-02  +4.1227e-06  +1.1602e-02  -1.1598e-02        1    +2.4634e-05  1.6593e-06  1.1599e-02  -1.1598e-02  1.0000e-01  
     95    5.6802e-04  3.1250e-02  9.9688e-04  1.1572e-02  -1.0576e-02  +4.0975e-06  +1.1575e-02  -1.1571e-02        1    +2.4864e-05  1.6111e-06  1.1572e-02  -1.1571e-02  1.0000e-01  
     96    9.9688e-04  1.5625e-02  4.2825e-04  1.1595e-02  -1.1167e-02  +4.0422e-06  +1.1598e-02  -1.1594e-02        1    +2.4533e-05  1.5889e-06  1.1595e-02  -1.1594e-02  1.0000e-01  
     97    4.2825e-04  3.1250e-02  7.4321e-04  1.1575e-02  -1.0832e-02  +4.0060e-06  +1.1577e-02  -1.1573e-02        1    +2.4645e-05  1.5415e-06  1.1575e-02  -1.1573e-02  1.0000e-01  
     98    7.4321e-04  1.5625e-02  3.2429e-04  1.1592e-02  -1.1267e-02  +3.9646e-06  +1.1594e-02  -1.1590e-02        1    +2.4455e-05  1.5192e-06  1.1592e-02  -1.1590e-02  1.0000e-01  
     99    3.2429e-04  6.2500e-02  1.4035e-03  1.1561e-02  -1.0158e-02  +3.9408e-06  +1.1564e-02  -1.1560e-02        1    +2.5105e-05  1.4303e-06  1.1561e-02  -1.1560e-02  1.0000e-01  
    100    1.4035e-03  1.5625e-02  5.9470e-04  1.1593e-02  -1.0999e-02  +3.8599e-06  +1.1596e-02  -1.1592e-02        1    +2.4463e-05  1.4136e-06  1.1593e-02  -1.1592e-02  1.0000e-01  
    101    5.9470e-04  3.1250e-02  1.0458e-03  1.1565e-02  -1.0520e-02  +3.8454e-06  +1.1568e-02  -1.1564e-02        1    +2.4720e-05  1.3734e-06  1.1565e-02  -1.1564e-02  1.0000e-01  
    102    1.0458e-03  1.5625e-02  4.4810e-04  1.1589e-02  -1.1141e-02  +3.7909e-06  +1.1592e-02  -1.1588e-02        1    +2.4357e-05  1.3552e-06  1.1589e-02  -1.1588e-02  1.0000e-01  
    103    4.4810e-04  3.1250e-02  7.7970e-04  1.1568e-02  -1.0788e-02  +3.7637e-06  +1.1570e-02  -1.1567e-02        1    +2.4485e-05  1.3152e-06  1.1568e-02  -1.1567e-02  1.0000e-01  
    104    7.7970e-04  1.5625e-02  3.3905e-04  1.1586e-02  -1.1247e-02  +3.7243e-06  +1.1588e-02  -1.1584e-02        1    +2.4277e-05  1.2966e-06  1.1586e-02  -1.1584e-02  1.0000e-01  
    105    3.3905e-04  6.2500e-02  1.4730e-03  1.1554e-02  -1.0081e-02  +3.7220e-06  +1.1556e-02  -1.1552e-02        1    +2.5001e-05  1.2220e-06  1.1554e-02  -1.1552e-02  1.0000e-01  
    106    1.4730e-03  1.5625e-02  6.2303e-04  1.1588e-02  -1.0964e-02  +3.6386e-06  +1.1590e-02  -1.1586e-02        1    +2.4295e-05  1.2091e-06  1.1588e-02  -1.1586e-02  1.0000e-01  
    107    6.2303e-04  3.1250e-02  1.0977e-03  1.1558e-02  -1.0460e-02  +3.6338e-06  +1.1561e-02  -1.1557e-02        1    +2.4582e-05  1.1756e-06  1.1558e-02  -1.1557e-02  1.0000e-01  
    108    1.0977e-03  1.5625e-02  4.6920e-04  1.1583e-02  -1.1114e-02  +3.5792e-06  +1.1586e-02  -1.1582e-02        1    +2.4184e-05  1.1607e-06  1.1583e-02  -1.1582e-02  1.0000e-01  
    109    4.6920e-04  3.1250e-02  8.1843e-04  1.1561e-02  -1.0743e-02  +3.5599e-06  +1.1563e-02  -1.1560e-02        1    +2.4329e-05  1.1271e-06  1.1561e-02  -1.1560e-02  1.0000e-01  
    110    8.1843e-04  1.5625e-02  3.5474e-04  1.1580e-02  -1.1225e-02  +3.5216e-06  +1.1582e-02  -1.1578e-02        1    +2.4101e-05  1.1115e-06  1.1580e-02  -1.1578e-02  1.0000e-01  
    111    3.5474e-04  3.1250e-02  6.1071e-04  1.1563e-02  -1.0952e-02  +3.4952e-06  +1.1565e-02  -1.1562e-02        1    +2.4167e-05  1.0785e-06  1.1563e-02  -1.1562e-02  1.0000e-01  
    112    6.1071e-04  1.5625e-02  2.6958e-04  1.1576e-02  -1.1307e-02  +3.4662e-06  +1.1579e-02  -1.1575e-02        1    +2.4033e-05  1.0629e-06  1.1576e-02  -1.1575e-02  1.0000e-01  
=========================================================
Total gradient evaluations: 2.893e+04 
