=========================================================
*                                                       *
*  Samples: 2.56e+02; epsilon: 3.1937e-04; varepson:3.1937e-04 *
*                                                       *
=========================================================
     Iter   search_dire    stepsize    KKT_inf    eKKT_inf    KKT-eKKT      merit     e_merit     mrt-emrt      rank          f           c           ec        c-ec         tau    
initial    0.0000e+00  0.0000e+00  3.4551e-03  1.3035e-02  -9.5799e-03  +3.4715e-03  +1.3051e-02  -9.5799e-03        1    +1.6362e-04  3.4551e-03  1.3035e-02  -9.5799e-03  1.0000e-01  
      1    7.3985e-04  1.0000e+00  3.3188e-02  3.2732e-02  +4.5572e-04  +6.9747e-05  +1.7129e-02  -1.7059e-02        1    +4.1105e-04  2.8642e-05  1.7087e-02  -1.7059e-02  1.0000e-01  
      2    3.3188e-02  1.5625e-02  4.4604e-03  1.6637e-02  -1.2177e-02  +4.6237e-05  +1.6650e-02  -1.6604e-02        1    +1.3109e-04  3.3128e-05  1.6637e-02  -1.6604e-02  1.0000e-01  
      3    4.4604e-03  3.1250e-02  5.4391e-03  1.6752e-02  -1.1313e-02  +4.5658e-05  +1.6766e-02  -1.6720e-02        1    +1.3300e-04  3.2358e-05  1.6752e-02  -1.6720e-02  1.0000e-01  
      4    5.4391e-03  3.1250e-02  7.0172e-03  1.6614e-02  -9.5964e-03  +4.5470e-05  +1.6627e-02  -1.6582e-02        1    +1.3660e-04  3.1810e-05  1.6614e-02  -1.6582e-02  1.0000e-01  
      5    7.0172e-03  1.5625e-02  1.1299e-03  1.6707e-02  -1.5577e-02  +4.3982e-05  +1.6720e-02  -1.6676e-02        1    +1.2450e-04  3.1532e-05  1.6707e-02  -1.6676e-02  1.0000e-01  
      6    1.1299e-03  2.5000e-01  1.5145e-02  1.6577e-02  -1.4318e-03  +4.1994e-05  +1.6594e-02  -1.6552e-02        1    +1.7557e-04  2.4437e-05  1.6577e-02  -1.6552e-02  1.0000e-01  
      7    1.5145e-02  1.5625e-02  2.1267e-03  1.6779e-02  -1.4652e-02  +3.6965e-05  +1.6791e-02  -1.6754e-02        1    +1.1896e-04  2.5069e-05  1.6779e-02  -1.6754e-02  1.0000e-01  
      8    2.1267e-03  6.2500e-02  7.0066e-03  1.6690e-02  -9.6834e-03  +3.6530e-05  +1.6703e-02  -1.6666e-02        1    +1.2856e-04  2.3674e-05  1.6690e-02  -1.6666e-02  1.0000e-01  
      9    7.0066e-03  1.5625e-02  1.1177e-03  1.6784e-02  -1.5666e-02  +3.5174e-05  +1.6795e-02  -1.6760e-02        1    +1.1651e-04  2.3524e-05  1.6784e-02  -1.6760e-02  1.0000e-01  
     10    1.1177e-03  1.2500e-01  7.3433e-03  1.6714e-02  -9.3707e-03  +3.3452e-05  +1.6727e-02  -1.6693e-02        1    +1.2681e-04  2.0772e-05  1.6714e-02  -1.6693e-02  1.0000e-01  
     11    7.3433e-03  1.5625e-02  1.1596e-03  1.6813e-02  -1.5653e-02  +3.2053e-05  +1.6824e-02  -1.6792e-02        1    +1.1360e-04  2.0693e-05  1.6813e-02  -1.6792e-02  1.0000e-01  
     12    1.1596e-03  1.2500e-01  7.7260e-03  1.6739e-02  -9.0126e-03  +3.0834e-05  +1.6751e-02  -1.6720e-02        1    +1.2551e-04  1.8283e-05  1.6739e-02  -1.6720e-02  1.0000e-01  
     13    7.7260e-03  1.5625e-02  1.1998e-03  1.6842e-02  -1.5642e-02  +2.9347e-05  +1.6853e-02  -1.6824e-02        1    +1.1085e-04  1.8262e-05  1.6842e-02  -1.6824e-02  1.0000e-01  
     14    1.1998e-03  1.2500e-01  8.1989e-03  1.6758e-02  -8.5590e-03  +2.8679e-05  +1.6770e-02  -1.6742e-02        1    +1.2473e-04  1.6206e-05  1.6758e-02  -1.6742e-02  1.0000e-01  
     15    8.1989e-03  1.5625e-02  1.2626e-03  1.6868e-02  -1.5605e-02  +2.7087e-05  +1.6879e-02  -1.6852e-02        1    +1.0827e-04  1.6260e-05  1.6868e-02  -1.6852e-02  1.0000e-01  
     16    1.2626e-03  1.2500e-01  8.7216e-03  1.6779e-02  -8.0578e-03  +2.6887e-05  +1.6792e-02  -1.6765e-02        1    +1.2454e-04  1.4433e-05  1.6779e-02  -1.6765e-02  1.0000e-01  
     17    8.7216e-03  1.5625e-02  1.3192e-03  1.6896e-02  -1.5577e-02  +2.5125e-05  +1.6906e-02  -1.6881e-02        1    +1.0584e-04  1.4541e-05  1.6896e-02  -1.6881e-02  1.0000e-01  
     18    1.3192e-03  6.2500e-02  4.1934e-03  1.6845e-02  -1.2651e-02  +2.4567e-05  +1.6856e-02  -1.6831e-02        1    +1.0860e-04  1.3707e-05  1.6845e-02  -1.6831e-02  1.0000e-01  
     19    4.1934e-03  1.5625e-02  7.4985e-04  1.6901e-02  -1.6152e-02  +2.4005e-05  +1.6912e-02  -1.6888e-02        1    +1.0427e-04  1.3578e-05  1.6901e-02  -1.6888e-02  1.0000e-01  
     20    7.4985e-04  2.5000e-01  9.3677e-03  1.6831e-02  -7.4636e-03  +2.2734e-05  +1.6844e-02  -1.6821e-02        1    +1.2195e-04  1.0539e-05  1.6831e-02  -1.6821e-02  1.0000e-01  
     21    9.3677e-03  1.5625e-02  1.3981e-03  1.6956e-02  -1.5558e-02  +2.0796e-05  +1.6966e-02  -1.6946e-02        1    +1.0036e-04  1.0760e-05  1.6956e-02  -1.6946e-02  1.0000e-01  
     22    1.3981e-03  6.2500e-02  4.5491e-03  1.6899e-02  -1.2350e-02  +2.0575e-05  +1.6909e-02  -1.6889e-02        1    +1.0398e-04  1.0177e-05  1.6899e-02  -1.6889e-02  1.0000e-01  
     23    4.5491e-03  1.5625e-02  7.8558e-04  1.6960e-02  -1.6175e-02  +2.0008e-05  +1.6970e-02  -1.6950e-02        1    +9.8910e-05  1.0117e-05  1.6960e-02  -1.6950e-02  1.0000e-01  
     24    7.8558e-04  1.2500e-01  4.9416e-03  1.6917e-02  -1.1976e-02  +1.9234e-05  +1.6928e-02  -1.6908e-02        1    +1.0294e-04  8.9401e-06  1.6917e-02  -1.6908e-02  1.0000e-01  
     25    4.9416e-03  1.5625e-02  8.2928e-04  1.6984e-02  -1.6154e-02  +1.8607e-05  +1.6993e-02  -1.6975e-02        1    +9.6948e-05  8.9124e-06  1.6984e-02  -1.6975e-02  1.0000e-01  
     26    8.2928e-04  1.2500e-01  5.4128e-03  1.6932e-02  -1.1519e-02  +1.8134e-05  +1.6942e-02  -1.6924e-02        1    +1.0225e-04  7.9087e-06  1.6932e-02  -1.6924e-02  1.0000e-01  
     27    5.4128e-03  1.5625e-02  8.9149e-04  1.7005e-02  -1.6114e-02  +1.7434e-05  +1.7015e-02  -1.6997e-02        1    +9.5097e-05  7.9241e-06  1.7005e-02  -1.6997e-02  1.0000e-01  
     28    8.9149e-04  1.2500e-01  5.9356e-03  1.6948e-02  -1.1013e-02  +1.7233e-05  +1.6958e-02  -1.6941e-02        1    +1.0199e-04  7.0348e-06  1.6948e-02  -1.6941e-02  1.0000e-01  
     29    5.9356e-03  1.5625e-02  9.5125e-04  1.7028e-02  -1.6076e-02  +1.6419e-05  +1.7037e-02  -1.7021e-02        1    +9.3352e-05  7.0836e-06  1.7028e-02  -1.7021e-02  1.0000e-01  
     30    9.5125e-04  6.2500e-02  2.9557e-03  1.6993e-02  -1.4037e-02  +1.6125e-05  +1.7003e-02  -1.6987e-02        1    +9.4462e-05  6.6789e-06  1.6993e-02  -1.6987e-02  1.0000e-01  
     31    2.9557e-03  1.5625e-02  5.6529e-04  1.7033e-02  -1.6468e-02  +1.5847e-05  +1.7043e-02  -1.7027e-02        1    +9.2289e-05  6.6182e-06  1.7033e-02  -1.7027e-02  1.0000e-01  
     32    5.6529e-04  2.5000e-01  6.7658e-03  1.6987e-02  -1.0221e-02  +1.5262e-05  +1.6997e-02  -1.6982e-02        1    +1.0065e-04  5.1970e-06  1.6987e-02  -1.6982e-02  1.0000e-01  
     33    6.7658e-03  1.5625e-02  1.0545e-03  1.7078e-02  -1.6023e-02  +1.4264e-05  +1.7086e-02  -1.7072e-02        1    +8.9423e-05  5.3214e-06  1.7078e-02  -1.7072e-02  1.0000e-01  
     34    1.0545e-03  6.2500e-02  3.3891e-03  1.7036e-02  -1.3646e-02  +1.4164e-05  +1.7045e-02  -1.7030e-02        1    +9.1258e-05  5.0383e-06  1.7036e-02  -1.7030e-02  1.0000e-01  
     35    3.3891e-03  1.5625e-02  6.1330e-04  1.7081e-02  -1.6468e-02  +1.3860e-05  +1.7090e-02  -1.7076e-02        1    +8.8437e-05  5.0160e-06  1.7081e-02  -1.7076e-02  1.0000e-01  
     36    6.1330e-04  1.2500e-01  3.7798e-03  1.7050e-02  -1.3270e-02  +1.3498e-05  +1.7059e-02  -1.7046e-02        1    +9.0526e-05  4.4457e-06  1.7050e-02  -1.7046e-02  1.0000e-01  
     37    3.7798e-03  1.5625e-02  6.5913e-04  1.7101e-02  -1.6442e-02  +1.3146e-05  +1.7110e-02  -1.7096e-02        1    +8.7022e-05  4.4433e-06  1.7101e-02  -1.7096e-02  1.0000e-01  
     38    6.5913e-04  1.2500e-01  4.2483e-03  1.7061e-02  -1.2813e-02  +1.2967e-05  +1.7070e-02  -1.7057e-02        1    +9.0087e-05  3.9586e-06  1.7061e-02  -1.7057e-02  1.0000e-01  
     39    4.2483e-03  1.5625e-02  7.2165e-04  1.7119e-02  -1.6397e-02  +1.2553e-05  +1.7127e-02  -1.7115e-02        1    +8.5685e-05  3.9842e-06  1.7119e-02  -1.7115e-02  1.0000e-01  
     40    7.2165e-04  6.2500e-02  2.1639e-03  1.7096e-02  -1.4932e-02  +1.2361e-05  +1.7105e-02  -1.7092e-02        1    +8.6092e-05  3.7519e-06  1.7096e-02  -1.7092e-02  1.0000e-01  
     41    2.1639e-03  1.5625e-02  4.4028e-04  1.7125e-02  -1.6685e-02  +1.2207e-05  +1.7134e-02  -1.7122e-02        1    +8.4903e-05  3.7169e-06  1.7125e-02  -1.7122e-02  1.0000e-01  
     42    4.4028e-04  2.5000e-01  5.0441e-03  1.7093e-02  -1.2049e-02  +1.1852e-05  +1.7102e-02  -1.7090e-02        1    +8.8876e-05  2.9643e-06  1.7093e-02  -1.7090e-02  1.0000e-01  
     43    5.0441e-03  1.5625e-02  8.2190e-04  1.7161e-02  -1.6339e-02  +1.1307e-05  +1.7170e-02  -1.7158e-02        1    +8.2674e-05  3.0397e-06  1.7161e-02  -1.7158e-02  1.0000e-01  
     44    8.2190e-04  6.2500e-02  2.5772e-03  1.7132e-02  -1.4554e-02  +1.1232e-05  +1.7140e-02  -1.7129e-02        1    +8.3597e-05  2.8720e-06  1.7132e-02  -1.7129e-02  1.0000e-01  
     45    2.5772e-03  1.5625e-02  4.8727e-04  1.7167e-02  -1.6679e-02  +1.1055e-05  +1.7175e-02  -1.7164e-02        1    +8.1951e-05  2.8597e-06  1.7167e-02  -1.7164e-02  1.0000e-01  
     46    4.8727e-04  1.2500e-01  2.9344e-03  1.7143e-02  -1.4208e-02  +1.0842e-05  +1.7151e-02  -1.7140e-02        1    +8.2975e-05  2.5447e-06  1.7143e-02  -1.7140e-02  1.0000e-01  
     47    2.9344e-03  1.5625e-02  5.3371e-04  1.7183e-02  -1.6649e-02  +1.0634e-05  +1.7191e-02  -1.7180e-02        1    +8.0862e-05  2.5477e-06  1.7183e-02  -1.7180e-02  1.0000e-01  
     48    5.3371e-04  1.2500e-01  3.3477e-03  1.7154e-02  -1.3806e-02  +1.0528e-05  +1.7162e-02  -1.7151e-02        1    +8.2576e-05  2.2709e-06  1.7154e-02  -1.7151e-02  1.0000e-01  
     49    3.3477e-03  1.5625e-02  5.8495e-04  1.7199e-02  -1.6614e-02  +1.0272e-05  +1.7207e-02  -1.7197e-02        1    +7.9832e-05  2.2888e-06  1.7199e-02  -1.7197e-02  1.0000e-01  
     50    5.8495e-04  6.2500e-02  1.7449e-03  1.7180e-02  -1.5435e-02  +1.0161e-05  +1.7188e-02  -1.7178e-02        1    +8.0019e-05  2.1591e-06  1.7180e-02  -1.7178e-02  1.0000e-01  
     51    1.7449e-03  1.5625e-02  3.6789e-04  1.7204e-02  -1.6836e-02  +1.0065e-05  +1.7212e-02  -1.7202e-02        1    +7.9238e-05  2.1415e-06  1.7204e-02  -1.7202e-02  1.0000e-01  
     52    3.6789e-04  2.5000e-01  4.1178e-03  1.7180e-02  -1.3062e-02  +9.8965e-06  +1.7188e-02  -1.7178e-02        1    +8.1649e-05  1.7316e-06  1.7180e-02  -1.7178e-02  1.0000e-01  
     53    4.1178e-03  1.5625e-02  6.8352e-04  1.7236e-02  -1.6552e-02  +9.5352e-06  +1.7243e-02  -1.7234e-02        1    +7.7508e-05  1.7844e-06  1.7236e-02  -1.7234e-02  1.0000e-01  
     54    6.8352e-04  6.2500e-02  2.1472e-03  1.7211e-02  -1.5063e-02  +9.5014e-06  +1.7218e-02  -1.7209e-02        1    +7.8102e-05  1.6912e-06  1.7211e-02  -1.7209e-02  1.0000e-01  
     55    2.1472e-03  1.5625e-02  4.1526e-04  1.7240e-02  -1.6824e-02  +9.3839e-06  +1.7247e-02  -1.7238e-02        1    +7.6956e-05  1.6883e-06  1.7240e-02  -1.7238e-02  1.0000e-01  
     56    4.1526e-04  1.2500e-01  2.4791e-03  1.7220e-02  -1.4741e-02  +9.2689e-06  +1.7228e-02  -1.7219e-02        1    +7.7625e-05  1.5064e-06  1.7220e-02  -1.7219e-02  1.0000e-01  
     57    2.4791e-03  1.5625e-02  4.5704e-04  1.7254e-02  -1.6797e-02  +9.1243e-06  +1.7262e-02  -1.7253e-02        1    +7.6112e-05  1.5131e-06  1.7254e-02  -1.7253e-02  1.0000e-01  
     58    4.5704e-04  1.2500e-01  2.8789e-03  1.7229e-02  -1.4350e-02  +9.0909e-06  +1.7236e-02  -1.7227e-02        1    +7.7337e-05  1.3572e-06  1.7229e-02  -1.7227e-02  1.0000e-01  
     59    2.8789e-03  1.5625e-02  5.1047e-04  1.7268e-02  -1.6757e-02  +8.9082e-06  +1.7275e-02  -1.7266e-02        1    +7.5312e-05  1.3770e-06  1.7268e-02  -1.7266e-02  1.0000e-01  
     60    5.1047e-04  6.2500e-02  1.5213e-03  1.7252e-02  -1.5731e-02  +8.8444e-06  +1.7259e-02  -1.7251e-02        1    +7.5447e-05  1.2997e-06  1.7252e-02  -1.7251e-02  1.0000e-01  
     61    1.5213e-03  1.5625e-02  3.2187e-04  1.7273e-02  -1.6951e-02  +8.7766e-06  +1.7280e-02  -1.7271e-02        1    +7.4850e-05  1.2916e-06  1.7273e-02  -1.7271e-02  1.0000e-01  
     62    3.2187e-04  2.5000e-01  3.6511e-03  1.7250e-02  -1.3599e-02  +8.7386e-06  +1.7258e-02  -1.7249e-02        1    +7.6750e-05  1.0636e-06  1.7250e-02  -1.7249e-02  1.0000e-01  
     63    3.6511e-03  1.5625e-02  6.1148e-04  1.7300e-02  -1.6688e-02  +8.4619e-06  +1.7307e-02  -1.7299e-02        1    +7.3502e-05  1.1117e-06  1.7300e-02  -1.7299e-02  1.0000e-01  
     64    6.1148e-04  6.2500e-02  1.9276e-03  1.7277e-02  -1.5350e-02  +8.4543e-06  +1.7285e-02  -1.7276e-02        1    +7.3993e-05  1.0550e-06  1.7277e-02  -1.7276e-02  1.0000e-01  
     65    1.9276e-03  1.5625e-02  3.7148e-04  1.7304e-02  -1.6932e-02  +8.3643e-06  +1.7311e-02  -1.7303e-02        1    +7.3069e-05  1.0573e-06  1.7304e-02  -1.7303e-02  1.0000e-01  
     66    3.7148e-04  1.2500e-01  2.2603e-03  1.7285e-02  -1.5025e-02  +8.3144e-06  +1.7293e-02  -1.7284e-02        1    +7.3663e-05  9.4806e-07  1.7285e-02  -1.7284e-02  1.0000e-01  
     67    2.2603e-03  1.5625e-02  4.1567e-04  1.7316e-02  -1.6900e-02  +8.1997e-06  +1.7323e-02  -1.7315e-02        1    +7.2408e-05  9.5891e-07  1.7316e-02  -1.7315e-02  1.0000e-01  
     68    4.1567e-04  6.2500e-02  1.2125e-03  1.7304e-02  -1.6092e-02  +8.1474e-06  +1.7311e-02  -1.7303e-02        1    +7.2423e-05  9.0507e-07  1.7304e-02  -1.7303e-02  1.0000e-01  
     69    1.2125e-03  1.5625e-02  2.6868e-04  1.7321e-02  -1.7052e-02  +8.1023e-06  +1.7328e-02  -1.7320e-02        1    +7.2034e-05  8.9893e-07  1.7321e-02  -1.7320e-02  1.0000e-01  
=========================================================
Total gradient evaluations: 1.792e+04 
